Log likelihood: -4638.61
Branch lengths optimized: 71
Model parameters optimized: 5
R_AG: 4.82376
R_AT: 0.713767
R_CA: 1.40322
R_CG: 0.0806093
beta: 2.431
