Log likelihood: -3585.157056910906
independent parameters (includes branch lengths): 59
shared parameters: 4
number of branch lengths: 55
number of tip nodes: 29
number of internal branches: 26

global rate_alpha=1.687820934589464;
rate_alpha:>0.01;
rate_alpha:<1000;
global omega_mean=0.1328501115000028;
omega_mean:>0.001;
omega_mean:<100;
global kappa=12.98698055622864;
global omega_alpha=0.03079094238351149;
omega_alpha:>0.02;
omega_alpha:<100;
tree.TipSeq15_.t=0.006831893664304384;
tree.TipSeq29_.t=0.07158381195911569;
tree.TipSeq26_.t=0.02753199875828801;
tree.TipSeq7_.t=0.00674674527659976;
tree.Node22.t=0.06968990397892667;
tree.TipSeq23_.t=0;
tree.Node21.t=0.03444817804773111;
tree.TipSeq21_.t=0.05550788453062391;
tree.TipSeq12_.t=0;
tree.Node27.t=0.02777582666190447;
tree.TipSeq2_.t=0.006550416399874468;
tree.Node26.t=0.02801915725884277;
tree.Node20.t=0.05644330812404631;
tree.TipSeq18_.t=0.006317253324736445;
tree.Node19.t=0.02544406417279981;
tree.TipSeq16_.t=0.1622805014053155;
tree.Node18.t=0.01224849853928481;
tree.Node16.t=0.02599134941615644;
tree.Node14.t=0.006702590042221237;
tree.TipSeq9_.t=0.006793044977686167;
tree.Node13.t=0.01357928788899372;
tree.TipSeq5_.t=0;
tree.Node12.t=0.04833047993398907;
tree.TipSeq11_.t=0.06180924690589631;
tree.TipSeq1_.t=0;
tree.Node35.t=0.01354358060101183;
tree.Node11.t=0.02071888093218827;
tree.TipSeq4_.t=0.00664755075982146;
tree.Node10.t=0.06282202403686137;
tree.TipSeq19_.t=0.006564933101644794;
tree.Node9.t=0.006767951001651256;
tree.TipSeq10_.t=0.01387376067973307;
tree.Node8.t=0.03457997356164268;
tree.TipSeq13_.t=0.04135110179988043;
tree.Node7.t=0.05602998354516264;
tree.TipSeq14_.t=0.01357878638574061;
tree.Node6.t=0;
tree.TipSeq28_.t=0.02046005988442185;
tree.TipSeq8_.t=0.02049898320563603;
tree.Node43.t=0.006779880766312294;
tree.Node5.t=0.03447705358959374;
tree.TipSeq20_.t=0.01350613259245477;
tree.Node4.t=0.03511794027413325;
tree.TipSeq25_.t=0.006722708816183381;
tree.TipSeq6_.t=0.006835530997447181;
tree.Node47.t=0.01336100983416959;
tree.Node3.t=0.06883007688022102;
tree.TipSeq27_.t=0.03413381353883718;
tree.TipSeq22_.t=0;
tree.Node50.t=0.04363366145644123;
tree.Node2.t=0.1364720958800021;
tree.TipSeq3_.t=0.05631547871163277;
tree.Node1.t=0.03635488420329065;
tree.TipSeq17_.t=0.1059923111740138;
tree.TipSeq24_.t=0.1191864269741803;
Tree tree=(((((((((((((((TipSeq15_:0.0006745650918952179,(TipSeq29_:0.007068017019162361,(((((TipSeq26_:0.002718444721919509,TipSeq7_:0.0006661577406103458)Node22:0.00688101700518785,TipSeq23_:0)Node21:0.003401331977955573,((TipSeq21_:0.005480717802290611,TipSeq12_:0)Node27:0.002742519714928991,TipSeq2_:0.0006467726896600007)Node26:0.002766545605048184)Node20:0.005573079325063549,TipSeq18_:0.0006237507166997312)Node19:0.002512286977853617,TipSeq16_:0.01602319455222738)Node18:0.001209387901615177)Node16:0.002566324633973275)Node14:0.0006617979567495652,TipSeq9_:0.0006707292640638294)Node13:0.001340786908111712,TipSeq5_:0)Node12:0.004772037774585421,(TipSeq11_:0.006102899484062073,TipSeq1_:0)Node35:0.001337261254583953)Node11:0.002045733512073142,TipSeq4_:0.000656363507618157)Node10:0.006202898712971089,TipSeq19_:0.0006482060346072265)Node9:0.0006682515439642838,TipSeq10_:0.001369862458011383)Node8:0.003414345156632173,TipSeq13_:0.00408291041345489)Node7:0.005532268629488179,TipSeq14_:0.001340737390861497)Node6:0,(TipSeq28_:0.002020178131317851,TipSeq8_:0.002024021328393486)Node43:0.0006694294608333515)Node5:0.003404183080959688,TipSeq20_:0.001333563726405847)Node4:0.003467462722958452,(TipSeq25_:0.0006637844371126163,TipSeq6_:0.000674924233604133)Node47:0.001319234647004302)Node3:0.006796119702280043,(TipSeq27_:0.003370292366648592,TipSeq22_:0)Node50:0.004308284978713296)Node2:0.01347493336721891,TipSeq3_:0.005560457749909037)Node1:0.003589595653627571,TipSeq17_:0.01046543120260422,TipSeq24_:0.01176818712571206);
