# POSITION WT SITE_ENTROPY PI_A PI_C PI_D PI_E PI_F PI_G PI_H PI_I PI_K PI_L PI_M PI_N PI_P PI_Q PI_R PI_S PI_T PI_V PI_W PI_Y
1 M 3.60459 0.0200713 0.0243934 0.0385117 0.0406508 0.0338403 0.0260681 0.0810595 0.0341696 0.0349821 0.0207448 0.35609 0.0284454 0.0226786 0.0587358 0.0306285 0.0187893 0.0370564 0.026761 0.0358294 0.0304941
2 A 1.61856 0.781819 0.012349 0.0123445 0.0185729 0.012556 0.00454332 0.00798612 0.0128993 0.0117598 0.00394729 0.0428916 0.00926293 0.00187475 0.00794909 0.0129627 0.00592895 0.00583977 0.00980294 0.0151732 0.00953654
3 S 2.5609 0.0119005 0.00100414 0.000436694 0.00412484 0.267633 0.00110581 0.000192975 0.00763255 0.000466233 0.361028 0.0407739 0.00254039 0.000220734 0.00454034 0.00908703 0.0480085 0.0124788 0.0123612 0.162154 0.0523102
4 Q 2.84355 0.00472061 0.0123354 0.000306018 0.161871 0.0662735 0.000818437 0.0143913 0.17788 0.00260251 0.104845 5.88422e-05 0.0273599 0.000104352 0.0106619 8.20933e-05 0.00838652 0.0883272 0.00330162 0.000244466 0.315429
5 G 2.94094 0.0155628 0.142953 0.00161985 0.00354442 0.0382601 0.110638 0.000878929 0.00120953 0.0020563 0.000926464 0.00469599 0.002781 0.020099 0.000933313 0.224797 0.230713 0.154009 0.00210438 0.0162623 0.0259566
6 T 1.58946 0.00433041 0.00936203 0.0130806 0.0122227 0.0110032 0.00506598 0.0400996 0.00705225 0.00876298 0.00372679 0.0189371 0.011819 0.0083584 0.00673791 0.00576326 0.00519568 0.785756 0.00413254 0.0247853 0.0138085
7 K 1.87215 0.00496202 0.0474215 0.00734341 0.0163959 0.00687482 0.00284634 0.0387803 0.00625722 0.706698 0.00293812 0.0109006 0.0840542 0.00526069 0.0234271 0.00380246 0.00311091 0.0064336 0.00515981 0.0126599 0.00467279
8 R 2.05547 0.00544181 0.032242 0.0127493 0.00978485 0.011053 0.0187114 0.00556454 0.00374198 0.0116044 0.077692 0.0193416 0.00764249 0.00988683 0.0131488 0.687646 0.00423833 0.00690912 0.01391 0.0401116 0.00858044
9 S 2.59518 0.465224 0.00728331 0.00091824 0.00159491 0.0454028 0.00577946 0.00365073 0.00526552 0.00431755 0.102228 0.125808 0.000524252 0.0382823 0.00111809 0.00421027 0.131694 0.0278717 0.0169724 0.00284394 0.00901095
10 Y 1.90918 0.00247908 0.00171411 0.00151606 0.00328906 0.000784861 0.000391075 0.056369 0.00548735 0.000387779 0.237508 0.0196536 0.000462 0.0151416 0.0504989 0.00067048 0.00129253 0.00316707 0.57884 0.00058 0.0197673
11 E 3.27151 0.0486909 0.0467765 0.0635113 0.420913 0.0200114 0.00657996 0.0228893 0.0070805 0.0111201 0.00502019 0.0576443 0.054419 0.00678579 0.0375221 0.0340366 0.0328427 0.051557 0.0313678 0.0227721 0.0184591
12 Q 2.46194 0.0207849 0.000540964 0.00274908 0.000636128 0.0168895 2.25039e-05 0.4231 0.00340417 0.1178 0.0126628 0.0168293 0.267025 0.00355247 0.00795443 0.0264918 0.0616078 0.00606995 0.00102474 0.00778235 0.0030716
13 M 2.32091 0.0118525 0.00657838 0.0616971 0.027222 0.021285 0.0106611 0.00376243 0.0264204 0.00798695 0.0331466 0.642508 0.0279631 0.00358367 0.034046 0.0100766 0.0153614 0.00403845 0.00987326 0.0315738 0.0103635
14 E 2.70186 0.00613842 0.0124269 0.0887752 0.468987 0.0188904 0.00490742 0.0048653 0.0484854 0.0159071 0.0386576 0.0420505 0.184382 0.00178328 0.0064694 0.0155414 0.0114959 0.00932211 0.00741026 0.00907619 0.00442841
15 T 2.74927 0.00761238 0.0114505 0.0116169 0.016705 0.0227219 0.00449092 0.0445777 0.0416059 0.0265965 0.0216823 0.0178782 0.096112 0.00541883 0.0452638 0.00384706 0.0537701 0.532776 0.00822255 0.0172444 0.0104074
16 D 2.76102 0.0166703 0.0205532 0.524602 0.0372843 0.0282146 0.0155231 0.0129374 0.01038 0.0150781 0.0224828 0.089392 0.105472 0.0077314 0.0104779 0.00411895 0.0145022 0.0143158 0.0108212 0.0192299 0.0202124
17 G 3.0704 0.0100567 0.177344 0.011461 0.0148862 0.00931042 0.34788 0.0141579 0.00425907 0.00449537 0.00446698 0.0130825 0.0248493 0.0456996 0.112931 0.115742 0.0219947 0.0259998 0.00157062 0.0344366 0.00537606
18 E 3.21659 0.0484139 0.00784352 0.0647271 0.35339 0.0154019 0.0158854 0.166499 0.00540617 0.0189249 0.00268549 0.0183346 0.00516504 0.0304945 0.00751338 0.0147773 0.0569682 0.084675 0.0581339 0.012724 0.0120368
19 R 2.53113 0.0084636 0.0395149 0.0268269 0.0181739 0.0165795 0.00388384 0.0248671 0.0150506 0.0684133 0.00745486 0.0278989 0.00904298 0.00459447 0.0286356 0.599344 0.00477206 0.0282693 0.0139662 0.0151726 0.0390754
20 Q 1.73522 0.00253866 0.0229581 0.00888912 0.0210236 0.00925322 0.00273087 0.0138275 0.00716833 0.0160068 0.0199427 0.0255156 0.00685043 0.00793359 0.761151 0.028864 0.00398851 0.00542889 0.00590238 0.0220551 0.00797156
21 N 0.778236 0.000301058 0.00184866 0.0116363 0.000404319 0.000390061 0.00110252 0.00188151 0.00103867 0.0392455 0.00162338 0.900021 0.0114591 0.000968673 0.00334875 0.00200323 0.00332362 0.00874452 0.00164053 0.00607098 0.00294709
22 A 2.63464 0.132864 0.00950849 0.0017032 0.00166759 0.00779477 0.000688568 0.0116006 0.0172383 0.0579095 0.000418061 0.002556 0.0209089 0.0135057 0.0211585 0.0401817 0.0274883 0.139726 0.479232 0.00913654 0.00471353
23 T 2.88614 0.00611765 0.000722122 0.000313706 0.000479887 0.0192411 0.00247675 0.38865 0.0685524 0.032273 0.0118103 0.00254138 0.00614377 0.000453432 0.128416 0.113845 0.0864478 0.0279066 0.0123157 0.00150529 0.0897878
24 E 2.76031 0.0609919 0.0144121 0.0220111 0.403986 0.0029785 0.00249002 0.00329809 0.0356346 0.00795997 0.0251983 0.059889 0.00315119 0.00693857 0.258343 0.0315897 0.0103485 0.0317775 0.00341998 0.0113774 0.00420414
25 I 2.16994 0.00648695 0.00331038 0.00255064 0.00438497 0.00637027 0.0822371 0.00649208 0.240593 0.00266795 0.00809323 0.0352197 0.00621739 0.00272824 0.0175537 0.535603 0.00159132 0.00910085 0.0224407 0.00388921 0.0024704
26 R 2.49396 0.0043948 0.00794081 0.0346891 0.0160513 0.0158124 0.0189883 0.00600318 0.0595282 0.0103994 0.00687456 0.0176588 0.0115536 0.0153827 0.00802456 0.595747 0.010717 0.0169431 0.027563 0.0896813 0.0260468
27 A 1.28405 0.0494212 0.001524 0.00126436 0.00538306 0.00106107 0.00792627 0.00466584 0.000884545 0.00106061 0.00812619 0.00853825 0.0699711 0.00050247 0.00218686 0.00535979 0.0007947 0.0159698 0.804747 0.00184977 0.00876297
28 S 2.78275 0.0312546 0.00874914 0.00712982 0.00535609 0.0156584 0.13791 0.00586973 0.0125707 0.0106934 0.0660003 0.0126154 0.00908794 0.0109057 0.0388078 0.0223426 0.506562 0.022296 0.0192781 0.0355431 0.0213692
29 V 2.19759 0.0257892 0.0254628 0.0163386 0.00621386 0.0192646 0.0104474 0.0153762 0.0136961 0.00986117 0.0107999 0.0274859 0.0113985 0.0108433 0.0117521 0.0324904 0.043754 0.00865674 0.68012 0.0111381 0.00911153
30 G 3.20536 0.0899433 0.021246 0.00510915 0.0230806 0.00533202 0.40721 0.00471431 0.00640165 0.0920428 0.00864326 0.029574 0.0245165 0.0235841 0.0419449 0.0469953 0.070577 0.00420781 0.0334621 0.0345288 0.0268875
31 K 2.95469 0.0254951 0.274211 0.00929939 0.0296083 0.0132827 0.0165089 0.00830194 0.0526613 0.369222 0.0193764 0.0252797 0.0306234 0.0142068 0.00625526 0.0231905 0.0438147 0.0196725 0.00282612 0.00949374 0.00667017
32 M 2.87966 0.0197702 0.019488 0.0219192 0.0444872 0.0085126 0.0299609 0.0816496 0.0143253 0.0206324 0.00325205 0.517147 0.0365307 0.0434823 0.0286241 0.00503194 0.040671 0.00505982 0.0305987 0.0207186 0.00813855
33 I 3.31331 0.090558 0.0616765 0.00959814 0.012639 0.0126327 0.00806076 0.0023943 0.204234 0.00308305 0.0843401 0.241404 0.0135043 0.0548268 0.00525514 0.00383651 0.0273216 0.100681 0.0544681 0.00503547 0.00444897
34 D 3.23749 0.04727 0.118078 0.113405 0.185877 0.2672 0.0390595 0.00332149 0.0599822 0.00949518 0.0284993 0.00534408 0.00597036 0.00239631 0.00177104 0.00354731 0.024076 0.0129028 0.061509 0.0068694 0.00342629
35 G 2.66577 0.00320185 0.0155324 0.0049355 0.0114687 0.0220272 0.263829 0.0700723 0.0318109 0.00520074 0.0126114 0.00945375 0.00977633 0.0135421 0.0235488 0.0223444 0.437734 0.00385553 0.0127042 0.0115867 0.0147639
36 I 2.81045 0.319764 0.0208652 0.00705546 0.00966463 0.00417673 0.126951 0.00168136 0.160081 0.00484268 0.00647068 0.00495221 0.00565387 0.00193377 0.00542366 0.00750682 0.127225 0.170923 0.00493482 0.00547635 0.00441777
37 G 3.35984 0.0163733 0.131607 0.076959 0.0156891 0.0326686 0.271882 0.00892153 0.0068864 0.0403531 0.00557702 0.0141399 0.00632795 0.168684 0.0182944 0.00796368 0.0590186 0.00207737 0.0286236 0.0776121 0.0103412
38 R 3.41745 0.0330908 0.0283274 0.0781097 0.0311013 0.0193504 0.0174257 0.205536 0.0051774 0.00805606 0.0110979 0.0287311 0.0143972 0.117681 0.00798382 0.25968 0.00993149 0.0408615 0.00486581 0.0436462 0.0349506
39 F 3.28216 0.120086 0.0131816 0.0364817 0.0147338 0.249242 0.00583014 0.0140819 0.0573559 0.00393368 0.0539596 0.0292117 0.0071976 0.0437055 0.0368583 0.00707533 0.253321 0.00646667 0.00853061 0.00957974 0.029167
40 Y 3.3333 0.161194 0.00588325 0.0146236 0.0261192 0.0688862 0.0099279 0.177275 0.00286103 0.0036978 0.0373727 0.0530575 0.0199256 0.0117916 0.0670574 0.0127552 0.0215608 0.0116699 0.0188454 0.0104028 0.265093
41 I 3.00868 0.00196698 0.0985917 0.00117616 0.00197681 0.0086297 0.104464 0.0165594 0.0601281 0.00011126 0.0056963 0.00704106 0.00193761 0.370005 0.0553696 0.0121451 0.0655042 0.00802598 0.0214549 0.139695 0.0195213
42 Q 2.66828 0.137427 0.00918539 0.0105238 0.0129276 0.0100816 0.00988001 0.0405792 0.0254661 0.0130639 0.00435157 0.026756 0.00881585 0.0628002 0.528984 0.00605842 0.0417198 0.0121539 0.00663615 0.0154375 0.0171517
43 M 3.40408 0.0675117 0.0232093 0.0196607 0.0144624 0.0142529 0.0451953 0.0259709 0.033304 0.0365007 0.0258471 0.389098 0.0329219 0.0173453 0.00737103 0.0198637 0.0598032 0.0935793 0.0280562 0.020186 0.02586
44 C 3.71528 0.0392982 0.155011 0.00688392 0.0210613 0.0340689 0.10781 0.00321374 0.0971635 0.00473331 0.120223 0.0130305 0.114417 0.0102209 0.0117375 0.00309863 0.022815 0.0912632 0.050589 0.0486038 0.0447575
45 T 2.5189 0.0527462 0.0115731 0.0151135 0.0249698 0.0490304 0.0107173 0.00896572 0.0253401 0.0276717 0.0151517 0.0277193 0.00835665 0.0506401 0.00931437 0.00385568 0.0110147 0.604894 0.00789606 0.0171679 0.0178613
46 E 2.89468 0.00953218 0.00627908 0.0804476 0.46409 0.0110462 0.00880067 0.0139266 0.0193547 0.0237155 0.0190416 0.0553224 0.0230166 0.118007 0.0867945 0.0122859 0.00718525 0.00416189 0.0054034 0.0226319 0.00895706
47 L 2.4893 0.00157021 0.00254596 0.00162212 0.0590093 0.00253728 0.356278 0.0158193 0.00902985 0.00138832 0.0810498 0.0202333 0.0186047 0.0131756 0.0029458 0.00407044 0.00962716 0.0204264 0.363983 0.00641677 0.0096662
48 K 2.84293 0.00625782 0.00985573 0.0122346 0.0191102 0.0162103 0.00382785 0.00738908 0.0162548 0.24878 0.0518262 0.068049 0.0259531 0.0264999 0.00886535 0.0211166 0.00956829 0.407501 0.00655002 0.0272682 0.00688153
49 L 3.43882 0.0209454 0.0658729 0.0156946 0.0114429 0.0213003 0.00473175 0.0571329 0.0324172 0.0187281 0.310205 0.182368 0.0473314 0.0325261 0.0122014 0.0150422 0.0524129 0.0448934 0.0332956 0.0103886 0.0110691
50 S 3.12868 0.0196559 0.0113854 0.0133213 0.030506 0.297079 0.0204064 0.0419786 0.00295142 0.00343887 0.0973351 0.0020213 0.00540567 0.248464 0.0489783 0.0152762 0.0554738 0.00404167 0.0595849 0.00126968 0.0214273
51 D 2.48886 0.0706312 0.00138421 0.0528815 0.0230188 0.00180618 0.0129378 0.007941 0.0339375 0.00517982 0.0644614 0.00396718 0.000240505 0.00543879 0.00257349 0.0714162 0.0106296 0.545677 0.0824275 0.00293442 0.000515493
52 Y 2.96889 0.0314531 0.00152655 0.00197409 0.00680124 0.0106175 0.0353351 0.00121606 0.00194003 0.000569671 0.00551998 0.0193053 0.352588 0.00343823 0.000458295 0.110678 0.0372837 0.169412 0.0327905 0.0756765 0.101418
53 E 2.20646 0.593648 0.0272931 0.00305254 0.0676761 0.0398707 0.0140088 0.00308981 0.000376963 0.00117217 0.00337005 0.00312632 0.00358305 0.00808069 0.11904 0.00559594 0.083152 0.00602571 0.00441 0.00253539 0.0108929
54 G 3.37381 0.00671909 0.0383863 0.00954651 0.0466132 0.026335 0.31341 0.0218059 0.00348952 0.00947166 0.0139475 0.0105716 0.0303052 0.125614 0.0663563 0.0303375 0.155039 0.0316787 0.00673741 0.0226387 0.0309964
55 R 2.83344 0.00398297 0.0099101 0.00808241 0.00199344 0.159773 0.00433147 0.0649601 0.000769663 0.359211 0.00323407 0.082173 0.00183108 0.00789196 0.00638613 0.0725232 0.00839376 0.0157573 0.00502012 0.00964066 0.174135
56 L 2.90708 0.105413 0.000666083 0.0118749 0.00115173 0.00392136 0.0151138 0.00918134 0.105485 0.00365679 0.0918199 0.0102385 0.359066 0.00453839 0.00489331 0.00982345 0.188777 0.0212333 0.0211025 0.0296296 0.00241484
57 I 3.42824 0.028212 0.0559223 0.0287341 0.0503323 0.0284274 0.0199839 0.0154903 0.287137 0.00622022 0.0579523 0.0411702 0.0677769 0.0154817 0.00931461 0.010605 0.0161239 0.0336246 0.20943 0.00797514 0.0100876
58 Q 2.93464 0.0270945 0.00484169 0.0108493 0.0327962 0.00290154 0.0209097 0.01394 0.00105633 0.026782 0.0183402 0.0113963 0.342429 0.0211449 0.293501 0.0199873 0.0187377 0.0230909 0.0244672 0.00331987 0.0824141
59 N 3.37354 0.0123779 0.0140972 0.142206 0.0188156 0.0135035 0.0252368 0.129109 0.00728534 0.0251937 0.0163286 0.0150007 0.287397 0.0167918 0.0379736 0.0222056 0.0216353 0.0297445 0.140966 0.0214387 0.00269213
60 S 2.73354 0.100473 0.133702 0.0064694 0.0105621 0.00960585 0.437542 0.0135535 0.0130283 0.00870664 0.0235831 0.00464579 0.0302257 0.00130829 0.00150977 0.0035966 0.154046 0.0152614 0.00750821 0.0184992 0.00617179
61 L 3.3072 0.0656074 0.00527219 0.0110998 0.0190634 0.0197904 0.0235446 0.0395223 0.0198482 0.0620951 0.365774 0.0493385 0.0343711 0.00682838 0.138124 0.0179773 0.00428725 0.0292603 0.0635473 0.0202396 0.00440861
62 T 2.77308 0.0106306 0.0392125 0.004834 0.00330862 0.00658517 0.104776 0.00462473 0.00334746 0.00303303 0.00317924 0.0017764 0.424295 0.00838911 0.0104194 0.152425 0.0715398 0.094866 0.000982695 0.0366326 0.0151437
63 I 3.39396 0.0233522 0.0880731 0.0073266 0.0158179 0.0675306 0.00405369 0.00455321 0.206971 0.0990807 0.0326785 0.0213624 0.00801933 0.00313727 0.0160255 0.214699 0.0635812 0.0996922 0.00490759 0.00507606 0.0140617
64 E 3.37336 0.0114999 0.0206563 0.0333722 0.371065 0.0101945 0.097279 0.0870138 0.0421167 0.0371143 0.0333532 0.0121671 0.015703 0.0481624 0.0256419 0.0246607 0.0725111 0.0312247 0.00968522 0.0128292 0.0037495
65 R 2.73786 0.0271345 0.0386424 0.00642081 0.0690882 0.0144974 0.00905371 0.00930756 0.0128578 0.0145861 0.00919185 0.0284904 0.0312215 0.0166976 0.0150477 0.548759 0.0154726 0.0793702 0.0106792 0.0284361 0.0150455
66 M 3.48625 0.151687 0.0998433 0.0139119 0.0329249 0.11015 0.0103058 0.00408466 0.012752 0.0153645 0.0124485 0.156893 0.0288535 0.00268901 0.208836 0.0167939 0.00712819 0.0317449 0.0442231 0.0221295 0.0172352
67 V 3.76042 0.0269962 0.0556621 0.049072 0.0625244 0.0313494 0.0491916 0.053598 0.0247227 0.0284527 0.0206578 0.0698644 0.0435109 0.0136519 0.0667141 0.00771231 0.0341773 0.0208293 0.285958 0.0107369 0.0446182
68 L 3.67232 0.0269266 0.0181262 0.0168683 0.0293017 0.0746811 0.103357 0.0574664 0.0657653 0.0194262 0.303377 0.0402907 0.0355512 0.0135001 0.050478 0.0250397 0.0342209 0.0222048 0.0189106 0.0191963 0.0253122
69 S 3.14106 0.0102813 0.068083 0.00641269 0.0445923 0.0103215 0.0260779 0.00543936 0.0247184 0.00905473 0.0208399 0.110886 0.00682728 0.122895 0.00651952 0.0220194 0.384905 0.0123536 0.0823121 0.0117958 0.0136655
70 A 2.99923 0.299454 0.0184815 0.00719167 0.0139094 0.0191918 0.219384 0.00423421 0.0154927 0.00463356 0.00826236 0.0108665 0.0239033 0.0100217 0.00227881 0.00898981 0.156196 0.0203416 0.0114415 0.0141474 0.131578
71 F 3.20973 0.068354 0.0298593 0.0012731 0.0118293 0.181617 0.00986407 0.0074782 0.00353831 0.25886 0.0041836 0.00709054 0.0992331 0.00564503 0.0211893 0.152493 0.00863347 0.0202871 0.000452343 0.0309834 0.0771365
72 D 2.8525 0.00716799 0.0475695 0.286893 0.0222611 0.00485077 0.00938922 0.0113743 0.0289814 0.00990473 0.00358478 0.245629 0.00617713 0.00826391 0.0174099 0.232228 0.00567483 0.0334452 0.00441654 0.00667897 0.00809908
73 E 3.09168 0.0190919 0.0349579 0.0123012 0.0714505 0.0619793 0.000938642 0.00385695 0.164927 0.00324604 0.2985 0.0276008 0.0014514 0.000383074 0.0476667 0.0457619 0.0181091 0.000225821 0.177693 0.00735343 0.00250646
74 R 2.51463 0.00218131 0.00560245 0.00630388 0.0281793 0.00595122 0.00203731 0.00362068 0.00647939 0.0201647 0.348989 0.0132767 0.00401052 0.00289418 0.00666816 0.226826 0.0107116 0.0133072 0.269366 0.0184257 0.00500498
75 R 2.55432 0.00810007 0.0125827 0.00670525 0.0190385 0.00931804 0.0756097 0.0065031 0.0166363 0.36922 0.00516675 0.0273956 0.0167218 0.00459867 0.00656692 0.35753 0.00766796 0.00418032 0.00380607 0.0317525 0.0109011
76 N 3.16438 0.0156237 0.00346277 0.00939732 0.104792 0.0153197 0.00235565 0.00528699 0.102008 0.0303789 0.193392 0.00879521 0.26455 0.0043131 0.0141221 0.00179838 0.00651073 0.0257996 0.00361494 0.131642 0.0568366
77 K 3.68174 0.100122 0.0274934 0.00305813 0.0132841 0.00859245 0.0879653 0.00301315 0.118559 0.121893 0.0188378 0.0028957 0.0890467 0.00935285 0.0309702 0.0754928 0.102848 0.11481 0.0578523 0.0118399 0.00207342
78 Y 2.40116 0.00764747 0.0195827 0.00980184 0.0159767 0.0315583 0.00834276 0.0137843 0.0337169 0.0190283 0.00363731 0.00715323 0.0319779 0.00950642 0.0288715 0.0665944 0.00585684 0.0112895 0.0269931 0.0199357 0.628745
79 L 2.5026 0.00504485 0.0126108 0.00589722 0.00459029 0.185533 0.00782075 0.01019 0.0174448 0.0132427 0.517753 0.099159 0.0215546 0.00628876 0.0108815 0.0102653 0.00435777 0.0142461 0.0305757 0.0108983 0.0116445
80 E 2.9148 0.0373709 0.00340688 0.0192377 0.503012 0.0500062 0.0176392 0.0432019 0.0775111 0.0112264 0.0303194 0.00815613 0.0607963 0.00589351 0.0146651 0.00520049 0.0171823 0.0197351 0.0149599 0.04302 0.0174598
81 E 3.04963 0.00419591 0.0478108 0.224436 0.320061 0.0297293 0.0402772 0.0235627 0.012255 0.0273772 0.012746 0.00566091 0.00412108 0.0100954 0.0108085 0.009136 0.00761879 0.0119177 0.0318869 0.00635234 0.159951
82 H 3.0442 0.0218361 0.0367698 0.00333174 0.0018579 0.00244932 0.00227491 0.113964 0.0308954 0.00704832 0.00478881 0.216951 0.0272396 0.00125099 0.254284 0.047051 0.00382115 0.0113866 0.0194366 0.00816458 0.185199
83 P 1.34871 0.00921989 0.00221632 0.00130529 0.0096093 0.000490952 0.0080002 0.00265488 0.00354144 0.00307469 0.00394408 0.00381913 0.0240549 0.0791712 0.798952 0.00707816 0.0243979 0.0128736 0.00114601 0.00111034 0.00334044
84 S 2.89437 0.0301025 0.0268218 0.00280081 0.000953641 0.000605412 0.0523692 0.00860489 0.00279781 0.00396563 0.0355352 0.00651655 0.266846 0.0072527 0.00860264 0.0133161 0.121008 0.0606705 0.0325177 0.318339 0.000373244
85 A 2.88435 0.129672 0.0198644 0.0223561 0.0116174 0.00203464 0.132463 0.0232204 0.0260902 0.00948507 0.00546886 0.00922472 0.0852928 0.00869287 0.432953 0.0289156 0.0136583 0.0187503 0.0149181 0.00502632 0.000295483
86 G 3.26597 0.182509 0.0260996 0.0230921 0.0141707 0.00888502 0.19506 0.0538235 0.00445867 0.0393048 0.024224 0.00656053 0.244822 0.0102018 0.0174445 0.0199659 0.0134709 0.0965241 0.00189068 0.00762386 0.00986812
87 K 2.61777 0.00273071 0.0598055 0.013626 0.066338 0.00460686 0.0193116 0.0199765 0.0210107 0.57591 0.00386634 0.0323014 0.0165364 0.0119415 0.0161873 0.0359134 0.0262885 0.00581979 0.0218616 0.0093707 0.0365968
88 D 2.71815 0.00373311 0.038095 0.534278 0.0128722 0.0316495 0.069201 0.0172851 0.0752781 0.00699448 0.0102289 0.00503244 0.0270533 0.0107999 0.0156516 0.00620976 0.0794953 0.0173741 0.0159276 0.0165174 0.00632315
89 P 2.9208 0.0380654 0.013642 0.00870651 0.00254178 0.0830916 0.00983935 0.00656491 0.00400605 0.00389776 0.0469252 0.0156544 0.00113941 0.130287 0.00207786 0.00355836 0.0339865 0.000739654 0.301074 0.262892 0.0313112
90 K 2.88759 0.00678665 0.00660318 0.0223378 0.000639987 0.00356735 0.0135372 0.0490823 0.478375 0.0632401 0.00383712 0.00175552 0.039809 0.00364415 0.0151315 0.055072 0.00858562 0.0701099 0.0538579 0.035778 0.0682501
91 K 2.89816 0.0569726 0.19462 0.0202767 0.00955471 0.0302602 0.0049874 0.0306711 0.00217862 0.411466 0.00309391 0.0149591 0.0373381 0.0408028 0.0058455 0.0864019 0.0046089 0.013894 0.000962493 0.027487 0.00361893
92 T 2.95838 0.0103023 0.0137452 0.0783704 0.0165269 0.00788311 0.00462184 0.0426415 0.0627738 0.00487132 0.0154991 0.0117467 0.273475 0.00970599 0.0252631 0.00979886 0.0114078 0.347839 0.022727 0.0257511 0.00505037
93 G 2.93241 0.00223582 0.026404 0.00664962 0.0487073 0.0104674 0.427616 0.156495 0.0324404 0.0134055 0.0257178 0.017704 0.0100546 0.0161175 0.0071312 0.0788479 0.00557059 0.00637916 0.00623598 0.0917416 0.0100785
94 G 2.58359 0.0106445 0.0186738 0.0359058 0.0435043 0.0192836 0.604574 0.0150969 0.0391545 0.0146069 0.00598456 0.0272306 0.0362241 0.015095 0.0166573 0.0138546 0.0137641 0.0146578 0.0141741 0.02186 0.0190535
95 P 3.34633 0.0212681 0.0185944 0.083334 0.0139076 0.0108598 0.236397 0.0315671 0.0111974 0.0147362 0.00918531 0.0266985 0.0177181 0.279218 0.0122887 0.0430629 0.0115836 0.0291705 0.00780195 0.0445044 0.0769068
96 I 2.60995 0.00220459 0.00189516 0.00163752 0.00313698 0.159179 0.00649612 0.00335299 0.102512 0.00304762 0.321189 0.0423597 0.00666175 0.00668986 0.00464926 0.015813 0.00624973 0.287574 0.00426143 0.00305563 0.0180348
97 Y 2.05931 0.0559371 0.000689391 0.00641521 0.0463253 0.00507244 0.011861 0.00195007 0.0113501 0.643694 0.0119901 0.002142 0.0101941 0.00282494 0.022472 0.00861321 0.00218345 0.0143224 0.00666277 0.00661851 0.128682
98 K 3.33994 0.0482097 0.110241 0.00773785 0.0172264 0.00202885 0.0128363 0.0122127 0.000524742 0.127266 0.0268786 0.066765 0.0981273 0.00346607 0.00315967 0.0420374 0.181397 0.21375 0.00254021 0.0201523 0.00344282
99 R 2.73169 0.00627131 0.00774757 0.0433594 0.0139739 0.0193773 0.0146561 0.00878694 0.0121392 0.0116769 0.0161181 0.0150477 0.0260178 0.00967681 0.0101923 0.423504 0.00502349 0.0374334 0.0284171 0.0129164 0.277664
100 V 3.72907 0.0573924 0.063995 0.00851635 0.100572 0.0303233 0.0320185 0.0377214 0.0293905 0.00267303 0.0371007 0.0632319 0.0242693 0.0709788 0.0154135 0.165587 0.0335736 0.00707386 0.19027 0.0278684 0.00202997
101 D 3.28783 0.0488003 0.0363179 0.256276 0.0239149 0.00549439 0.0277944 0.0156507 0.10941 0.00449338 0.0311252 0.00430077 0.00919787 0.186891 0.00524482 0.0105254 0.0776658 0.130243 0.00487064 0.00762248 0.0041608
102 R 2.52583 0.0111201 0.0138324 0.0167313 0.0143748 0.0959765 0.00526863 0.0197569 0.00163318 0.0230614 0.00548178 0.00738199 0.0759008 0.0109553 0.0083758 0.167138 0.00185821 0.00836939 0.00576468 0.505592 0.00142598
103 K 3.10924 0.0160337 0.0343535 0.0237857 0.0290663 0.0120135 0.00374186 0.390736 0.00363587 0.133147 0.0492971 0.0223974 0.00935736 0.00505731 0.0221378 0.0908139 0.0135199 0.0107878 0.105984 0.0204613 0.00367165
104 W 2.81198 0.0285152 0.0106555 0.0138096 0.00719346 0.00454077 0.0300001 0.00194389 0.216848 0.00435185 0.0188737 0.0115461 0.0331042 0.0135712 0.0143766 0.00117103 0.00102592 0.0144964 0.351166 0.201302 0.0215087
105 M 3.50593 0.00360435 0.123552 0.0190128 0.0456665 0.0534069 0.028622 0.0935675 0.0617824 0.0129301 0.0328558 0.302531 0.00788901 0.0113592 0.0813284 0.00478814 0.0190576 0.0184889 0.0340278 0.0295032 0.0160269
106 R 3.03574 0.0126874 0.0101632 0.0163515 0.0315499 0.00875088 0.0243562 0.00602228 0.0241604 0.100632 0.18886 0.0194198 0.0160007 0.00642815 0.00985117 0.396169 0.0107773 0.0096889 0.0573546 0.0357892 0.0149864
107 E 3.24045 0.211148 0.00873118 0.0980968 0.294578 0.0132521 0.00431635 0.01965 0.012276 0.0256248 0.0026319 0.0173574 0.0259066 0.0423715 0.0162971 0.0055766 0.109299 0.00770996 0.0318188 0.0428616 0.0104957
108 L 3.1196 0.00522371 0.010877 0.0140849 0.0126421 0.016374 0.0144888 0.0192584 0.0671965 0.0856841 0.434621 0.023821 0.0114451 0.0619123 0.0330959 0.00560879 0.0200341 0.0174519 0.0369291 0.0154577 0.0937929
109 V 3.60041 0.0383532 0.0133803 0.00969019 0.0926236 0.0337771 0.0362425 0.00665898 0.00943057 0.0130589 0.034917 0.0334444 0.00884248 0.0261016 0.144101 0.0438638 0.0182294 0.128484 0.245326 0.0448523 0.0186232
110 L 2.58436 0.0292554 0.00815121 0.16124 0.0111229 0.0207569 0.00562258 0.0112974 0.0203203 0.0188129 0.547977 0.0233347 0.0156806 0.00993223 0.0167368 0.0109948 0.0179051 0.00407054 0.0138342 0.0334615 0.0194931
111 Y 3.48018 0.0075866 0.00749514 0.0241399 0.0704029 0.00424671 0.0049355 0.205007 0.0967928 0.0165322 0.0521736 0.0596345 0.00855136 0.0447942 0.00342576 0.00302831 0.0769519 0.108735 0.0167223 0.00791743 0.180927
112 D 3.1492 0.00797217 0.0758971 0.279803 0.0208866 0.00783118 0.0601594 0.0308374 0.00223535 0.00393862 0.066277 0.0216247 0.143546 0.01486 0.00887871 0.214607 0.00126855 0.0132379 0.00310642 0.0148398 0.00819203
113 K 2.54661 0.00952911 0.0107891 0.02553 0.0232067 0.0310653 0.00608488 0.0203391 0.00710872 0.572746 0.00981222 0.0127108 0.0406447 0.0171331 0.121741 0.00613204 0.0175143 0.0371038 0.00589775 0.0178334 0.00707764
114 E 3.25047 0.00294928 0.0492017 0.0902297 0.389256 0.0206087 0.0072954 0.00600869 0.0745504 0.0624005 0.019126 0.0340267 0.0098513 0.0162815 0.0474327 0.0222363 0.00455113 0.027761 0.0143774 0.0135284 0.0883271
115 E 2.82999 0.0168509 0.0119434 0.0433959 0.529254 0.0101185 0.0161657 0.018491 0.00590021 0.0329966 0.0201902 0.0173999 0.085805 0.0281816 0.0386298 0.0431394 0.0403251 0.00460348 0.0130259 0.0103789 0.0132051
116 I 2.26902 0.0152028 0.0900171 0.00573757 0.000801477 0.000752723 0.00309382 0.00474415 0.108281 0.0013124 0.0186329 0.00137045 0.0127596 0.00754191 0.00789641 0.0193865 0.0023619 0.135524 0.553283 0.00198348 0.00931733
117 R 2.14169 0.000342858 0.043176 0.000123734 0.00512946 0.00741712 0.0140011 0.0202657 0.00915252 0.00501624 0.0066322 0.647238 0.0022215 0.00016992 0.0210985 0.0396 0.0835658 0.0469614 0.0272652 0.0193459 0.00127691
118 R 3.31976 0.0100325 0.0478219 0.0112853 0.0396292 0.0144793 0.00775283 0.111509 0.00885352 0.164244 0.0166984 0.0143355 0.0119085 0.0383976 0.0273752 0.340626 0.0336904 0.00826481 0.0324128 0.025603 0.03508
119 I 2.93427 0.0232402 0.0228451 0.0338038 0.034746 0.028856 0.00801893 0.0179809 0.529898 0.022279 0.0441405 0.0456936 0.0273301 0.00919724 0.0232794 0.0147621 0.0190641 0.0267942 0.0112371 0.0335842 0.023249
120 W 1.31626 0.00149043 0.00370568 0.00283958 0.00346757 0.00224583 0.0257154 0.00282879 0.0175645 0.00101156 0.00253015 0.000835138 0.00302586 0.00119067 0.012297 0.00305669 0.00235612 0.00115005 0.0284682 0.0908115 0.793409
121 R 3.12108 0.0151965 0.0472696 0.0256638 0.0281019 0.00445701 0.00394161 0.00651712 0.0446641 0.00549163 0.0661123 0.0420864 0.0491122 0.0117463 0.0033143 0.241965 0.334235 0.0271899 0.0125994 0.00531779 0.0250187
122 Q 3.0401 0.013561 0.188617 0.00409227 0.0107779 0.0127989 0.00583047 0.0203019 0.00570372 0.0115243 0.131969 0.202776 0.00412017 0.00198806 0.267289 0.0161487 0.0326544 0.0341753 0.0264134 0.00272221 0.00653482
123 A 3.05961 0.439013 0.00439941 0.00805641 0.0159473 0.0242336 0.0426972 0.0230397 0.0122373 0.0101553 0.140288 0.0118765 0.0166934 0.0643853 0.0596088 0.018822 0.0215145 0.0126903 0.0385088 0.00863395 0.027199
124 N 3.32706 0.0437757 0.00188229 0.0484461 0.0190337 0.219902 0.00545874 0.00677862 0.00711526 0.0111257 0.00462847 0.20917 0.178285 0.0431019 0.0320076 0.0281788 0.0277031 0.0158827 0.0145591 0.0791008 0.00386575
125 N 3.43348 0.0310657 0.00896695 0.00413814 0.010547 0.0795117 0.0216426 0.00243781 0.00505337 0.00615622 0.111591 0.0625036 0.188185 0.00254004 0.0863284 0.0520041 0.0351356 0.0163814 0.0317204 0.0129593 0.231133
126 G 3.34849 0.256549 0.0595752 0.0352507 0.0160286 0.00210573 0.240205 0.0384474 0.00204636 0.00711369 0.0389857 0.00878083 0.0276654 0.00712125 0.00197123 0.0870158 0.0176292 0.0562606 0.0298073 0.0430674 0.0243738
127 D 2.70337 0.0348685 0.0420935 0.0543957 0.0938759 0.000330175 0.057723 0.00301377 0.00118732 0.0142781 0.00578035 0.0267435 0.0118077 0.00383538 0.516284 0.0103821 0.00445609 0.0153317 0.0633792 0.0381679 0.0020663
128 D 2.10524 0.0351084 0.000465625 0.0671735 0.00201707 0.667059 0.0318403 0.00250186 0.00287749 0.0162172 0.0414407 0.00388572 0.00286678 0.00729267 0.0225103 0.021094 0.0112056 0.0250696 0.0297767 0.00945765 0.000140644
129 A 3.07045 0.214895 0.0249175 0.0227859 0.0132664 0.0460081 0.00435064 0.00250115 0.00481845 0.343981 0.0580418 0.0973447 0.00499398 0.0034321 0.0414054 0.0593197 0.0209131 0.0152681 0.00744219 0.00694493 0.00737006
130 T 3.11518 0.027039 0.340655 0.013155 0.00988386 0.0037555 0.00872487 0.0424178 0.0238181 0.0271921 0.0116632 0.101785 0.00318188 0.0215938 0.0272475 0.0707622 0.00998536 0.220225 0.0204156 0.00960493 0.00689326
131 A 0.614332 0.0142896 0.00423695 0.00193174 0.0002241 0.00760132 0.000468124 0.00407529 0.00041424 0.0035132 0.000626155 0.0078767 0.000800012 0.93066 0.00124509 0.000589101 0.00209703 0.00188359 0.00333581 0.00725571 0.00687699
132 G 3.00971 0.0265079 0.0230638 0.111346 0.02049 0.0134221 0.309856 0.00776923 0.296092 0.0060906 0.0168229 0.0146656 0.00830304 0.014627 0.0338757 0.0234777 0.00890349 0.0174423 0.00601182 0.0341009 0.00713314
133 L 2.24462 0.0161779 0.0160769 0.00477814 0.0039695 0.025692 0.00275625 0.00179383 0.5583 0.00666819 0.207664 0.0662772 0.00852801 0.0176236 0.0205146 0.00289564 0.00912707 0.00606877 0.00168294 0.0210948 0.00231085
134 T 2.53852 0.0714166 0.00580819 0.0549028 0.0065978 0.0459511 0.0211825 0.0135702 0.0198886 0.00742795 0.00499117 0.0197334 0.00755489 0.0342718 0.00834659 0.00481016 0.00810916 0.579611 0.0611315 0.0189613 0.00573331
135 H 3.23191 0.0261937 0.011465 0.0102833 0.0704702 0.0153198 0.0256733 0.432956 0.0117929 0.0213037 0.0199358 0.0538932 0.043495 0.0251303 0.055012 0.0572689 0.0529373 0.0278481 0.00290713 0.0201403 0.0159738
136 M 2.76039 0.041884 0.119342 0.0138603 0.0849706 0.00151982 0.0145552 0.00780483 0.461143 0.00392347 0.0129062 0.0699623 0.00207004 0.00582388 0.0734933 0.00271763 0.0434654 0.0382097 0.000721246 9.80011e-05 0.00152977
137 M 2.74257 0.0038375 0.0171875 0.00422305 0.0197667 0.0791167 0.00645724 0.0090774 0.0462727 0.0346631 0.0578571 0.523529 0.00669766 0.0374127 0.0284744 0.00924395 0.0246402 0.0753903 0.00323362 0.00734475 0.00557367
138 I 2.53261 0.00844422 0.0063719 0.0108147 0.0124986 0.0263396 0.00278927 0.0149806 0.584135 0.0237434 0.0159722 0.0342129 0.0691514 0.080116 0.00678977 0.00595662 0.0359074 0.0210653 0.00837605 0.0256298 0.00670569
139 W 3.04546 0.0194918 0.0741396 0.00904892 0.0365978 0.0107047 0.0209707 0.0897743 0.0210305 0.0075495 0.390306 0.015036 0.00521179 0.00800105 0.0172207 0.00471929 0.0147453 0.00403871 0.037409 0.185121 0.0288838
140 H 3.29811 0.0281618 0.0100843 0.032573 0.0464007 0.0210153 0.0642123 0.418556 0.0895732 0.0115824 0.0353272 0.0320375 0.0285912 0.0255414 0.0452108 0.0130152 0.00846407 0.0114015 0.0283988 0.0192281 0.0306256
141 S 2.92579 0.0149452 0.0256306 0.00792813 0.0101247 0.0244395 0.0626719 0.0113411 0.0103375 0.0116128 0.0190271 0.0218941 0.0266405 0.0643678 0.0092634 0.0122431 0.46529 0.153854 0.0120031 0.0183152 0.0180706
142 N 2.94503 0.0224015 0.0283482 0.0136064 0.00932103 0.0133421 0.0480419 0.0168399 0.0296398 0.0197112 0.128208 0.078655 0.474841 0.00974821 0.014496 0.00302972 0.0228775 0.0179346 0.0116533 0.0223962 0.0149085
143 L 3.46194 0.0257304 0.0341921 0.0155926 0.0136592 0.0282262 0.0679215 0.113054 0.0199741 0.00660395 0.337545 0.0291364 0.0292063 0.0162034 0.0331521 0.00742245 0.0411109 0.0165793 0.022584 0.111226 0.0308799
144 N 2.55474 0.00308075 0.0519219 0.0180843 0.00695843 0.00653554 0.0144196 0.00507587 0.0063306 0.020412 0.00684583 0.448248 0.251789 0.0907621 0.00483064 0.00163928 0.00718907 0.0239074 0.00389119 0.0182094 0.00986884
145 D 2.68475 0.0194695 0.006151 0.518784 0.0162672 0.00692054 0.00815536 0.0313545 0.0144521 0.170303 0.0191441 0.0378041 0.0198232 0.00629451 0.0163584 0.0285208 0.00686339 0.00947209 0.0159486 0.0206449 0.0272682
146 T 3.22149 0.0356568 0.0225982 0.014736 0.0398247 0.0294894 0.0749734 0.0181618 0.0151858 0.026236 0.0354344 0.0166973 0.0139591 0.0101854 0.0328986 0.026925 0.0266464 0.452783 0.0347523 0.0194464 0.0534109
147 T 3.05716 0.0137072 0.0118225 0.00881665 0.0271608 0.0123286 0.00372727 0.0351605 0.0477209 0.0359027 0.0131587 0.0635754 0.0439546 0.0130387 0.0873763 0.0295603 0.0150811 0.468881 0.0422304 0.0133595 0.0134364
148 Y 2.49513 0.00338914 0.0173525 0.0434625 0.0160477 0.0211706 0.0118405 0.0502874 0.0407836 0.0121888 0.00731319 0.0313627 0.0138483 0.0258792 0.00950993 0.00682712 0.0300577 0.0165451 0.0084749 0.0200934 0.613565
149 Q 2.37498 0.0043854 0.0067438 0.0082765 0.0192217 0.0239287 0.0784688 0.0230434 0.0093153 0.0155007 0.0051052 0.020834 0.0124069 0.00707128 0.628655 0.0120028 0.00563351 0.0253122 0.0267811 0.0297605 0.0375536
150 R 2.63688 0.00367952 0.0171067 0.0384523 0.0138773 0.00728659 0.011607 0.0213318 0.00514318 0.288299 0.00594972 0.0314367 0.00839983 0.0158082 0.0102516 0.435589 0.0144677 0.0171616 0.0133179 0.0291295 0.0117045
151 T 2.59293 0.00458935 0.0135125 0.0327819 0.037585 0.0164407 0.0138565 0.00438073 0.0116933 0.242011 0.026102 0.0148979 0.00759622 0.00864583 0.00960604 0.00290796 0.0261376 0.481371 0.0155996 0.0223082 0.00797727
152 R 2.22348 0.00407972 0.0135046 0.00496501 0.0127505 0.010069 0.00255502 0.00926181 0.00575727 0.169568 0.0099569 0.0406611 0.00787205 0.0148647 0.0605286 0.593853 0.0142084 0.00544813 0.00345628 0.0111891 0.00545105
153 A 2.77719 0.492433 0.00956108 0.00740642 0.0306618 0.0219366 0.00551619 0.00351461 0.0187374 0.00440001 0.00866305 0.00603343 0.0236787 0.0433879 0.0266062 0.0453029 0.155306 0.0168731 0.00731755 0.0554629 0.0171999
154 L 1.98323 0.0119718 0.0019717 0.00267225 0.00909793 0.0109133 0.00189459 0.00590254 0.471041 0.00452097 0.389415 0.00688749 0.00190657 0.017548 0.00347623 0.00990035 0.0125862 0.00415602 0.0125894 0.0101725 0.0113764
155 V 2.31233 0.00328555 0.0196538 0.0305933 0.0242001 0.0269132 0.017693 0.00561673 0.00946536 0.00891578 0.0109108 0.0317191 0.0118237 0.0249538 0.00766183 0.0219428 0.0537049 0.0203595 0.65204 0.0111561 0.007391
156 R 2.35241 0.0233976 0.0263621 0.00431119 0.0029247 0.00672385 0.00794772 0.0629141 0.0209386 0.0431654 0.00380522 0.00642543 0.0271563 0.00893222 0.013193 0.625305 0.0554693 0.0147039 0.00272418 0.0105253 0.0330752
157 T 2.60248 0.00673805 0.0241995 0.0731526 0.0105347 0.00189963 0.00505039 0.00835635 0.455912 0.00750988 0.00459883 0.0129198 0.00499 0.00308937 0.0193512 0.00440893 0.0472661 0.23043 0.0581068 0.00496708 0.0165182
158 G 3.44105 0.0469309 0.0605748 0.00255082 0.0438135 0.00562248 0.244538 0.0868895 0.0230894 0.00193822 0.121874 0.0140655 0.172121 0.0040441 0.0393677 0.0171481 0.0616092 0.0204954 0.00311434 0.0167852 0.0134287
159 M 2.6791 0.0118737 0.0413572 0.0168499 0.00615126 0.00324685 0.00535274 0.0281709 0.02831 0.0321858 0.212572 0.482412 0.0195949 0.00965153 0.00509051 0.0209089 0.0209664 0.00785642 0.0258768 0.0194207 0.00215052
160 D 2.48164 0.0149751 0.00772123 0.552558 0.0712384 0.00961396 0.00749665 0.0085406 0.0364909 0.00536633 0.0137651 0.00531372 0.149458 0.0100903 0.0221265 0.0181889 0.00219968 0.0404172 0.00425405 0.0128999 0.00728493
161 P 2.56355 0.0366252 0.0104813 0.00774255 0.00164597 0.0436385 0.0470963 0.0082401 0.0183364 0.0199306 0.0186324 0.0104341 0.0120469 0.595072 0.024285 0.0309358 0.026048 0.0233811 0.0498822 0.00464661 0.0108991
162 R 2.56654 0.00471973 0.0233994 0.00967845 0.046699 0.0130947 0.00263842 0.00356879 0.0195793 0.0628507 0.0386058 0.0165201 0.00759825 0.0318874 0.0292834 0.589224 0.00545572 0.0200675 0.0150505 0.0370343 0.023044
163 M 1.04035 0.000210813 0.0499333 0.00095649 0.00350843 0.00819108 0.00268527 0.000952952 0.850349 0.000688582 0.00515187 0.0431106 0.00043529 0.000385136 0.00194279 0.00171793 0.00648664 0.00734211 0.00818262 0.00768205 8.74962e-05
164 C 2.90956 0.322466 0.252732 0.00231339 0.00542112 0.0026524 0.00144335 0.00449002 0.0308018 0.00420051 0.0564194 0.00663675 0.0128481 0.046914 0.120037 0.00452327 0.00939249 0.0180955 0.0786436 0.0106117 0.00935806
165 S 2.87465 0.204392 0.00606612 0.00750015 0.00392562 0.0830892 0.00974399 0.0392076 0.00355526 0.00854605 0.0105423 0.0663816 0.0443764 0.0597412 0.00436364 0.00293485 0.396282 0.00258103 0.00525841 0.00903197 0.0324804
166 L 3.21131 0.0510277 0.00469853 0.0275745 0.0327278 0.0122626 0.0193374 0.0248014 0.0296064 0.0570327 0.357768 0.0822047 0.0132249 0.00532 0.0490613 0.00623884 0.176604 0.00179358 0.024356 0.0195078 0.00485218
167 M 2.79718 0.0210527 0.00493578 0.0127922 0.00876489 0.0389748 0.0193546 0.0148499 0.0290831 0.0116195 0.173167 0.490591 0.00452406 0.0164817 0.0210645 0.0385003 0.0243533 0.0125567 0.0338437 0.00680009 0.0166897
168 Q 3.17827 0.200132 0.0396606 0.00850507 0.0299461 0.0209437 0.00310694 0.0107646 0.0212145 0.0293715 0.0104126 0.122059 0.00329032 0.0325475 0.330253 0.0091097 0.0676818 0.0186621 0.00461727 0.0186681 0.0190528
169 G 2.8352 0.132702 0.00927732 0.0209502 0.0242109 0.00966624 0.495939 0.0386521 0.0178206 0.00565682 0.0472796 0.013041 0.0171405 0.00240721 0.00559389 0.00768485 0.0276229 0.021333 0.0161402 0.0623888 0.0244915
170 S 2.79981 0.00381737 0.031807 0.0112813 0.0196197 0.0840741 0.0350887 0.00349465 0.0363955 0.0125667 0.0324331 0.0110866 0.00866834 0.0167096 0.0144411 0.0125174 0.530905 0.0295181 0.0161489 0.0658232 0.0236038
171 T 2.77489 0.0053921 0.0112268 0.028842 0.0183067 0.0050734 0.0139896 0.0105709 0.00663545 0.0614928 0.00458572 0.286873 0.0140994 0.0211246 0.0133148 0.0221922 0.0195375 0.395305 0.0434416 0.0124513 0.00554479
172 L 3.02034 0.266593 0.032748 0.00852944 0.0112374 0.0165024 0.00678228 0.00348676 0.0961272 0.00786269 0.304546 0.00721153 0.00463602 0.0387725 0.00743441 0.0277018 0.0124175 0.00511529 0.101077 0.0116601 0.0295577
173 P 2.24408 0.0209697 0.00210614 0.00451047 0.110125 0.000837157 0.0066516 0.00822397 0.0023 0.520973 0.0133723 0.0126916 0.000696685 0.227053 0.0134664 0.00251591 0.00540214 0.013918 0.0147072 0.00244905 0.0170305
174 R 1.93143 0.00441575 0.0120181 0.00517342 0.00725467 0.0035016 0.00775472 0.0066529 0.00536846 0.0132263 0.0154418 0.0208065 0.0314944 0.0222475 0.00472051 0.725021 0.0370336 0.012481 0.0269789 0.0220036 0.0164052
175 R 2.38066 0.00920317 0.0434484 0.0214545 0.0399556 0.0231583 0.00480665 0.00742302 0.00933672 0.0224708 0.0321058 0.0300729 0.0113964 0.00835612 0.00866142 0.635709 0.00991325 0.0150877 0.00805689 0.0472517 0.0121305
176 S 2.71464 0.0125205 0.00937272 0.0130245 0.00967238 0.0310442 0.0514661 0.0723678 0.00435009 0.00642329 0.0151534 0.00789588 0.00710056 0.0065597 0.0695649 0.00571661 0.526116 0.00731741 0.0568351 0.0151006 0.0723982
177 G 1.94573 0.00823729 0.0228384 0.012364 0.0255258 0.0077196 0.728847 0.013666 0.00735052 0.0102199 0.0319741 0.0162733 0.0149647 0.0101285 0.0220256 0.0102684 0.00879089 0.00351394 0.00974158 0.0239883 0.0115623
178 A 3.20414 0.293528 0.0410031 0.211528 0.00537605 0.00501904 0.0323988 0.0433097 0.00781051 0.0237793 0.00934629 0.0150966 0.155245 0.0175768 0.0210238 0.00450972 0.0493539 0.00269429 0.0294658 0.0174053 0.0145304
179 A 2.97087 0.403071 0.0609523 0.0122621 0.0065672 0.184113 0.0404951 0.0128465 0.019647 0.00560244 0.034283 0.095994 0.00737472 0.00504997 0.0102593 0.00307578 0.0443068 0.00388224 0.0113707 0.0202357 0.0186103
180 G 2.46554 0.0199757 0.0101733 0.0373387 0.0148026 0.0274291 0.618107 0.0174331 0.00794369 0.0234313 0.00822973 0.0311933 0.0164363 0.00592255 0.0503948 0.00633096 0.00425729 0.0123413 0.0155143 0.0501197 0.0226257
181 A 1.66395 0.0994995 0.0279107 0.00154416 0.00121973 0.723396 0.0410372 0.00859886 0.00154727 0.00230555 0.00541261 0.0390613 0.000686218 0.000114248 0.0255911 0.00456182 0.00674974 0.00487549 0.00273326 0.00174508 0.00141071
182 A 2.48221 0.606175 0.0112919 0.0126633 0.00745814 0.0122839 0.00521082 0.0304812 0.0110131 0.0089979 0.025348 0.0412017 0.00784337 0.00784732 0.0319507 0.00721541 0.0261825 0.013062 0.0293295 0.0798539 0.0245899
183 V 2.94421 0.0636171 0.00664214 0.0136056 0.0113882 0.00633192 0.00906609 0.107194 0.137557 0.0426758 0.037585 0.0132046 0.00390725 0.0137606 0.00291823 0.0113532 0.0340032 0.047654 0.428401 0.00540253 0.00373158
184 K 2.35739 0.00769799 0.00407536 0.00811384 0.0341175 0.00860812 0.00847579 0.00466676 0.0134126 0.605831 0.0308238 0.00657735 0.00814875 0.0133991 0.0282409 0.00702183 0.0159355 0.0369096 0.123994 0.00732937 0.0266206
