#SITE	WT_AA	SITE_ENTROPY	PI_A	PI_C	PI_D	PI_E	PI_F	PI_G	PI_H	PI_I	PI_K	PI_L	PI_M	PI_N	PI_P	PI_Q	PI_R	PI_S	PI_T	PI_V	PI_W	PI_Y
2	A	1.4337	0.768383	0.00670534	0.00531125	0.0118083	0.00801026	0.00427546	0.00231117	0.00334203	0.00518882	0.00292671	0.0240124	0.00468997	0.000714929	0.00538729	0.00686075	0.00119902	0.00180843	0.119396	0.011646	0.00602283
3	S	3.14798	0.126026	0.00126915	0.00769736	0.00410062	0.0270123	0.00183397	0.119656	0.00625346	0.0161986	0.0726929	0.282416	0.00904106	0.0012015	0.020334	0.00190986	0.108854	0.0263843	0.0135707	0.0038581	0.14969
4	Q	3.02949	0.0211226	0.0427836	0.00116146	0.000889212	0.205659	0.0056175	0.00217127	0.0354317	0.0150527	0.0425253	0.00207711	0.200478	0.000414903	0.0408388	0.000495088	0.261903	0.0216293	0.0123102	0.00279243	0.0846463
5	G	2.60225	0.0110328	0.234445	0.00428313	0.00570353	0.00718564	0.27692	0.00313236	0.00509067	0.00400945	0.00113114	0.00719381	0.00597851	0.00735662	0.00143246	0.2923	0.0272144	0.00187674	0.00297456	0.0644977	0.0362407
6	T	1.08798	0.00417988	0.00875787	0.00486823	0.00626426	0.00364106	0.00593299	0.0348508	0.005445	0.00367855	0.00133733	0.014292	0.00739853	0.00637515	0.00665282	0.00251108	0.00309579	0.864069	0.00369008	0.00943109	0.00352845
7	K	1.53924	0.00208116	0.0127966	0.0237814	0.0127839	0.0059868	0.017934	0.00629656	0.00384326	0.782797	0.00175131	0.00848057	0.0590249	0.00143215	0.00433016	0.00213824	0.00329131	0.0133551	0.00899618	0.015322	0.0135777
8	R	2.15302	0.00190545	0.0106916	0.00412641	0.00554383	0.00577637	0.0358013	0.00234499	0.0039204	0.00316913	0.148032	0.00771045	0.00559566	0.00675875	0.173673	0.547466	0.00147072	0.00195714	0.00310181	0.0263212	0.00463434
9	S	2.96448	0.262972	0.00640649	0.00328581	0.00324129	0.010296	0.0251637	0.00775745	0.0153187	0.0231714	0.00855271	0.0606884	0.0161535	0.001334	0.0466317	0.00527299	0.270196	0.0439324	0.00519191	0.00374696	0.180687
10	Y	3.12593	0.302044	0.02108	0.0153769	0.0046407	0.00193011	0.00224303	0.00793061	0.111655	0.00617803	0.0828928	0.0241585	0.0878246	0.0394827	0.0284376	0.00106161	0.00348341	0.0353959	0.0184564	0.00200077	0.203728
11	E	2.92096	0.00241382	0.0325283	0.0325099	0.392672	0.00477846	0.00724287	0.0122736	0.0223639	0.0779152	0.0123409	0.0306028	0.0214908	0.00368095	0.0389	0.00217402	0.23298	0.0171747	0.0372131	0.0133944	0.00535017
12	Q	3.26215	0.0128561	0.0128932	0.00147731	0.00229254	0.011126	0.0127142	0.0655258	0.00158246	0.331193	0.0170608	0.0274686	0.12767	0.00162769	0.0897898	0.0663342	0.0356396	0.0774974	0.0756441	0.0260651	0.0035425
13	M	2.50326	0.065612	0.00238622	0.0325872	0.00351379	0.00883871	0.041047	0.0286862	0.124499	0.0620142	0.0120594	0.550358	0.00734115	0.00761249	0.0034124	0.00510984	0.00242072	0.006581	0.00461142	0.0167895	0.0145201
14	E	2.54496	0.00702293	0.0150319	0.0489402	0.558212	0.00564922	0.00261048	0.0147968	0.00357853	0.027995	0.0137544	0.0353309	0.0145811	0.00244494	0.104555	0.00999539	0.00390123	0.0148891	0.00383346	0.0567002	0.056177
15	T	2.51534	0.00113705	0.0474612	0.00273848	0.24373	0.00234838	0.0183577	0.0356694	0.387882	0.00276232	0.00853889	0.00305673	0.0180545	0.0027074	0.00275312	0.00152951	0.00806645	0.189459	0.00753014	0.00505389	0.0111643
16	D	2.91157	0.00817697	0.0152124	0.362388	0.238468	0.031232	0.00966444	0.00669838	0.0235584	0.00495521	0.00627971	0.051408	0.00632256	0.000856904	0.0957869	0.00579881	0.00140699	0.0449438	0.00499157	0.0216013	0.0602488
17	G	2.13539	0.0216758	0.0265297	0.00266117	0.00397416	0.00164685	0.131775	0.00855683	0.0487632	0.00573234	0.00135777	0.622093	0.0105996	0.0463434	0.00970072	0.00233868	0.0366873	0.0137403	0.000894466	0.00459046	0.000338351
18	E	2.46958	0.00506584	0.0120169	0.120379	0.103982	0.000665142	0.0169256	0.00356129	0.011265	0.00520009	0.00549289	0.00362945	0.00979706	0.0576951	0.0103873	0.0104563	0.0213944	0.00703884	0.544334	0.005022	0.0456914
19	R	2.26576	0.0403829	0.0517131	0.0141185	0.0183665	0.00798151	0.00244599	0.0264015	0.0181388	0.0117807	0.00428787	0.0191329	0.0299072	0.0127995	0.0154897	0.661426	0.0152767	0.0151501	0.0131807	0.015146	0.0068742
20	Q	2.2702	0.00926344	0.00475915	0.00305534	0.00539662	0.0237095	0.00681323	0.0125415	0.00226425	0.0133645	0.0096548	0.0143882	0.0164913	0.192352	0.583901	0.0238843	0.0221929	0.00560254	0.0236476	0.00884915	0.0178676
21	N	3.22192	0.00611592	0.272569	0.00450446	0.00774101	0.00279895	0.00212035	0.0269797	0.0573965	0.0327291	0.0378078	0.0119586	0.222683	0.0052046	0.0153028	0.0489791	0.0438941	0.146386	0.00770224	0.0231293	0.0239981
22	A	2.70167	0.136058	0.00485353	0.000654304	0.00582553	0.0384772	0.0467029	0.012485	0.0038054	0.156639	0.00307983	0.00276147	0.00965232	0.0216701	0.0217269	0.0362686	0.0249985	0.018078	0.45364	0.00189845	0.000725152
23	T	2.77289	0.0925774	0.00547398	0.00136355	0.00628133	0.00202091	0.00338463	0.00438424	0.0339741	0.0221423	0.19423	0.00817069	0.0322574	0.00322032	0.0177327	0.0184521	0.413617	0.106509	0.0233524	0.00186575	0.00899183
24	E	3.19907	0.0132888	0.027756	0.00908304	0.251667	0.0124468	0.00083786	0.00708599	0.128079	0.139085	0.0489454	0.00468597	0.0202918	0.00436039	0.200688	0.0109268	0.017796	0.0123944	0.0753521	0.00178218	0.0134474
25	I	0.992581	0.00230219	5.27536e-05	0.00236791	0.00143691	0.00088211	0.0541203	0.00404411	0.0380357	0.000830914	0.00540858	0.85224	6.84368e-05	0.00314541	0.000960351	0.00176116	0.000113764	0.00293318	0.0266218	0.000740509	0.00193398
26	R	2.46504	0.0500515	0.00232973	0.00399832	0.0704892	0.334578	0.0182545	0.00682061	0.0091369	0.00495653	0.00920285	0.00839216	0.00290191	0.00929687	0.0338993	0.400403	0.0160631	0.00693169	0.0055396	0.00342343	0.00333021
27	A	2.57294	0.139744	0.00155485	0.0125146	0.00261909	0.0108646	0.004035	0.0766005	0.00732102	0.518147	0.0417642	0.00292425	0.000945271	0.0384293	0.0136522	0.0384261	0.015904	0.0564251	0.00940963	0.00178816	0.00693107
28	S	2.4866	0.326182	0.0112345	0.00855227	0.0131961	0.0016072	0.054744	0.0249727	0.00199329	0.0412515	0.0029677	0.00280964	0.381969	0.0015341	0.0052253	0.0499029	0.0662503	0.00139121	0.000626099	0.00239583	0.00119396
29	V	3.02067	0.00832591	0.0365564	0.0046491	0.0337567	0.0108542	0.0160967	0.00911735	0.232994	0.0258272	0.0092234	0.0331971	0.0182202	0.0186359	0.023764	0.0148101	0.00534959	0.0341113	0.392279	0.0473526	0.0248788
30	G	2.74617	0.220534	0.00419212	0.004697	0.0240009	0.386215	0.126918	0.00393077	0.00353619	0.0318901	0.0185225	0.0115754	0.00181064	0.00146737	0.000696863	0.0122407	0.0717394	0.0564378	0.00481346	0.0122566	0.00252492
31	K	2.97465	0.0397648	0.0104464	0.00432683	0.0656811	0.00263287	0.00442081	0.0133692	0.0261823	0.330667	0.00810475	0.0285391	0.0102622	0.283953	0.0061019	0.024758	0.0410665	0.0144009	0.0112585	0.0676377	0.0064264
32	M	2.47287	0.0169686	0.00556034	0.00734957	0.0118414	0.0162346	0.0132261	0.0100419	0.0384706	0.0224433	0.00328345	0.596888	0.0655045	0.0146641	0.014843	0.0278262	0.00293478	0.0235005	0.00687013	0.0848506	0.0166987
33	I	3.00882	0.0192135	0.0129412	0.0202931	0.0420612	0.0853598	0.0362266	0.00834561	0.465692	0.0120558	0.0119845	0.0594179	0.0366045	0.00782511	0.0111852	0.00668755	0.00909616	0.0133344	0.0803471	0.00812466	0.0532045
34	D	3.02776	0.0589449	0.000414727	0.055025	0.122929	0.0028011	0.00761669	0.0359012	0.0126662	0.00449579	0.0650283	0.332919	0.00320216	0.000348536	0.0156068	0.00295776	0.0643426	0.006167	0.183842	0.0247185	7.28586e-05
35	G	2.84764	0.049921	0.019491	0.00447153	0.0227513	0.0852688	0.480457	0.132533	0.0271017	0.00928359	0.0134516	0.0249103	0.0230425	0.00291419	0.00263245	0.0391257	0.0197943	0.00558011	0.0102684	0.0122641	0.014737
36	I	3.24755	0.0212342	0.0324135	0.0335906	0.0523153	0.00649156	0.00224543	0.0106499	0.377318	0.00330059	0.0454023	0.0158311	0.0118855	0.014136	0.028587	0.0705024	0.110046	0.107527	0.0168919	0.0305582	0.00907461
37	G	2.95405	0.020298	0.0391278	0.0412522	0.0131959	0.0199419	0.444933	0.0153548	0.0387116	0.0112941	0.147041	0.0100249	0.00560735	0.0188321	0.0143507	0.0061316	0.00877342	0.0144862	0.00885285	0.105015	0.0167762
38	R	3.23288	0.0196045	0.0150205	0.0120699	0.0695177	0.00621058	0.0168315	0.0761271	0.00321413	0.0158302	0.00946034	0.0167808	0.0462126	0.103116	0.0148402	0.375579	0.107253	0.0254346	0.00810235	0.0505439	0.00824949
39	F	2.28136	0.0219832	0.00619447	0.00754814	0.00940103	0.146707	0.00974966	0.0056228	0.0113022	0.0210248	0.00615665	0.0237237	0.00507048	0.017887	0.0139379	0.0152649	0.00546118	0.00728527	0.0507574	0.607411	0.00751058
40	Y	2.39893	0.00443407	0.00803379	0.014962	0.00737019	0.00518825	0.00919002	0.377734	0.005169	0.00870158	0.0271029	0.0219282	0.00812676	0.00434582	0.028912	0.00803062	0.00379155	0.00627479	0.0061801	0.0538125	0.390713
41	I	3.70841	0.0265721	0.0524538	0.0126193	0.0371169	0.0248267	0.156986	0.014902	0.201209	0.00374897	0.124005	0.0186322	0.0404156	0.0212993	0.0877986	0.0636213	0.0412653	0.0262953	0.0139258	0.014151	0.0181548
42	Q	2.99128	0.0209533	0.0750261	0.0388434	0.0141358	0.00363475	0.168766	0.0420124	0.00295338	0.0168747	0.0162638	0.0431284	0.00706404	0.0215183	0.431118	0.0365098	0.0114419	0.016585	0.0119796	0.0128438	0.00834795
43	M	2.99634	0.0138048	0.0291555	0.0391807	0.013406	0.0098859	0.00140403	0.305133	0.0165148	0.00988568	0.126695	0.190542	0.170172	0.00257525	0.00837666	0.00228194	0.0259841	0.00335919	0.003814	0.00759369	0.0202359
44	C	3.50025	0.0473285	0.273102	0.0158764	0.0974655	0.0105524	0.0302354	0.013151	0.116128	0.0873645	0.117674	0.0207922	0.00366132	0.00764834	0.0126153	0.0188057	0.00631231	0.0464741	0.0204915	0.0425855	0.0117355
45	T	3.70677	0.00787659	0.0176069	0.0401449	0.0420195	0.00731439	0.0419931	0.0272124	0.0662575	0.108474	0.0326201	0.0865971	0.0279559	0.0237456	0.0188739	0.0237535	0.0899113	0.251543	0.0634864	0.0193869	0.00322685
46	E	3.29255	0.00828736	0.0798485	0.0107712	0.197262	0.0024663	0.0448189	0.00197503	0.116039	0.00946299	0.0184531	0.0135526	0.0150042	0.288136	0.0172813	0.0248734	0.0106166	0.0619046	0.0460801	0.0228282	0.0103387
47	L	3.14749	0.00899413	0.00731849	0.0527311	0.00649926	0.00723873	0.0138333	0.0363605	0.0122617	0.0233082	0.28933	0.0589744	0.0229368	0.106322	0.00245719	0.252242	0.0366709	0.047213	0.00322615	0.00579669	0.00628548
48	K	3.00612	0.0447363	0.0193566	0.00933279	0.00976803	0.00216832	0.0521422	0.00793464	0.00178961	0.203891	0.0293204	0.403044	0.0428393	0.0121612	0.0318244	0.0413168	0.0391066	0.0129299	0.00629858	0.00904357	0.0209963
49	L	3.02094	0.00977479	0.00832723	0.00902144	0.00117045	0.00180479	0.0144666	0.00953457	0.0139592	0.00899554	0.285145	0.197864	0.0529934	0.0350549	0.145869	0.0137964	0.0146525	0.158381	0.00252951	0.0105571	0.00610273
50	S	2.78138	0.484141	0.033539	0.00332091	0.00752938	0.00368173	0.0468805	0.00440331	0.00503919	0.0761769	0.0267331	0.00212415	0.0193951	0.0166774	0.052411	0.0221926	0.0945481	0.0869192	0.00102789	0.0125034	0.00075578
51	D	3.72192	0.0302654	0.0382778	0.132844	0.107237	0.0032914	0.0161992	0.00385762	0.0321718	0.00297533	0.0364234	0.0989847	0.11461	0.0722017	0.0216528	0.114207	0.0137793	0.115974	0.0286046	0.00496469	0.0114785
52	Y	3.12344	0.107505	0.00324764	0.0215947	0.0819082	0.0210665	0.0108027	0.00759689	0.033895	0.00125331	0.00735502	0.0583717	0.0697766	0.00716846	0.0113258	0.00846743	0.00752211	0.120057	0.027858	0.0127113	0.380517
53	E	2.38354	0.0326359	0.014486	0.0083582	0.291679	0.00398044	0.0050382	0.00914474	0.0220594	0.0035338	0.0450923	0.00426851	0.00502898	0.026799	0.00105623	0.00478785	0.0109149	0.0274541	0.00862723	0.471282	0.00377294
54	G	2.92208	0.0440889	0.046059	0.0139398	0.0180177	0.00771878	0.195857	0.40444	0.00987709	0.00570675	0.0133185	0.00272606	0.0111841	0.0311991	0.00566336	0.0182446	0.053783	0.0991096	0.00395671	0.00919157	0.00591786
55	R	2.84398	0.0173165	0.0064103	0.0705613	0.0575827	0.00609519	0.0155516	0.0738095	0.0106883	0.00733022	0.017639	0.00615666	0.0352395	0.014602	0.0782385	0.503008	0.0240847	0.0233816	0.00920095	0.0197466	0.00335709
56	L	3.02615	0.0138302	0.00571827	0.00422247	0.00367117	0.00290317	0.0151592	0.00284867	0.0496889	0.0036007	0.198602	0.0551305	0.144012	0.202386	0.00484253	0.0159889	0.00843727	0.228921	0.0345464	0.00531204	0.000178447
57	I	3.06236	0.0136396	0.00498268	0.0485434	0.00270699	0.00610378	0.0199287	0.00187618	0.247989	0.0815944	0.329897	0.00672636	0.00997002	0.0441518	0.00846364	0.0736662	0.0215972	0.0260671	0.0215461	0.0178616	0.0126884
58	Q	2.80768	0.0176301	0.0038489	0.00699222	0.0842313	0.00497049	0.00675654	0.00530122	0.00182323	0.00252976	0.00748914	0.00118734	0.135822	0.0106195	0.162589	0.131114	0.015254	0.00564636	0.00740829	0.01818	0.370606
59	N	2.95738	0.00886309	0.0406922	0.00924437	0.0173308	0.0192301	0.206172	0.0110085	0.0111168	0.0337345	0.0125883	0.0222433	0.430248	0.027205	0.0112461	0.0422365	0.00655633	0.0293603	0.0237774	0.0313583	0.0057881
60	S	2.97201	0.0110828	0.122704	0.0089034	0.0490351	0.00613715	0.00847997	0.00620867	0.221347	0.0132161	0.0323555	0.00753446	0.0168424	0.00980049	0.00291452	0.00339702	0.34049	0.0099513	0.0975561	0.0105395	0.0215058
61	L	3.02551	0.0140837	0.213262	0.0216731	0.0015226	0.111423	0.00649163	0.0554425	0.0523264	0.00780208	0.364811	0.0111353	0.0218397	0.0215249	0.00650306	0.0085775	0.00556559	0.0112164	0.019587	0.0193717	0.0258399
62	T	3.24145	0.0431043	0.0317949	0.00238948	0.0220667	0.0398882	0.0446174	0.0388035	0.0109516	0.0168717	0.0252151	0.0116002	0.0349325	0.118655	0.0217718	0.00420497	0.0547262	0.405993	0.052109	0.0061335	0.0141698
63	I	2.68162	0.0196569	0.0175957	0.00494397	0.00851895	0.00238468	0.0124734	0.0643433	0.257628	0.0460175	0.0322845	0.00310029	0.00496421	0.0106654	0.0160832	0.0131192	0.00505409	0.00893701	0.431439	0.0342037	0.0065873
64	E	3.36307	0.0134632	0.0425967	0.00771268	0.239518	0.0185563	0.0356485	0.0169285	0.18877	0.050145	0.0224774	0.176873	0.0115156	0.0832585	0.00394674	0.0265548	0.012904	0.0221228	0.00946919	0.00324506	0.0142944
65	R	3.00742	0.001163	0.00720057	0.00421602	0.0339821	0.104662	0.00308043	0.031046	0.0148508	0.0418273	0.00855474	0.0549669	0.0237512	0.012772	0.0086071	0.332282	0.254943	0.0306843	0.00353443	0.0148501	0.0130263
66	M	3.17733	0.0344417	0.0151676	0.019916	0.0295729	0.0129625	0.248203	0.035592	0.0286383	0.00969383	0.00981401	0.339882	0.0250741	0.0262786	0.0225674	0.0091285	0.00599428	0.00981326	0.016245	0.0477692	0.0532458
67	V	3.58882	0.0615118	0.0187179	0.0175376	0.0233215	0.0220994	0.0402084	0.0335076	0.0838747	0.019179	0.01231	0.176624	0.0320234	0.0344871	0.0466284	0.00955961	0.0702488	0.00905477	0.261484	0.0154936	0.0121289
68	L	3.34531	0.0229148	0.0143122	0.0209269	0.0252293	0.0185837	0.00337029	0.0279253	0.00988793	0.0366513	0.331024	0.145685	0.00592632	0.0539357	0.140572	0.0174464	0.0189409	0.019358	0.020844	0.0405641	0.0259018
69	S	2.79352	0.0973623	0.0811104	0.00667267	0.00822055	0.00770007	0.0584272	0.0125362	0.0078835	0.0108824	0.00668686	0.01584	0.107635	0.0228717	0.0126005	0.0139827	0.484533	0.0211056	0.005892	0.00630316	0.0117545
70	A	3.139	0.339787	0.0537482	0.143235	0.0303388	0.0126778	0.0154178	0.00844392	0.145232	0.00300661	0.0110867	0.00685654	0.00459425	0.0194475	0.0219015	0.00856526	0.0118264	0.0288414	0.00447781	0.0195851	0.11093
71	F	3.23209	0.0478367	0.0135242	0.0163917	0.0133178	0.251654	0.00480281	0.0679773	0.0126919	0.0239639	0.0341748	0.0060323	0.00984293	0.0541813	0.00065703	0.00466915	0.1028	0.0274039	0.0352149	0.00555946	0.267304
72	D	3.00261	0.100487	0.0309812	0.466758	0.0335225	0.0289802	0.0727731	0.0410842	0.03656	0.00944589	0.00614171	0.0100397	0.00889476	0.0138358	0.00878996	0.0522983	0.0160236	0.0393406	0.00646357	0.00747955	0.0101005
73	E	3.22882	0.0659112	0.00471622	0.0517865	0.0472243	0.353587	0.0670791	0.0260442	0.11642	0.014672	0.0120919	0.0512195	0.00816723	0.000425224	0.0572679	0.0122524	0.00875546	0.0917788	0.00917701	0.000898881	0.000526426
74	R	3.16695	0.0832303	0.027665	0.0232954	0.0572482	0.00770689	0.00765929	0.0204972	0.00387265	0.223107	0.0100264	0.00552469	0.00367918	0.00526307	0.0115078	0.305695	0.00726239	0.0100384	0.0842647	0.0665677	0.0358881
75	R	2.42787	0.00700797	0.0256162	0.0109228	0.013455	0.07043	0.0184011	0.00926125	0.00788659	0.0376911	0.0103028	0.0232555	0.0236148	0.0109773	0.00899766	0.618333	0.00291832	0.0418849	0.0138674	0.0378487	0.00732819
76	N	3.17184	0.0785666	0.0250408	0.00517985	0.266279	0.00624383	0.0339683	0.0182045	0.021052	0.141461	0.0236111	0.011394	0.174954	0.00192936	0.0047285	0.00450635	0.00678908	0.0142739	0.00347815	0.148411	0.00992786
77	K	2.66783	0.00520547	0.0134067	0.00637754	0.0139214	0.00171075	0.149635	0.035677	0.323007	0.0157249	0.0220252	0.00532357	0.00552106	0.00192522	0.0180131	0.306672	0.0637373	0.0038183	0.0071355	0.000948481	0.000214353
78	Y	0.580684	0.00346714	0.00142721	0.00125409	0.000185234	0.930916	0.000217663	0.00125194	0.00118225	0.00371499	0.000901616	0.000769393	0.00770222	0.00137621	0.000745244	0.0035778	0.00100891	0.000643435	0.00229684	0.0162365	0.0211251
79	L	2.65528	0.0109703	0.00833829	0.0045258	0.0127425	0.00454179	0.0129563	0.00919279	0.0272021	0.00939784	0.425052	0.0224978	0.00993027	0.0155711	0.0264927	0.061197	0.0145024	0.0197805	0.288067	0.0100499	0.00699172
80	E	3.71949	0.0364835	0.0908578	0.0321487	0.264559	0.00627559	0.0568302	0.0248565	0.0577672	0.0546519	0.0316729	0.0749618	0.0225676	0.00707933	0.0440562	0.0160348	0.0221247	0.0545964	0.0809617	0.00363458	0.0178794
81	E	3.39957	0.00405256	0.0412133	0.00918804	0.226507	0.104709	0.022293	0.0174725	0.257201	0.0176928	0.0480488	0.00922345	0.0207665	0.00343461	0.00363675	0.0380995	0.0375532	0.0298337	0.056559	0.0152041	0.0373117
82	H	3.55607	0.0252728	0.259119	0.00271547	0.0175842	0.0728137	0.00218942	0.0956694	0.0132961	0.0119988	0.0176441	0.0308944	0.0152527	0.00174228	0.108971	0.030548	0.0423796	0.0408913	0.0216679	0.0964662	0.0928832
83	P	3.39327	0.106691	0.00615153	0.00696479	0.0107927	0.00580272	0.104746	0.00686285	0.00878027	0.0077461	0.00302212	0.0050784	0.227038	0.134336	0.10384	0.0715824	0.0293824	0.0366163	0.107099	0.00414966	0.0133176
84	S	3.12505	0.259362	0.0802977	0.0128312	0.00552052	0.0012463	0.0510553	0.00360357	0.0032746	0.00287036	0.273411	0.0320816	0.0337723	0.0407269	0.0486475	0.00219341	0.0970561	0.0229259	0.00551403	0.0054286	0.0181813
85	A	2.4245	0.0665505	0.00521115	0.000260623	0.00157082	0.000254408	0.0164913	0.0244723	0.0103737	0.00575847	0.0239047	0.0336248	0.0666451	0.596261	0.0063528	0.0238444	0.0242141	0.0510645	0.0322736	0.00590763	0.00496371
86	G	1.78017	0.0167253	0.00354253	0.00242703	0.00552601	0.000234551	0.0360385	0.0167284	0.00244902	0.0620352	0.0267974	0.000763577	0.723951	0.00254477	0.00480558	0.0458174	0.00773511	0.00743774	0.00145867	0.0298848	0.00309736
87	K	2.70771	0.00444689	0.00500626	0.00944634	0.03706	0.00207598	0.0344587	0.0063778	0.0167591	0.539149	0.019136	0.0165995	0.00830285	0.0174048	0.0256555	0.0924775	0.0427521	0.0427113	0.0608765	0.011117	0.00818762
88	D	0.408454	0.000829779	0.005301	0.0230035	0.00178906	0.000627871	0.000673764	0.00109792	0.0026865	0.00139512	0.00123921	0.00110096	0.953289	0.000738736	0.00145296	0.00201885	0.000701991	0.000750574	0.000642856	0.000341704	0.000318606
89	P	3.2217	0.169166	0.334102	0.0147215	0.00970557	0.0191982	0.0415664	0.00367997	0.00562099	0.0184935	0.0380277	0.00576113	0.0341523	0.143601	0.00913324	0.0127529	0.0573124	0.00999291	0.021575	0.0255654	0.0258715
90	K	2.89424	0.00635179	0.0162328	0.00181035	0.00188944	0.00315165	0.0207379	0.0362871	0.00549038	0.111649	0.0154396	0.368746	0.0277143	0.00640214	0.237528	0.0417618	0.0117751	0.0510542	0.0213688	0.0128099	0.00179844
91	K	2.28314	0.00963773	0.00708393	0.00952187	0.0186925	0.00622529	0.0632978	0.00487696	0.0165489	0.580208	0.0109164	0.00720316	0.0152792	0.00484095	0.00679988	0.179725	0.0173567	0.00300292	0.0228657	0.00758406	0.0083313
92	T	2.44757	0.0147036	0.00322209	0.00601099	0.00721287	0.155756	0.00943126	0.00373471	0.00846358	0.00595241	0.0225227	0.0252458	0.0639298	0.0185629	0.00746754	0.0165522	0.0305583	0.563236	0.0124076	0.0178015	0.0072277
93	G	2.12292	0.00632251	0.0213895	0.00748199	0.0433394	0.00943954	0.679466	0.0044984	0.0061083	0.00990256	0.00976839	0.043551	0.0118251	0.0570014	0.0151782	0.00589956	0.00922308	0.0104901	0.00567827	0.0267946	0.0166416
94	G	3.12496	0.00585367	0.0324613	0.0471843	0.0229335	0.0129946	0.465886	0.0118377	0.0220973	0.0245145	0.0243776	0.0102747	0.0528541	0.0264758	0.0701822	0.0140765	0.03475	0.0474841	0.0072804	0.0203867	0.0460948
95	P	3.28833	0.0164267	0.0263707	0.188539	0.0106154	0.00864009	0.0146765	0.152463	0.0115688	0.0104174	0.025195	0.0181093	0.0158536	0.301811	0.0114534	0.0396501	0.0131513	0.0143336	0.0638557	0.0383853	0.018485
96	I	3.02017	0.0553641	0.00416842	0.00364044	0.0657746	0.0146555	0.0120494	0.0120147	0.236108	0.00492701	0.363743	0.0545911	0.00457439	0.0149212	0.0113372	0.025037	0.00213271	0.0324668	0.0335318	0.0188213	0.0301409
97	Y	3.21165	0.00929926	0.0149223	0.0159828	0.0111142	0.126762	0.160741	0.0265522	0.0211019	0.0112901	0.00876508	0.00875341	0.0134856	0.0202947	0.0759013	0.00579833	0.0237742	0.00204801	0.0964086	0.0211462	0.325858
98	K	3.10025	0.0212863	0.044496	0.00367282	0.0319987	0.00432454	0.0245402	0.0281275	0.0138903	0.39937	0.189491	0.0154955	0.00761675	0.0040795	0.0230852	0.0308517	0.0591304	0.0332789	0.0099433	0.020934	0.0343875
99	R	3.24886	0.087465	0.0282307	0.00420991	0.0243371	0.0075179	0.219374	0.0686929	0.00462292	0.0957095	0.010832	0.0110498	0.00432157	0.00747631	0.00753765	0.284308	0.0444866	0.00857377	0.0244315	0.0179529	0.0388696
100	V	2.57892	0.553233	0.000334713	0.000489213	0.0220846	0.014919	0.0380689	0.0196676	0.00472828	0.0834061	0.0201603	0.00296338	0.0872903	0.0177126	0.0034118	0.0137416	0.0284015	0.0146511	0.0445257	0.00174769	0.0284631
101	D	3.06578	0.0106273	0.00262154	0.406766	0.0444219	0.00310109	0.0594254	0.0105105	0.0113691	0.0586445	0.020241	0.00591099	0.129483	0.0252715	0.0188569	0.00881022	0.0117434	0.105543	0.0478589	0.0089479	0.0098456
102	R	3.41817	0.0744407	0.096719	0.011412	0.00799866	0.119875	0.0347265	0.0631527	0.00408346	0.00981925	0.0107939	0.162043	0.00213819	0.00502212	0.00834839	0.23917	0.0232531	0.0321534	0.00786392	0.0109426	0.0760456
103	K	3.51543	0.0247077	0.0330255	0.0188068	0.0115077	0.0118826	0.0463676	0.0214055	0.016492	0.305001	0.109894	0.0543647	0.0698486	0.0123993	0.0306012	0.0478073	0.0401136	0.00683333	0.119855	0.0109348	0.00815282
104	W	2.68919	0.0164505	0.0142416	0.128477	0.00986774	0.0690013	0.00820577	0.00730424	0.032199	0.00803311	0.00914587	0.0238701	0.00512233	0.0064984	0.0151854	0.0294074	0.0130701	0.0258999	0.0232985	0.532727	0.0219947
105	M	2.23769	0.00307366	0.629271	0.00459419	0.00550439	0.0403141	0.019812	0.00864986	0.00833089	0.0404843	0.03332	0.0520495	0.0789884	0.000486201	0.0108331	0.0114966	0.00577506	0.00136102	0.00561704	0.0396836	0.0003552
106	R	2.8292	0.0225909	0.147898	0.0147002	0.0440486	0.0100473	0.00698066	0.0555675	0.0118303	0.00944361	0.0128698	0.0205597	0.0141187	0.00771987	0.00921442	0.48734	0.00819362	0.0149287	0.00803307	0.0464205	0.0474938
107	E	2.96636	0.0180692	0.0100705	0.0397277	0.420505	0.0237096	0.00664286	0.00732906	0.00744715	0.0161684	0.0485083	0.0132782	0.174371	0.00856541	0.0115265	0.0447205	0.0145409	0.00914469	0.101143	0.0145448	0.00998752
108	L	3.34702	0.0235914	0.0755812	0.0105346	0.00868209	0.0146308	0.0374221	0.103767	0.00853322	0.0266159	0.326778	0.0438595	0.00744979	0.0245476	0.166744	0.0210744	0.0254277	0.00964688	0.0365998	0.0119717	0.0165413
109	V	1.91605	0.0218414	0.670592	0.00796151	0.000954963	0.00681917	0.00269754	0.0299109	0.00596196	0.00161794	0.0614046	0.00682648	0.0013334	0.0196407	0.0107493	0.00724732	0.005971	0.0107332	0.124418	0.00177851	0.00154102
110	L	2.59226	0.0161492	0.0566131	0.0123648	0.0188942	0.048603	0.00565085	0.00749651	0.0537727	0.02031	0.589316	0.0140097	0.0301343	0.0227521	0.00853654	0.0217818	0.0171279	0.00978489	0.0283372	0.00942969	0.00893539
111	Y	2.21374	0.000213763	0.00224956	0.0035743	0.00140444	0.609125	0.00343571	0.060567	0.0494565	0.0165794	0.00858953	0.0290006	0.00134752	0.000620201	0.00440869	0.00662645	0.00441368	0.0694138	0.0631968	0.00090801	0.0648686
112	D	2.88285	0.0226608	0.0306982	0.261327	0.0631397	0.00530029	0.0427878	0.013516	0.0631937	0.00342248	0.0149674	0.0108101	0.379647	0.00961369	0.00511204	0.0222514	0.0155654	0.0113564	0.00271802	0.0139005	0.00801136
113	K	2.52517	0.0209294	0.00733727	0.0137493	0.0209089	0.047615	0.00621393	0.00614304	0.0260323	0.605856	0.010859	0.0426773	0.0282615	0.0280213	0.0466255	0.0236915	0.0100085	0.00722438	0.00662615	0.01155	0.0296694
114	E	3.05025	0.0019032	0.0083974	0.345961	0.143513	0.088051	0.0258182	0.033664	0.0271871	0.0858611	0.00745994	0.00289159	0.00315431	0.0253057	0.146668	0.00264195	0.0235522	0.0115686	0.00300471	0.00390652	0.00949027
115	E	2.72292	0.00412588	0.0080287	0.0259109	0.324975	0.355222	0.0124603	0.00545068	0.0124193	0.0348112	0.025518	0.0099813	0.00553274	0.00716972	0.00811634	0.00821186	0.0207007	0.033721	0.00439305	0.00592316	0.0873276
116	I	2.57132	0.00137026	0.0279554	0.0029664	0.0331937	0.00336954	0.00256088	0.0323958	0.297603	0.0186115	0.0529136	0.00315981	0.031758	0.00620403	0.00909192	0.00613591	0.0108807	0.0159314	0.423158	0.00968671	0.0110534
117	R	2.81297	0.00961895	0.130949	0.0129231	0.00300127	0.0840673	0.00341605	0.0113856	0.00252482	0.0103619	0.0134999	0.00474818	0.032926	0.00666221	0.24827	0.357846	0.0183348	0.0226693	0.00255414	0.0124453	0.0117956
118	R	3.33457	0.0996049	0.0215777	0.0189667	0.0300997	0.0250677	0.0116507	0.0172115	0.022937	0.204703	0.00983851	0.0273111	0.00563528	0.00333119	0.0312933	0.271143	0.00446143	0.116229	0.0558474	0.0112037	0.011887
119	I	3.07969	0.046178	0.347479	0.0352017	0.00606088	0.018166	0.00191231	0.00916383	0.193027	0.0075719	0.0682345	0.103335	0.0531732	0.00202497	0.0399845	0.00447902	0.012933	0.0054395	0.00237667	0.0355574	0.00770039
120	W	2.65988	0.00405757	0.00504311	0.0105298	0.0319875	0.0393527	0.0232112	0.0117675	0.0184161	0.00515894	0.00610487	0.0294196	0.296361	0.0219281	0.0211455	0.014009	0.00415358	0.0111299	0.0140189	0.420632	0.0115739
121	R	2.94674	0.00475176	0.353075	0.00352501	0.00537929	0.0240336	0.00987805	0.00667006	0.00541699	0.0110056	0.0782076	0.114208	0.00475886	0.003122	0.018585	0.11972	0.00580197	0.0205027	0.0185446	0.184154	0.00865985
122	Q	3.04642	0.00671255	0.00386627	0.00150913	0.0115016	0.00160259	0.0130056	0.304938	0.00158077	0.00980494	0.0171273	0.00148768	0.0662894	0.118407	0.107567	0.0115812	0.0602626	0.0511305	0.19785	0.0111845	0.00259065
123	A	2.64523	0.353111	0.363235	0.00617031	0.0084109	0.00999136	0.023909	0.0403845	0.00319692	0.00325388	0.0172336	0.00658893	0.0106346	0.0131538	0.00207314	0.00633246	0.020724	0.0238007	0.0427704	0.0313065	0.0137186
124	N	2.04384	0.00167204	0.00487116	0.00433413	0.00555456	0.00225848	0.567301	0.0350626	0.0115183	0.00556689	0.00489	0.0212779	0.249486	0.0429458	0.0143751	0.00710931	0.000851121	0.00377559	0.00167721	0.013151	0.00232159
125	N	1.90438	0.0130811	0.666927	0.112823	0.00130889	0.00548682	0.00653314	0.00467626	0.00154731	0.0016424	0.0114591	0.00957864	0.06097	0.000493261	0.00237092	0.0233253	0.00385287	0.0085385	0.00102831	0.0609061	0.00345147
126	G	3.55126	0.0331829	0.158779	0.0194055	0.0106921	0.0689233	0.260295	0.00154164	0.0195684	0.0281059	0.0568284	0.0204576	0.0729168	0.00800749	0.0978016	0.0143326	0.021962	0.014195	0.0495198	0.0362879	0.00719771
127	D	3.33128	0.27098	0.00820525	0.0553237	0.0280897	0.025302	0.0639128	0.15254	0.0161266	0.0216435	0.0083907	0.0123708	0.0242308	0.00195019	0.0156369	0.0387255	0.0423045	0.18895	0.00958308	0.00110638	0.0146275
128	D	2.79925	0.0704178	0.00328934	0.0302206	0.00679428	0.000130679	0.00735369	0.00858925	0.0567917	0.00371748	0.0127972	0.022387	0.38284	0.229207	0.00206013	0.0265429	0.0134461	0.104566	0.0161985	0.00202433	0.000626558
129	A	2.89325	0.197567	0.00707176	0.000771677	0.00639991	0.00329357	0.406385	0.00111843	0.0108544	0.0261459	0.0331974	0.0216369	0.0136205	0.0506945	0.0465125	0.00856201	0.0704591	0.0704686	0.0172347	0.00651213	0.00149353
130	T	3.48589	0.00372547	0.0788913	0.0186943	0.0261569	0.0279075	0.0109018	0.0139614	0.00424812	0.148244	0.0310686	0.00612354	0.00736668	0.0215465	0.0252567	0.0748181	0.0257934	0.247957	0.15209	0.0544541	0.0207946
131	A	2.86444	0.171951	0.0150479	0.00485768	0.00348858	0.0111209	0.00381932	0.136798	0.0250683	0.0029249	0.0150256	0.010107	0.0443923	0.41299	0.0538821	0.0100483	0.0174058	0.00612831	0.0381008	0.00420901	0.0126334
132	G	2.91524	0.0224517	0.00996837	0.00847341	0.0711194	0.0178541	0.502282	0.0163169	0.0498861	0.0427713	0.0259981	0.0145874	0.0511386	0.0271839	0.0605653	0.00567265	0.0184734	0.00270007	0.00973203	0.037361	0.00546411
133	L	2.83965	0.00730026	0.00683614	0.0257957	0.0130478	0.0115426	0.0185122	0.00852897	0.119822	0.0194318	0.476121	0.104203	0.00478736	0.0256458	0.0141251	0.0495765	0.00997094	0.00259271	0.00957095	0.0147627	0.0578248
134	T	3.04169	0.0310442	0.0067978	0.0285354	0.0333701	0.0115322	0.0153025	0.00213572	0.00527174	0.0114561	0.0155091	0.0232997	0.140167	0.0129829	0.00696272	0.0221936	0.117842	0.392314	0.105168	0.00863391	0.00948098
135	H	2.68027	0.0151476	0.0316029	0.0213929	0.0188784	0.0428033	0.0192385	0.539505	0.00229948	0.00591641	0.0138213	0.031791	0.090639	0.0358531	0.0784414	0.00329023	0.00806749	0.0243931	0.00255823	0.00708524	0.00727491
136	M	2.98476	0.00269604	0.0126105	0.0193758	0.00576202	0.0100918	0.0130048	0.026113	0.172725	0.0183086	0.247586	0.277312	0.0095027	0.0164499	0.00692776	0.00814015	0.0312165	0.00984981	0.105094	0.00190448	0.00532802
137	M	2.7569	0.00585187	0.00636623	0.0405898	0.113824	0.0140428	0.00525762	0.00300205	0.0234708	0.204094	0.0110911	0.424959	0.00263536	0.0203374	0.0587767	0.0158814	0.00178935	0.0107506	0.0234047	0.0118308	0.00204487
138	I	3.07594	0.0478056	0.0624592	0.111644	0.00224427	0.017435	0.00176876	0.015396	0.20812	0.0903509	0.311463	0.0457331	0.00427009	0.00238636	0.0124837	0.00117613	0.0195846	0.0297287	0.00165349	0.011196	0.00310075
139	W	2.6739	0.0111769	0.0310701	0.0550213	0.0189364	0.00946507	0.0575261	0.0625239	0.0160288	0.00811909	0.0135253	0.0148335	0.070484	0.0102925	0.0165493	0.0178344	0.00979519	0.00424526	0.00548817	0.554477	0.0126082
140	H	2.77581	0.0199965	0.0217222	0.0400264	0.0277502	0.0132648	0.00892143	0.526662	0.0435734	0.0203648	0.0125731	0.0189945	0.0308345	0.0143023	0.124623	0.00530442	0.0139179	0.00899822	0.00947567	0.0268055	0.0118888
141	S	2.59866	0.0056278	0.02231	0.0214312	0.0878594	0.0530974	0.0114471	0.0136503	0.0431457	0.0159939	0.00971677	0.0279945	0.00454713	0.0132229	0.00792522	0.00986259	0.573883	0.00692845	0.0309449	0.0303278	0.0100842
142	N	2.50653	0.0145721	0.0117925	0.0176948	0.104579	0.0132896	0.0244163	0.0239163	0.0114486	0.0517579	0.019274	0.0395913	0.586516	0.00356271	0.00907343	0.00401838	0.00640021	0.0229479	0.00549377	0.0161924	0.0134626
143	L	2.96591	0.0255396	0.0166962	0.0100839	0.0221478	0.0082801	0.0230324	0.134813	0.123298	0.00435221	0.393591	0.0359098	0.0106198	0.131034	0.00579723	0.00706909	0.00990055	0.0160948	0.00739883	0.00909417	0.00524663
144	N	2.69208	0.00616212	0.0118394	0.0251172	0.0125275	0.00755364	0.112711	0.00548188	0.0220505	0.0116235	0.00679369	0.0253498	0.522653	0.0189233	0.0114147	0.00585004	0.00984861	0.0647601	0.0202252	0.0882857	0.0108292
145	D	2.57839	0.0394085	0.0987836	0.557396	0.0846162	0.00875567	0.00823219	0.00464335	0.0231934	0.00650954	0.00293576	0.0122193	0.0238839	0.0202046	0.0130148	0.00346724	0.00444984	0.0340858	0.0126275	0.0183533	0.023219
146	T	2.20982	0.0193094	0.0146708	0.0050522	0.0028638	0.0039217	0.00354339	0.0378129	0.00381161	0.0100919	0.0252809	0.0190402	0.00142026	0.00467954	0.0107253	0.00622815	0.592041	0.158786	0.000636199	0.00729259	0.0727923
147	T	2.90537	0.00547046	0.0437402	0.0251328	0.0161994	0.0126917	0.0184083	0.0698562	0.0333619	0.0178873	0.0221702	0.0242381	0.0400045	0.0235519	0.0308406	0.00597438	0.00333274	0.518395	0.0329499	0.0099727	0.0458221
148	Y	2.77385	0.00232256	0.00766657	0.0151549	0.0101306	0.0678519	0.013616	0.00740757	0.0634896	0.0136884	0.0201139	0.011323	0.0223036	0.202754	0.0254919	0.00621487	0.0144621	0.0219366	0.00998221	0.00789125	0.456199
149	Q	2.35597	0.00983784	0.0119857	0.0166851	0.00808893	0.0142046	0.0110872	0.0195415	0.00553414	0.0356025	0.012625	0.0362822	0.00735965	0.0177789	0.626488	0.0170734	0.0969839	0.0267294	0.007675	0.0102512	0.00818531
150	R	2.88258	0.0118804	0.00668705	0.00815263	0.0981827	0.0218346	0.00778464	0.00788266	0.0184641	0.0275334	0.0237471	0.0356607	0.008672	0.0553862	0.0254384	0.500772	0.0178361	0.00532073	0.0120083	0.0437353	0.0630214
151	T	2.72759	0.0218465	0.0103775	0.0275798	0.0447135	0.0164932	0.014292	0.0232242	0.0148565	0.0282093	0.0136578	0.0296565	0.0135335	0.0528166	0.00437936	0.0379305	0.0229548	0.570198	0.0250906	0.0183033	0.00988708
152	R	2.35534	0.0290897	0.0129076	0.0339089	0.0172769	0.036857	0.00568489	0.00503879	0.024567	0.0415753	0.0135673	0.00840919	0.00951568	0.0141345	0.0664182	0.632787	0.020956	0.0040763	0.00570835	0.0115847	0.00593688
153	A	2.86237	0.521557	0.0232744	0.0153503	0.00963932	0.00919631	0.0385779	0.0517299	0.0130695	0.00587011	0.0314378	0.00758831	0.0376334	0.0283899	0.0245192	0.0432059	0.00818517	0.0550061	0.0607995	0.00733755	0.00763259
154	L	1.50744	0.00261346	0.00452252	0.0217043	0.00131817	0.00493483	0.00382079	0.00231845	0.719674	0.000667973	0.169253	0.00136727	0.00681049	0.00444352	0.00429669	0.00300535	0.00272095	0.00498582	0.0329336	0.00280541	0.00580409
155	V	2.99873	0.0150415	0.0079798	0.0479276	0.00420152	0.01794	0.0059836	0.00848095	0.0449406	0.0159948	0.0268858	0.00349714	0.00616336	0.00636832	0.0238187	0.060732	0.136557	0.26439	0.296931	0.00278148	0.00338474
156	R	2.48232	0.0327369	0.00700465	0.0252752	0.0150409	0.00643938	0.0105005	0.00573124	0.0114858	0.0331765	0.00184026	0.0698856	0.00491263	0.0194334	0.00525418	0.59462	0.0605743	0.0411364	0.0363814	0.013376	0.0051949
157	T	3.07388	0.186242	0.0955145	0.00156665	0.00247762	0.00581146	0.0050418	0.00989046	0.111114	0.00477069	0.0323146	0.0622298	0.000491459	0.00163981	0.011828	0.0123918	0.289423	0.0940854	0.0688229	0.00316424	0.00118076
158	G	2.81716	0.0660578	0.0665216	0.0182186	0.00172133	0.0043765	0.502177	0.0564145	0.0872605	0.00446216	0.0137313	0.0102489	0.0112912	0.00778461	0.0336084	0.0088793	0.0509713	0.0106378	0.0172983	0.0105769	0.0177623
159	M	2.87309	0.00353932	0.00742905	0.166769	0.0239025	0.00547176	0.037078	0.0107423	0.0673798	0.003243	0.120351	0.414618	0.00433837	0.00310237	0.0115914	0.00569342	0.00921017	0.00828469	0.042551	0.042711	0.0119946
160	D	2.88275	0.0140781	0.0646123	0.517253	0.0568891	0.0338704	0.0271374	0.0348228	0.0248244	0.0339634	0.0165515	0.00622427	0.0330972	0.0177187	0.0604739	0.0117324	0.0124135	0.00588334	0.00984159	0.00527719	0.0133356
161	P	2.42624	0.487019	0.00409519	0.0115735	0.000998167	0.00107417	0.130924	0.0012423	0.00698213	0.0017968	0.00339974	0.00256091	0.0113579	0.151396	0.00172723	0.0890157	0.0624432	0.0080647	0.0152107	0.00456865	0.00455051
162	R	2.51412	0.0136539	0.0110328	0.0139325	0.0450485	0.00596636	0.0259005	0.0118359	0.0524083	0.0899476	0.0140216	0.0205568	0.0112348	0.0187154	0.0090172	0.594323	0.00870106	0.0133157	0.0159187	0.0176494	0.00681895
163	M	3.00271	0.00667494	0.261066	0.0118457	0.00331925	0.00391729	0.0067163	0.00745804	0.0623997	0.00625591	0.00869232	0.216504	0.00619681	0.000700719	0.00164493	0.00193481	0.0181425	0.170813	0.0621207	0.115185	0.0284129
164	C	3.25501	0.264814	0.193304	0.00401648	0.0011047	0.0103564	0.0110449	0.0291136	0.109837	0.0304864	0.0141919	0.0110147	0.0612979	0.00292035	0.0247156	0.0117999	0.142345	0.0151316	0.0379483	0.0212408	0.00331495
165	S	3.24066	0.122019	0.148687	0.0429528	0.0120566	0.0134227	0.0102737	0.00161703	0.0649602	0.00120985	0.0249432	0.00248999	0.0801092	0.156307	0.00146402	0.00301945	0.245613	0.0496203	0.00420398	0.00823756	0.00679324
166	L	2.58889	0.00525102	0.0105554	0.0352845	0.0222841	0.0373874	0.00523644	0.0163789	0.0256417	0.0173551	0.518302	0.193272	0.0105174	0.0109221	0.0119614	0.00152856	0.0168019	0.0186409	0.00673321	0.0275036	0.00844331
167	M	2.78089	0.00750882	0.0169212	0.0208174	0.00703879	0.00310709	0.00885955	0.112853	0.0354224	0.0147769	0.174277	0.459779	0.00803325	0.0103126	0.0141669	0.0179517	0.0201429	0.0225785	0.00400141	0.00867769	0.0327737
168	Q	2.40123	0.476153	0.0316159	0.00700156	0.00772296	0.0279858	0.00359173	0.00723366	0.0101261	0.00554931	0.00553174	0.00919391	0.0186143	0.00413888	0.294088	0.0142212	0.0335613	0.0123669	0.00832649	0.00728837	0.0156887
169	G	2.86226	0.0606398	0.00568463	0.00862758	0.0172569	0.0144286	0.478189	0.147361	0.0170453	0.00335464	0.0217356	0.0318927	0.00653136	0.0260254	0.00922303	0.00682443	0.0143683	0.0544307	0.0285589	0.0379104	0.00991165
170	S	2.49114	0.0824274	0.010965	0.00897436	0.0198635	0.0509379	0.00811839	0.00444719	0.0203034	0.023008	0.014164	0.00904411	0.0203956	0.00838308	0.0284154	0.0124905	0.601763	0.00807511	0.0298002	0.0316247	0.00680023
171	T	2.88278	0.00223799	0.328356	0.18012	0.0221568	0.00380097	0.0096661	0.0178095	0.0187534	0.00102389	0.0173517	0.160465	0.0350307	0.00986915	0.0124134	0.00169918	0.00650704	0.153261	0.0100169	0.00823369	0.00122695
172	L	3.26547	0.0664788	0.118071	0.00368298	0.0555939	0.073883	0.00119223	0.00376831	0.00684292	0.00519689	0.34404	0.00656766	0.0836241	0.0226911	0.0467942	0.0239766	0.0397826	0.00568605	0.0715025	0.00897239	0.0116526
173	P	3.286	0.0583694	0.0297969	0.0134217	0.0231961	0.0048826	0.0356839	0.128241	0.00564491	0.0115056	0.0262018	0.019217	0.0386023	0.381292	0.00186159	0.0440242	0.0667439	0.0546795	0.0185126	0.0093943	0.0287304
174	R	1.77912	0.0133552	0.0101911	0.014752	0.029459	0.00316196	0.0137933	0.0157988	0.00450975	0.00534932	0.0157942	0.0153137	0.01954	0.00521686	0.00768485	0.754108	0.00877264	0.00431657	0.00853731	0.038589	0.0117571
175	R	3.12311	0.0392411	0.0239767	0.00565762	0.00761889	0.0686045	0.011258	0.00823634	0.0430114	0.039434	0.0362586	0.00963905	0.0200152	0.0683791	0.00820287	0.4433	0.00867924	0.0042045	0.0360969	0.0577607	0.0604255
176	S	1.35773	0.787341	0.0246558	0.00233	0.00385715	0.00182726	0.0163631	0.016539	0.000900874	0.00584784	0.00232181	0.00169778	0.0015589	0.00518521	0.00476562	0.00181964	0.0998588	0.00148693	0.00338499	0.0121665	0.00609166
177	G	2.51634	0.0101953	0.0104984	0.00519812	0.0292971	0.108335	0.446925	0.00325282	0.0282668	0.00484229	0.00909845	0.00972159	0.00883523	0.00167317	0.010959	0.0111348	0.0073856	0.0182309	0.260329	0.0127153	0.00310672
178	A	3.05519	0.351148	0.00712726	0.0832946	0.00192283	0.019253	0.0373932	0.0118397	0.00969621	0.0204382	0.00654472	0.0118515	0.0102314	0.228578	0.029662	0.0391798	0.0180783	0.0784372	0.0247526	0.00625527	0.00431635
179	A	2.63604	0.568936	0.0246842	0.0352876	0.0602745	0.00941979	0.00720541	0.0183973	0.0164262	0.0122074	0.00807496	0.0201704	0.0822469	0.0344433	0.0102784	0.0107707	0.0334149	0.00837486	0.0211966	0.0137061	0.00448478
180	G	2.51155	0.0277806	0.0134769	0.0112146	0.0948555	0.0150566	0.601327	0.0170778	0.00570264	0.0136993	0.0294924	0.0147286	0.00646642	0.0168518	0.0243886	0.0114764	0.0103941	0.0186612	0.0296813	0.0122616	0.0254061
181	A	3.43119	0.270961	0.0246919	0.0759195	0.00346043	0.0293259	0.0775832	0.0370541	0.00516695	0.00713764	0.0362212	0.119043	0.0228567	0.00905574	0.00267973	0.0153024	0.169768	0.0313876	0.0272239	0.0214887	0.0136736
182	A	2.7403	0.445145	0.00354987	0.00198478	0.00621248	0.00457722	0.177948	0.124116	0.0130388	0.00520893	0.00618435	0.0101894	0.0350965	0.00608774	0.0412781	0.00674024	0.0364424	0.0118234	0.0348824	0.00550935	0.0239843
183	V	2.67508	0.0379417	0.00954906	0.00596173	0.00380339	0.00686767	0.0264606	0.00341323	0.318328	0.0338221	0.0367741	0.00440705	0.00459466	0.00451705	0.011674	0.00344855	0.0120716	0.0874503	0.362623	0.00303595	0.023255
184	K	2.26929	0.0283379	0.0392724	0.00516	0.0106831	0.0365745	0.00257133	0.0159135	0.00648974	0.645506	0.0126352	0.0207946	0.0126863	0.0711266	0.0180684	0.0161687	0.0101503	0.00458781	0.00452625	0.0353057	0.00344211
