#SITE	WT_AA	SITE_ENTROPY	PI_A	PI_C	PI_D	PI_E	PI_F	PI_G	PI_H	PI_I	PI_K	PI_L	PI_M	PI_N	PI_P	PI_Q	PI_R	PI_S	PI_T	PI_V	PI_W	PI_Y
2	A	1.90755	0.596242	0.00730212	0.00156394	0.0381104	0.00492801	0.0131886	0.000886592	0.00162325	0.00310019	0.000626195	0.0257267	0.00256706	0.0102172	0.00216088	0.0240389	0.0141739	0.0065392	0.243035	0.00206148	0.00190907
3	S	3.75413	0.040333	0.00401902	0.005904	0.0051819	0.0504939	0.0295884	0.0870073	0.0620639	0.00793797	0.102146	0.0569758	0.18678	0.012595	0.0283297	0.0128722	0.10006	0.104299	0.025956	0.0122917	0.0651655
4	Q	3.63111	0.0336914	0.0137374	0.00612229	0.0324784	0.242618	0.00799372	0.0126294	0.0664523	0.0326218	0.0502902	0.0713392	0.138002	0.000958706	0.0408833	0.000924346	0.0694476	0.0665171	0.0477323	0.00930739	0.0562525
5	G	3.0336	0.142999	0.139705	0.00944895	0.00367045	0.00454179	0.222889	0.0206229	0.00679751	0.00264441	0.000704811	0.00830606	0.0152822	0.00725629	0.000694372	0.225614	0.12026	0.00754315	0.00971341	0.00774254	0.0435644
6	T	1.29379	0.091692	0.00194098	0.00543942	0.00437045	0.00240266	0.00133226	0.00161736	0.0157536	0.00457872	0.000944454	0.00888736	0.0216863	0.00217514	0.00208668	0.00139922	0.0165878	0.800721	0.00162996	0.013598	0.00115643
7	K	1.58168	0.00161143	0.00206079	0.00595619	0.0360389	0.00346642	0.00104026	0.00145915	0.0279235	0.754148	0.00109791	0.00963384	0.078019	0.000517209	0.0085701	0.0136771	0.000732578	0.00552538	0.0347541	0.00704934	0.0067183
8	R	1.4826	0.0109331	0.0167269	0.00490483	0.00391689	0.00567051	0.00809741	0.00610875	0.00402886	0.00183865	0.0283772	0.0065815	0.00228785	0.0259504	0.0349263	0.797329	0.00551401	0.00970574	0.00350055	0.0218043	0.00179778
9	S	3.21969	0.148235	0.0141819	0.00113641	0.00519635	0.102044	0.00182753	0.00971365	0.00560246	0.00231756	0.0709965	0.0952759	0.0355154	0.00635757	0.0642721	0.0111606	0.296344	0.0922476	0.00113429	0.0119909	0.0244509
10	Y	3.77076	0.0206197	0.0862087	0.0938368	0.0897513	0.0477955	0.0102714	0.121371	0.0953723	0.00903613	0.0389277	0.00741747	0.0333875	0.0276271	0.0295864	0.00240747	0.0329969	0.017767	0.059771	0.0033822	0.172466
11	E	3.18279	0.0461726	0.0496837	0.107722	0.414272	0.00604001	0.0102088	0.0599647	0.0307945	0.07285	0.00827062	0.0110663	0.0137684	0.00511909	0.051521	0.00812118	0.0290638	0.0107163	0.0187889	0.0178317	0.0280236
12	Q	3.41088	0.0563327	0.0664755	0.00886124	0.0154758	0.0058994	0.00500567	0.115311	0.0139115	0.32121	0.0248508	0.0473245	0.0350067	0.00513279	0.0453703	0.0421272	0.122208	0.0267339	0.00927381	0.00980599	0.0236832
13	M	2.57983	0.0119434	0.0289997	0.0104945	0.0125763	0.0120404	0.0474249	0.00988347	0.0272079	0.0376722	0.0172353	0.569908	0.0124429	0.0074623	0.00609775	0.016681	0.0144856	0.017665	0.0145214	0.0079209	0.117337
14	E	0.923044	0.000397648	0.00319799	0.0121589	0.0526789	0.00139082	0.00688646	0.00343687	0.00563308	0.00766284	0.00229382	0.00319654	0.00458881	0.000521449	0.00398584	0.877246	0.00241578	0.000908291	0.00654257	0.00113228	0.00372532
15	T	3.32127	0.0341187	0.049714	0.0055951	0.055771	0.0221283	0.00379652	0.0941555	0.118662	0.00688766	0.0493509	0.0352258	0.0398677	0.00771933	0.0436284	0.00654696	0.0393211	0.356817	0.0188406	0.00604605	0.0058066
16	D	2.87826	0.00907386	0.0164751	0.455867	0.0194335	0.0150512	0.0240998	0.0469299	0.0104462	0.0119467	0.00593171	0.00843812	0.0226487	0.00641835	0.0557849	0.0131979	0.00928311	0.181733	0.0351235	0.00726703	0.0448507
17	G	3.51543	0.0680308	0.0715832	0.0121257	0.0082466	0.00132072	0.216143	0.0134081	0.0093314	0.165961	0.012162	0.0131244	0.0355872	0.0911883	0.127451	0.0144005	0.0430898	0.0445027	0.0402629	0.0104447	0.00163654
18	E	3.89014	0.0764073	0.00728823	0.146823	0.126775	0.0142924	0.0353825	0.032211	0.0438683	0.0141725	0.0223426	0.0368528	0.0617008	0.083532	0.0800846	0.00770518	0.0359081	0.0397429	0.098206	0.00331467	0.0333892
19	R	2.74155	0.0207436	0.0256092	0.00342272	0.00447018	0.0246374	0.0998964	0.0367625	0.00285244	0.134573	0.0202952	0.0111371	0.00636438	0.017228	0.00439741	0.492046	0.0203969	0.0449539	0.00585018	0.0211862	0.00317733
20	Q	2.55365	0.00901699	0.00686346	0.00191591	0.0186888	0.0061131	0.00565912	0.0381778	0.0139635	0.0180044	0.0195949	0.0132321	0.0157509	0.353684	0.372742	0.0728535	0.00589254	0.00916316	0.00156275	0.00590615	0.0112145
21	N	3.59157	0.0192794	0.0153235	0.0233935	0.00152342	0.00235556	0.0326875	0.0340857	0.0255036	0.0990963	0.032847	0.0510726	0.120058	0.00690293	0.0253329	0.0851045	0.137865	0.227453	0.0361721	0.00519507	0.0187489
22	A	3.33834	0.124509	0.00936803	0.00294286	0.0229476	0.00670643	0.013776	0.0351419	0.00646337	0.0762358	0.00710339	0.0116009	0.0717591	0.0271039	0.0169761	0.315831	0.064807	0.0542953	0.115867	0.00305579	0.0135094
23	T	3.73446	0.0667625	0.01744	0.0112768	0.00852642	0.0332617	0.0919787	0.0690519	0.0236858	0.0283207	0.0454777	0.0269527	0.0441596	0.0104743	0.0500725	0.0364218	0.240539	0.131646	0.0361735	0.00713735	0.0206412
24	E	3.58407	0.0563862	0.00883636	0.0165513	0.205672	0.0267937	0.00753266	0.0107272	0.0310763	0.0510822	0.024615	0.0960752	0.0422886	0.00517494	0.146616	0.0144862	0.0225728	0.0842553	0.13816	0.00432873	0.00676949
25	I	3.00281	0.0157504	0.0041973	0.118932	0.00805514	0.0376181	0.00378211	0.0239128	0.462397	0.00871431	0.0128405	0.0322659	0.016269	0.0436097	0.0778029	0.0222423	0.0157116	0.00935824	0.0320014	0.0277195	0.0268202
26	R	3.18101	0.0132367	0.0134532	0.00803206	0.0828954	0.0116746	0.0370781	0.0164735	0.027643	0.114577	0.010802	0.116122	0.0110746	0.0109266	0.0224832	0.382679	0.0603379	0.00836811	0.00169539	0.031596	0.0188517
27	A	3.73613	0.188283	0.0232872	0.00304742	0.0240327	0.0207819	0.0225439	0.0559591	0.0395897	0.148582	0.0210169	0.0620007	0.0059453	0.0105841	0.0219537	0.140897	0.049217	0.0507076	0.0669857	0.0244145	0.0201707
28	S	2.44848	0.0269479	0.0700594	0.00945441	0.00053278	0.00459025	0.0548777	0.0225558	0.00314863	0.160285	0.00294864	0.00174251	0.53705	0.0138196	0.00778253	0.0128477	0.042426	0.00416208	0.00630879	0.00220815	0.0162524
29	V	2.61703	0.0101353	0.0919287	0.0247171	0.0064815	0.0465758	0.00337702	0.0187683	0.457145	0.00705876	0.0283466	0.00403947	0.0162547	0.00524179	0.0135044	0.00729861	0.00257528	0.00647367	0.225762	0.0216952	0.0026209
30	G	1.38174	0.00851	0.00747892	0.00671547	0.005347	0.00147598	0.0646012	0.00217556	0.0209819	0.00211908	0.00357622	0.00445227	0.797637	0.00224866	0.00479191	0.00631548	0.00356657	0.00243912	0.00939767	0.0441088	0.00206129
31	K	3.39434	0.0837927	0.0709099	0.0370395	0.0381918	0.0056023	0.0285024	0.0199094	0.00334817	0.332806	0.0230032	0.0553536	0.0320324	0.00848198	0.0323698	0.149637	0.0159842	0.0210417	0.0210736	0.00945578	0.0114643
32	M	2.89148	0.0264105	0.0231897	0.0152904	0.0434328	0.00548817	0.0368129	0.00562563	0.0246539	0.0347313	0.0275615	0.515786	0.0152357	0.0457912	0.0104927	0.0272254	0.00645753	0.0698338	0.0511421	0.0101629	0.00467557
33	I	3.47718	0.0231989	0.0578643	0.0141992	0.0421085	0.0378851	0.0475473	0.0110897	0.278393	0.0210354	0.145908	0.0209363	0.021452	0.0124456	0.0140149	0.00385837	0.0163991	0.0418207	0.153856	0.0268492	0.00913862
34	D	3.76398	0.100435	0.00635705	0.0693066	0.0988154	0.0829779	0.10029	0.0471055	0.0788709	0.0102014	0.0979616	0.00711867	0.0059632	0.000651558	0.00540534	0.0143269	0.0416725	0.0343148	0.0873296	0.00251391	0.108382
35	G	3.41098	0.0898107	0.0256413	0.0201566	0.0355595	0.0447277	0.39724	0.0485587	0.0201064	0.0490164	0.0362469	0.0168968	0.0266977	0.0178974	0.0091189	0.0263363	0.0403162	0.0304595	0.0301207	0.0115384	0.0235537
36	I	3.45461	0.0316941	0.0240069	0.273555	0.0119956	0.0305715	0.015044	0.00624487	0.219187	0.0286357	0.0689818	0.0519624	0.0569564	0.0064394	0.00630025	0.0130985	0.0354733	0.0278579	0.0311194	0.0467359	0.0141396
37	G	3.49384	0.0300719	0.0174089	0.0195558	0.043887	0.022144	0.35839	0.0144524	0.088331	0.0796273	0.0150296	0.0113073	0.0485607	0.00917446	0.0418914	0.0469332	0.042406	0.0116662	0.0410945	0.0320378	0.0260303
38	R	3.37338	0.109017	0.0144198	0.0126483	0.0204857	0.00648179	0.0518499	0.118902	0.00929262	0.0222482	0.0212366	0.029136	0.0132923	0.0101415	0.0496112	0.350406	0.0555957	0.0418218	0.00743847	0.0357312	0.0202442
39	F	2.98968	0.128242	0.140333	0.0123407	0.00550419	0.114785	0.00748907	0.00333076	0.0178198	0.00279521	0.0109417	0.36723	0.0101686	0.0861678	0.00776686	0.00377827	0.00987485	0.0222703	0.0119605	0.00730128	0.0299008
40	Y	3.17759	0.0136862	0.0182598	0.0293736	0.00476885	0.0400903	0.0139211	0.200266	0.0122208	0.00717888	0.0271109	0.0343168	0.030097	0.0175373	0.0412265	0.0150186	0.0255077	0.0111734	0.0177515	0.0630788	0.377416
41	I	3.82072	0.0639501	0.0454042	0.00949785	0.0167682	0.0224129	0.0665857	0.0096747	0.0826892	0.018243	0.158147	0.134473	0.0705096	0.00722461	0.0680763	0.0142608	0.0172942	0.100752	0.0634766	0.00972454	0.0208354
42	Q	3.32093	0.0405627	0.0352439	0.0913757	0.0178485	0.00720667	0.0956807	0.0188984	0.0275491	0.0300645	0.0365215	0.00657943	0.0186973	0.0230184	0.398268	0.0459457	0.0100884	0.0241056	0.0366263	0.0154939	0.0202254
43	M	2.09618	0.0168284	0.0112422	0.00466389	0.00329572	0.0088698	0.0037371	0.0103405	0.0226366	0.0415494	0.0120154	0.0952914	0.663385	0.00452433	0.00662204	0.00505072	0.00740788	0.01489	0.0512244	0.0120958	0.00432939
44	C	3.62047	0.0294022	0.161047	0.0379929	0.00820723	0.0442443	0.033535	0.0129367	0.0137947	0.0312738	0.0616648	0.0588673	0.0228457	0.00677038	0.00431681	0.0255135	0.0144994	0.0508408	0.116768	0.241258	0.0242221
45	T	3.40319	0.0132372	0.11367	0.0477193	0.0120915	0.0179521	0.0190336	0.0441439	0.0362033	0.015634	0.0171882	0.0252942	0.0145488	0.00266055	0.0365598	0.0479554	0.0212549	0.171557	0.308957	0.0284693	0.00586966
46	E	3.60269	0.0261268	0.0342191	0.042518	0.297375	0.0375634	0.0322637	0.00960493	0.11823	0.0287704	0.0259525	0.0929592	0.028909	0.00991059	0.013779	0.00835028	0.026756	0.0631385	0.0646611	0.00887256	0.0300403
47	L	3.29336	0.0278843	0.229338	0.0204066	0.0116745	0.0616979	0.0462331	0.0189779	0.0410771	0.0113876	0.32434	0.0201564	0.00396378	0.0148823	0.0141003	0.0243397	0.0136122	0.0257671	0.0420298	0.0305101	0.0176216
48	K	3.83822	0.069104	0.018381	0.0200112	0.0188022	0.0483708	0.0335117	0.0430548	0.025757	0.24668	0.0115292	0.0201975	0.0872616	0.0408927	0.0430198	0.0671628	0.0543329	0.0446371	0.0753878	0.018434	0.0134715
49	L	3.55379	0.0174343	0.0406368	0.0331384	0.0156726	0.0507049	0.0200477	0.027664	0.0951146	0.0291047	0.346171	0.0295373	0.0171902	0.0434219	0.0370845	0.0204981	0.0238386	0.0282245	0.0791966	0.0386223	0.00669698
50	S	3.63453	0.19482	0.2121	0.0236255	0.0276621	0.00615094	0.0836947	0.0247557	0.00460179	0.0284019	0.0172584	0.0291862	0.0342093	0.0502132	0.0814568	0.0300636	0.0593707	0.0599201	0.0188701	0.00562464	0.00801445
51	D	3.75291	0.129716	0.00890916	0.0972171	0.0395342	0.00813922	0.0480009	0.00844513	0.0458853	0.00839073	0.0390515	0.0130876	0.195442	0.0469906	0.0373971	0.0782727	0.0279324	0.104794	0.0307831	0.00356604	0.0284458
52	Y	3.82369	0.035092	0.0317091	0.0315317	0.00802147	0.094452	0.0869843	0.0103953	0.0236978	0.015579	0.0394373	0.00132473	0.0340878	0.114113	0.0422888	0.0126333	0.066715	0.128007	0.0252496	0.0356797	0.163001
53	E	3.56502	0.0146948	0.0373714	0.0862238	0.333439	0.0448997	0.0121731	0.0348268	0.010853	0.0834077	0.0412889	0.0204118	0.0253111	0.031935	0.0498792	0.012937	0.0521119	0.0242535	0.0422894	0.0381076	0.00358528
54	G	3.51481	0.25198	0.00939045	0.0316003	0.0211953	0.0118758	0.216452	0.100264	0.0135058	0.013668	0.0204648	0.02083	0.0466318	0.0108616	0.0436026	0.034651	0.0483459	0.0435694	0.0265809	0.0231123	0.011418
55	R	3.62415	0.0356196	0.0481053	0.0278748	0.0418791	0.0147804	0.0503043	0.0620471	0.0193515	0.119033	0.073358	0.0128513	0.0352476	0.0146979	0.0468308	0.299233	0.0343453	0.0358437	0.0115456	0.00862431	0.00842707
56	L	3.51959	0.0117887	0.0115414	0.0277972	0.0132064	0.0130984	0.0176011	0.0345104	0.0883894	0.0239675	0.201276	0.190622	0.0251226	0.0298192	0.0141508	0.00817264	0.0156397	0.142663	0.102593	0.0165214	0.0115187
57	I	3.19812	0.0196359	0.00638428	0.0142165	0.0079612	0.0208233	0.0217188	0.00996752	0.226702	0.0282143	0.247917	0.0346137	0.0153421	0.0280209	0.0190633	0.0160082	0.00965274	0.012303	0.219553	0.0236182	0.0182838
58	Q	3.26561	0.00888638	0.0209257	0.0466167	0.0244799	0.0116641	0.0260376	0.0227698	0.0222779	0.0510891	0.0260457	0.0329785	0.0416918	0.0305475	0.44922	0.0325595	0.0168352	0.035406	0.021885	0.0518629	0.026221
59	N	3.08382	0.0289003	0.0122457	0.0244938	0.0185905	0.0271735	0.0131004	0.0491364	0.0168985	0.0286543	0.0146935	0.0346069	0.497207	0.0206636	0.026824	0.0413839	0.0382614	0.0337351	0.015067	0.0242353	0.0341289
60	S	3.56997	0.036616	0.0487752	0.0251222	0.00760042	0.0260528	0.0261667	0.00594908	0.0349239	0.0438683	0.0416629	0.170946	0.0259526	0.0788071	0.0247106	0.0419388	0.283741	0.0301535	0.0190819	0.0251825	0.00274857
61	L	3.36534	0.014192	0.0296253	0.00909325	0.00361357	0.017774	0.00586342	0.0290011	0.249861	0.011422	0.108883	0.0978256	0.0420557	0.00487068	0.018038	0.0129612	0.00576815	0.00818812	0.191073	0.0976893	0.0422025
62	T	3.28944	0.0859253	0.0405259	0.0105063	0.00966222	0.0196067	0.0152924	0.0222196	0.0271784	0.0156749	0.0291121	0.00778927	0.0395268	0.0186471	0.0100846	0.021941	0.295873	0.254945	0.0251601	0.0185049	0.031824
63	I	3.58841	0.0324644	0.0905023	0.00633275	0.035464	0.0157094	0.00708691	0.0243364	0.257657	0.0271939	0.0973787	0.0897211	0.031965	0.053852	0.0282886	0.0136323	0.00561498	0.0114694	0.13292	0.0164	0.0220115
64	E	3.54009	0.00735825	0.0433577	0.0244762	0.328072	0.0124951	0.016268	0.0218885	0.0751006	0.028311	0.0906937	0.0335231	0.00830333	0.0426962	0.0249355	0.0668843	0.023709	0.0187375	0.0832035	0.0104235	0.0395631
65	R	3.38424	0.023052	0.0731653	0.0424963	0.031674	0.035598	0.0686566	0.0285008	0.0199423	0.0595169	0.0187305	0.0127649	0.0568296	0.0256076	0.0332282	0.396202	0.0160145	0.0147271	0.0197235	0.0179774	0.00559251
66	M	3.30118	0.0758108	0.0149867	0.0193383	0.0137625	0.0656967	0.00959438	0.0207542	0.028349	0.041416	0.0350197	0.421405	0.0138969	0.0329702	0.0406125	0.0342993	0.00868777	0.042136	0.0432984	0.0260804	0.0118854
67	V	2.90236	0.0536023	0.0204636	0.00259162	0.0514085	0.0290091	0.0348371	0.0476705	0.498975	0.00679025	0.0448784	0.0283336	0.0344049	0.0109847	0.00516876	0.00249606	0.0180157	0.00557058	0.0717083	0.00335192	0.0297391
68	L	3.57794	0.0301692	0.023771	0.00557627	0.0256065	0.0552337	0.0227994	0.0498852	0.109908	0.00996048	0.183474	0.0604334	0.233243	0.00913276	0.0119458	0.0197861	0.01513	0.0218771	0.0733875	0.0302571	0.00842411
69	S	3.50881	0.0278615	0.0444871	0.00580178	0.0187781	0.0201637	0.100936	0.0380975	0.0173581	0.0510951	0.0146765	0.0238545	0.0218623	0.0215878	0.036979	0.0125722	0.339234	0.070537	0.0131812	0.0871331	0.0338026
70	A	3.21619	0.238218	0.0417792	0.0213926	0.0298609	0.014682	0.0734729	0.00359389	0.0168355	0.00205837	0.0131268	0.0222619	0.0101533	0.00489182	0.00844859	0.0213063	0.19921	0.220929	0.0258767	0.0253029	0.00659985
71	F	3.25176	0.00255019	0.0202109	0.00794563	0.0231341	0.142345	0.0128549	0.0364139	0.0201873	0.0129213	0.0544282	0.00498171	0.0560322	0.00619956	0.0177304	0.00832567	0.0116756	0.0180913	0.0463496	0.221048	0.276575
72	D	3.09549	0.024555	0.0221395	0.476737	0.0669696	0.015012	0.0247994	0.0531091	0.00840644	0.0158374	0.012197	0.0288481	0.0278345	0.0224013	0.0308873	0.0160131	0.0648985	0.00546031	0.0301047	0.0224701	0.0313195
73	E	3.70754	0.0565195	0.158703	0.00830396	0.0458813	0.0355044	0.0378149	0.0145634	0.0164394	0.00780827	0.109894	0.0113333	0.0256164	0.00364762	0.110408	0.0202934	0.01767	0.0403376	0.0992453	0.0168089	0.163207
74	R	3.33933	0.0446013	0.0265597	0.00431127	0.00539818	0.0390286	0.0320067	0.0678491	0.0117765	0.306684	0.0205323	0.12993	0.0322705	0.0123483	0.0148203	0.172421	0.033377	0.0155287	0.0101234	0.00998557	0.0104471
75	R	2.66184	0.00805281	0.00791468	0.0377919	0.0147298	0.00673227	0.0432701	0.00791002	0.0312738	0.0347631	0.0302771	0.0428664	0.0226429	0.00244041	0.0213243	0.574289	0.0282071	0.0157587	0.00369216	0.0456228	0.0204402
76	N	3.12384	0.0104109	0.0234832	0.0541389	0.00410856	0.0106215	0.0155474	0.00866663	0.165092	0.00934565	0.0269538	0.0398296	0.0957165	0.0047328	0.0277319	0.0127648	0.0674315	0.019653	0.381063	0.00398422	0.0187246
77	K	3.30604	0.0386861	0.33245	0.0112213	0.00529652	0.00103447	0.0484155	0.0419104	0.01512	0.0465887	0.0282443	0.00420285	0.0293963	0.00365609	0.0259447	0.0732157	0.057211	0.0537477	0.166894	0.00211493	0.0146497
78	Y	2.90609	0.0172049	0.0203327	0.0077944	0.00188673	0.20992	0.00155317	0.256305	0.00509173	0.0102133	0.0257862	0.00710576	0.0311298	0.00199374	0.0287222	0.0183688	0.0113621	0.0187552	0.0254306	0.0117759	0.289268
79	L	3.19747	0.0328319	0.0195006	0.116378	0.015299	0.0170145	0.00605328	0.0226849	0.0677016	0.00675392	0.415926	0.0554059	0.00947153	0.00914811	0.021845	0.00939948	0.0151595	0.0544529	0.0461683	0.0307099	0.0280955
80	E	3.81664	0.0300932	0.0186205	0.0736914	0.184432	0.0612356	0.0184699	0.0861909	0.0430195	0.0186549	0.0172088	0.0160579	0.0314415	0.00204684	0.0159645	0.0262189	0.15936	0.0591885	0.0664382	0.0281491	0.043518
81	E	3.88007	0.0226593	0.0784248	0.0350238	0.195363	0.0377577	0.0504769	0.0447065	0.0493321	0.0348481	0.0262982	0.0219095	0.0518612	0.0029545	0.0162593	0.0210723	0.0158003	0.0166385	0.0880925	0.117451	0.0730711
82	H	3.6051	0.0111361	0.0150813	0.00320553	0.00562076	0.170133	0.00172441	0.044652	0.0258649	0.0210074	0.0152349	0.0504826	0.0604887	0.000831925	0.206228	0.0412384	0.062204	0.048335	0.0516116	0.0429918	0.121928
83	P	3.94265	0.0976519	0.0551571	0.008715	0.0173815	0.0216346	0.12357	0.056595	0.0166019	0.0316414	0.0255255	0.0325706	0.0324877	0.142238	0.0957931	0.0314695	0.0715755	0.042525	0.0632685	0.00482034	0.0287775
84	S	3.58334	0.115557	0.0171099	0.00883013	0.0158168	0.0222445	0.0822993	0.0821964	0.0364826	0.0205536	0.0623718	0.274665	0.0273673	0.0169984	0.0394879	0.0057535	0.094526	0.0377422	0.0277384	0.00751948	0.00474009
85	A	3.78948	0.0663884	0.044081	0.0236263	0.023035	0.00998211	0.0468916	0.121672	0.0267298	0.0104493	0.0113679	0.00379474	0.0305124	0.058823	0.1088	0.0746266	0.0478834	0.144462	0.016144	0.000942985	0.129788
86	G	3.6778	0.0384407	0.0300934	0.00250166	0.0201544	0.029678	0.0567083	0.258719	0.0101769	0.0491107	0.0508677	0.0213558	0.104267	0.0326999	0.116096	0.0436948	0.0205949	0.0723297	0.00626782	0.0124086	0.0238353
87	K	2.61107	0.014249	0.0352734	0.013624	0.0156451	0.0039932	0.00742272	0.00942432	0.0173938	0.59218	0.0134846	0.03516	0.0343145	0.0130539	0.0516625	0.0448384	0.0211087	0.0205126	0.0250725	0.0184425	0.0131445
88	D	2.10183	0.00193564	0.0931217	0.0811382	0.00815962	0.00294944	0.00566288	0.008745	0.00463843	0.00842751	0.00425557	0.0102842	0.619343	0.000826877	0.00834209	0.00588789	0.10431	0.00434601	0.00261018	0.012312	0.0127033
89	P	3.72964	0.155993	0.0964648	0.0124508	0.0104625	0.140458	0.0664799	0.0242501	0.0183806	0.011809	0.00465079	0.0263008	0.0244566	0.133317	0.0181066	0.0123559	0.041871	0.0188913	0.0172946	0.0680886	0.0979185
90	K	3.73653	0.0390494	0.0187294	0.0106694	0.0187506	0.00371899	0.0755616	0.108032	0.0333482	0.117274	0.0532071	0.0570699	0.0982928	0.00145567	0.0649018	0.176113	0.0161111	0.068404	0.0300881	0.00283776	0.00638512
91	K	2.06756	0.00933395	0.0104479	0.00513231	0.038879	0.00131288	0.00613441	0.00733444	0.00521257	0.288683	0.00730787	0.0238854	0.0136768	0.00546344	0.00643305	0.540104	0.00820898	0.00297623	0.00282511	0.0138908	0.00275781
92	T	3.17799	0.017906	0.0676125	0.054416	0.00806705	0.00637363	0.0153095	0.024126	0.031763	0.0381662	0.0158039	0.0257729	0.0703012	0.0235823	0.0194182	0.0160077	0.0408653	0.453207	0.0163565	0.0315726	0.0233729
93	G	2.67203	0.0249393	0.0122777	0.0155717	0.0383117	0.0297198	0.571345	0.0137092	0.00428349	0.012978	0.0622711	0.00979641	0.0188377	0.0166941	0.00858686	0.0383576	0.00355472	0.0187234	0.0432913	0.0416933	0.0150574
94	G	3.25749	0.0265242	0.00680945	0.0482276	0.0207117	0.0148527	0.445805	0.0281473	0.0595781	0.0210625	0.0146896	0.0357704	0.0309656	0.0133861	0.0477859	0.0230965	0.0242965	0.035328	0.0426114	0.0415029	0.0188485
95	P	3.58963	0.142004	0.0180449	0.014668	0.0206454	0.0115709	0.0470243	0.0158996	0.0109724	0.0125262	0.0264177	0.0279607	0.0367882	0.248888	0.0112414	0.0293941	0.151143	0.0303958	0.0180562	0.0657394	0.0606201
96	I	3.39543	0.024344	0.0510679	0.00422584	0.0203262	0.035841	0.0276999	0.0329086	0.301214	0.0306145	0.0773045	0.0515948	0.00517532	0.0142689	0.00789804	0.00915061	0.0169534	0.0217359	0.200295	0.0539574	0.0134249
97	Y	3.27248	0.034786	0.0470982	0.0291676	0.0258997	0.0285533	0.0325341	0.0405706	0.034004	0.0163929	0.0250625	0.0413746	0.0314292	0.0253675	0.00754278	0.029949	0.0429318	0.0356517	0.00614247	0.0176893	0.447853
98	K	3.56711	0.00493032	0.0519615	0.0190068	0.0146293	0.00603452	0.00541589	0.0270607	0.010324	0.205729	0.0691009	0.098535	0.0746049	0.0144007	0.112857	0.143649	0.0113556	0.090679	0.014473	0.0213396	0.00391342
99	R	3.54541	0.12074	0.0154615	0.024189	0.0206594	0.0114611	0.0140422	0.0102175	0.101543	0.16333	0.0330465	0.0249154	0.0187227	0.00689217	0.0213568	0.237384	0.0648613	0.0142266	0.025536	0.00768064	0.0637348
100	V	3.73119	0.0422025	0.0688709	0.0134431	0.092418	0.0194267	0.0373339	0.0108816	0.00334439	0.00934025	0.040498	0.214035	0.0517353	0.0492022	0.0412469	0.0338127	0.038833	0.0164549	0.0566034	0.00497672	0.15534
101	D	3.6122	0.0407418	0.00930759	0.26456	0.13397	0.00459042	0.0136006	0.0276221	0.0245209	0.0112528	0.0653477	0.014114	0.0356654	0.117685	0.0150701	0.0249126	0.0545191	0.0493141	0.0409442	0.0123937	0.0398683
102	R	3.77446	0.0888349	0.0657492	0.0156244	0.00535161	0.0386978	0.0782829	0.0407366	0.0182171	0.103102	0.063048	0.0322918	0.00168458	0.00989405	0.0157035	0.142341	0.0214672	0.0148483	0.00829192	0.14598	0.0898533
103	K	3.7781	0.120743	0.0175846	0.0119298	0.0487094	0.00829655	0.0246858	0.029119	0.0289725	0.132818	0.0363971	0.0462718	0.0636228	0.0061422	0.0181666	0.126689	0.0380141	0.0344911	0.171402	0.0101657	0.025779
104	W	3.15024	0.0323687	0.059018	0.00877427	0.00639578	0.0452928	0.0557738	0.0205681	0.0133403	0.0124486	0.0181583	0.0646255	0.0493468	0.0155205	0.0391782	0.0163541	0.0145144	0.0109855	0.0321343	0.45652	0.0286818
105	M	3.68782	0.0189207	0.0341025	0.0259977	0.00230382	0.0229879	0.132276	0.168987	0.0328715	0.0107418	0.0670305	0.0917996	0.00760663	0.00268652	0.151635	0.00291326	0.0356648	0.076478	0.0555361	0.0274194	0.0320405
106	R	3.32602	0.0289422	0.0110974	0.00771531	0.00626669	0.00910934	0.0173151	0.0196358	0.0219778	0.188469	0.0166015	0.0725439	0.0447396	0.0126775	0.0182161	0.30754	0.105085	0.0117695	0.033341	0.0595953	0.00736179
107	E	3.20907	0.0346503	0.0538014	0.310128	0.262527	0.0175055	0.0207997	0.0113979	0.00917264	0.035788	0.0125345	0.0182125	0.0104234	0.00791931	0.0430192	0.0261564	0.0620355	0.0225569	0.0216949	0.016265	0.0034116
108	L	3.49131	0.034779	0.270204	0.00518794	0.0140709	0.0134078	0.0319251	0.039795	0.0249522	0.0150547	0.155572	0.0952708	0.00701828	0.104306	0.00893522	0.0252154	0.0233564	0.020364	0.0789326	0.00589794	0.0257541
109	V	3.14711	0.0321309	0.143382	0.011595	0.00177233	0.0182777	0.0101403	0.0141376	0.0159741	0.0623007	0.0405577	0.286867	0.00861324	0.00301562	0.231012	0.00805859	0.0236706	0.0106115	0.0602559	0.0137333	0.00389433
110	L	3.01773	0.0114887	0.0343153	0.0220283	0.0169031	0.0258021	0.0247272	0.014332	0.31181	0.0106036	0.306223	0.00921415	0.0134648	0.0206989	0.020569	0.0183619	0.00604492	0.0951041	0.0219718	0.00562931	0.0107078
111	Y	2.81597	0.0070479	0.016879	0.0286567	0.00468174	0.0572121	0.00205377	0.0196038	0.196436	0.00714406	0.0230915	0.0132032	0.0432168	0.00493145	0.00237478	0.00835217	0.0156896	0.441464	0.0416632	0.00353106	0.0627668
112	D	3.81055	0.0731933	0.0788573	0.210926	0.168713	0.0295746	0.0305172	0.0325469	0.0370085	0.0399362	0.0159999	0.0337622	0.0436566	0.0290086	0.0147744	0.0150859	0.050434	0.0315544	0.0161466	0.0153367	0.0329676
113	K	2.88465	0.0165896	0.0157621	0.0229202	0.0390351	0.0151439	0.00428043	0.0497457	0.020525	0.523219	0.0174416	0.0198803	0.0232571	0.0534561	0.0451382	0.056786	0.0260685	0.0285724	0.00286483	0.0109	0.00841431
114	E	3.39841	0.0291827	0.0603933	0.0438655	0.167548	0.336876	0.01597	0.0276716	0.0318273	0.0260592	0.0754275	0.0162376	0.00469227	0.011168	0.0359259	0.0196928	0.0217626	0.0161092	0.00843498	0.0324053	0.0187507
115	E	3.35616	0.0786983	0.0160959	0.0218742	0.404294	0.0195737	0.0423134	0.0615179	0.0265368	0.0304869	0.0075656	0.0392038	0.0162756	0.0460424	0.035886	0.037469	0.0126816	0.00320772	0.0454251	0.0342027	0.0206493
116	I	3.41018	0.0812415	0.0862632	0.0301497	0.0110446	0.0211794	0.0153046	0.0158037	0.270883	0.0125483	0.0480701	0.0812952	0.010903	0.0100688	0.0254197	0.0229017	0.00678565	0.0115307	0.20264	0.0276255	0.00834138
117	R	3.93921	0.0314899	0.0364462	0.0267649	0.039796	0.0440815	0.0228881	0.056336	0.0911412	0.044335	0.0429438	0.0281316	0.0273108	0.00947239	0.0637616	0.217606	0.0812831	0.039689	0.0547973	0.0309459	0.0107797
118	R	3.55292	0.0365345	0.0372024	0.00700197	0.0138752	0.010141	0.0155436	0.0544989	0.0156159	0.157101	0.017728	0.0458573	0.0284865	0.0245452	0.042988	0.29387	0.027885	0.0742623	0.00500852	0.0577881	0.0340663
119	I	3.80117	0.16183	0.0717839	0.00657009	0.0280672	0.0209108	0.0222441	0.0778939	0.115123	0.0185728	0.064615	0.0497186	0.0300727	0.0100474	0.0116097	0.0134862	0.0166558	0.160499	0.0549246	0.0408572	0.0245176
120	W	3.40206	0.0274566	0.0293404	0.0150015	0.104806	0.0259773	0.0345732	0.0477673	0.015925	0.0376536	0.0237625	0.0239128	0.0133613	0.0237991	0.0258802	0.030437	0.0424313	0.0193381	0.0341117	0.399244	0.0252213
121	R	3.60091	0.0292636	0.0173511	0.0123329	0.00256631	0.012044	0.0404271	0.0634081	0.0575906	0.0339217	0.0610613	0.0908866	0.0139787	0.0072885	0.0078529	0.135346	0.0118789	0.0163669	0.0330979	0.114315	0.239022
122	Q	3.49087	0.0227784	0.120097	0.00291404	0.00964265	0.00778623	0.0287687	0.0448686	0.277214	0.030481	0.0354207	0.035447	0.013834	0.00438058	0.0937247	0.0216198	0.0191678	0.126731	0.0772333	0.0203092	0.00758098
123	A	3.7048	0.261054	0.117692	0.0331197	0.0367117	0.0229496	0.0555805	0.0077955	0.0294187	0.0161619	0.0237802	0.0179797	0.0163772	0.023422	0.0224294	0.0246631	0.103394	0.0430712	0.0545529	0.0765264	0.0133201
124	N	3.59408	0.048403	0.0126897	0.048217	0.0132937	0.0128518	0.0125096	0.170937	0.0650377	0.0278444	0.00610434	0.0310148	0.256284	0.0220909	0.075604	0.0174911	0.0155882	0.0300186	0.0104497	0.0780981	0.045472
125	N	3.80214	0.0183763	0.0472621	0.0608956	0.0290616	0.0170462	0.112527	0.0494713	0.0523202	0.0219069	0.145936	0.00265919	0.119349	0.00471215	0.0143724	0.0796171	0.101054	0.0121499	0.0133261	0.0108574	0.0870983
126	G	3.7758	0.0362987	0.0441024	0.0110764	0.00141197	0.0109615	0.16397	0.0641646	0.0135109	0.140795	0.0722257	0.0234216	0.0997821	0.00970801	0.0687475	0.0253666	0.0440161	0.100003	0.0171241	0.00664521	0.0466691
127	D	4.04274	0.0239638	0.0192905	0.0649128	0.0693679	0.134176	0.0213566	0.0798	0.0673079	0.0474164	0.0599242	0.0181057	0.0503661	0.0161405	0.0472187	0.0398611	0.115786	0.0125375	0.0530441	0.0167481	0.0426765
128	D	3.79705	0.073478	0.01855	0.0563489	0.0362934	0.029649	0.0196597	0.0180958	0.0146706	0.0721824	0.160898	0.17182	0.073661	0.00630896	0.0258209	0.0176992	0.0834515	0.0743791	0.0210654	0.00659263	0.0193753
129	A	3.28865	0.0822511	0.0115382	0.00936578	0.00717509	0.0107401	0.111029	0.0174969	0.00947124	0.0961337	0.0349146	0.324732	0.0101038	0.0107988	0.0191693	0.0145022	0.0419179	0.135347	0.0388802	0.00141602	0.0130172
130	T	3.48562	0.0384334	0.0204023	0.00478001	0.00165663	0.0198665	0.01265	0.172	0.0156005	0.22154	0.0398874	0.0224666	0.0650318	0.107411	0.00510395	0.0481179	0.0113555	0.142253	0.0218675	0.0154189	0.0141577
131	A	3.29583	0.157119	0.00906848	0.04564	0.017868	0.0202414	0.0111527	0.0622464	0.0103026	0.0112755	0.0158297	0.00897658	0.0392226	0.346842	0.0117691	0.026964	0.0678312	0.0179192	0.0948491	0.0148287	0.0100533
132	G	3.30062	0.0775577	0.0453709	0.0251352	0.00515297	0.0303346	0.424156	0.00428702	0.0169074	0.0347411	0.0229382	0.0362405	0.0268353	0.0283805	0.0241455	0.0428941	0.0308862	0.0293327	0.0528812	0.00874318	0.0330797
133	L	2.95761	0.0366285	0.0240556	0.00332315	0.00806961	0.0107371	0.0236686	0.0059139	0.317841	0.0120569	0.307646	0.0592918	0.00394491	0.0111653	0.0125076	0.0548789	0.0136747	0.0124066	0.0135273	0.00796152	0.0607008
134	T	3.27878	0.04685	0.047278	0.0140311	0.00788073	0.00687844	0.0121268	0.0194602	0.0149779	0.00427861	0.00898832	0.0392309	0.0430536	0.0098286	0.00916613	0.00878936	0.0897043	0.335046	0.105429	0.0266999	0.150302
135	H	3.5068	0.0250703	0.0356859	0.0221496	0.0369417	0.00654062	0.0305844	0.346319	0.0298441	0.0793508	0.0355806	0.0115367	0.0326767	0.0186185	0.0404819	0.021626	0.019293	0.0166369	0.0431838	0.121757	0.0261225
136	M	2.99052	0.0213064	0.0264817	0.00249842	0.0130278	0.0358289	0.0227712	0.0120997	0.383378	0.00944613	0.152792	0.179895	0.0184504	0.00803593	0.0164152	0.00986502	0.00840483	0.0201407	0.0390175	0.00254349	0.0176017
137	M	3.295	0.0224971	0.0348896	0.0215809	0.0316085	0.0130347	0.0154963	0.042553	0.0830707	0.0405664	0.0276878	0.420075	0.0151492	0.0407058	0.00786148	0.0159137	0.0266715	0.0608094	0.0164549	0.053996	0.00937857
138	I	3.05899	0.0124333	0.0174585	0.00806262	0.0138915	0.0483386	0.00457992	0.0339215	0.476697	0.0659683	0.064687	0.0453309	0.0316396	0.0155035	0.0252681	0.0200618	0.0320635	0.0252357	0.0417656	0.0051993	0.0118942
139	W	3.34095	0.00782755	0.0428122	0.0106873	0.0278649	0.0541954	0.0518795	0.0755571	0.0224326	0.0153184	0.0275052	0.0295867	0.0147117	0.0464119	0.00730112	0.0217206	0.0329116	0.0190138	0.0319613	0.410738	0.0495633
140	H	3.52866	0.00501402	0.0538722	0.0337411	0.0223268	0.022444	0.0219062	0.252442	0.00769262	0.0112811	0.0474441	0.0223811	0.043976	0.00666544	0.221387	0.0437615	0.0256861	0.0334506	0.0524437	0.0137893	0.0582953
141	S	3.32992	0.151315	0.0334935	0.0145802	0.0419347	0.0208874	0.129978	0.00918964	0.00951204	0.00527895	0.00530599	0.0220431	0.021722	0.039685	0.00665576	0.0163257	0.333184	0.0385099	0.0337295	0.0227118	0.043958
142	N	3.41705	0.0202044	0.011776	0.0730487	0.0305686	0.0119707	0.014281	0.053963	0.0235087	0.0243755	0.0259262	0.0396293	0.400121	0.0558094	0.0412432	0.0275053	0.0352498	0.0186661	0.0223691	0.0261996	0.0435842
143	L	3.11268	0.00605885	0.0589371	0.011543	0.0107206	0.0509615	0.0269451	0.0172164	0.011362	0.0310223	0.469879	0.0511906	0.0141264	0.0316854	0.00617388	0.0390498	0.0229125	0.0216729	0.0238815	0.0501461	0.0445155
144	N	3.48811	0.0456766	0.129698	0.0330508	0.0158733	0.0138038	0.0161747	0.0191935	0.0810834	0.0124408	0.0158107	0.114771	0.265904	0.0317751	0.0168323	0.00965481	0.0152799	0.0104887	0.127199	0.0102778	0.0150114
145	D	3.21943	0.0474556	0.010888	0.426988	0.0686973	0.0670121	0.0218153	0.0437669	0.0153781	0.00488835	0.00332788	0.0173115	0.0651179	0.0202677	0.020151	0.031714	0.00654748	0.0136434	0.0293331	0.0479004	0.0377959
146	T	2.61897	0.124984	0.0463056	0.0100632	0.029467	0.00533548	0.00612075	0.023729	0.0110596	0.0491467	0.00787925	0.00628826	0.0023325	0.00732351	0.00415589	0.0163604	0.507596	0.119074	0.00397215	0.0111606	0.00764561
147	T	3.40203	0.0410379	0.0308902	0.0110838	0.0287812	0.0215517	0.0226424	0.0514387	0.0526485	0.0539452	0.0187108	0.0481312	0.0184444	0.00733044	0.0709044	0.0365104	0.0206165	0.400104	0.0246388	0.0237977	0.0167916
148	Y	2.91941	0.00807778	0.0399541	0.008967	0.00859271	0.0485476	0.0456085	0.0461958	0.102502	0.00700857	0.00685183	0.0245071	0.045937	0.0167548	0.0101862	0.0154328	0.0110025	0.014626	0.0175133	0.0272699	0.494465
149	Q	2.94622	0.0076083	0.0132257	0.0092094	0.0221175	0.0191525	0.0205486	0.0436611	0.00845435	0.0444078	0.0245141	0.0288174	0.0395911	0.0113111	0.515923	0.0381954	0.0385837	0.0187991	0.0436441	0.00692571	0.0453101
150	R	3.22934	0.0325874	0.0366267	0.0116276	0.0124962	0.0208407	0.0564179	0.032794	0.0284144	0.0294685	0.0537415	0.0500058	0.0115922	0.0281476	0.0111546	0.44861	0.031893	0.0226353	0.0110702	0.0527599	0.0171169
151	T	3.31566	0.114527	0.0264529	0.0235403	0.0120272	0.0146442	0.015448	0.0199043	0.0427436	0.0409567	0.00702353	0.00578224	0.0664002	0.00875575	0.010322	0.0250197	0.125665	0.36013	0.0355653	0.0274301	0.0176617
152	R	2.79728	0.018262	0.0127131	0.0390876	0.00504205	0.0381576	0.0240247	0.0111666	0.0417102	0.0792435	0.0210521	0.00966896	0.00419044	0.0179337	0.00964248	0.522585	0.0165928	0.0875125	0.0230577	0.00792162	0.010435
153	A	3.36806	0.394403	0.0379433	0.0296888	0.0239001	0.0058439	0.0486194	0.0943648	0.0164235	0.0238855	0.0211674	0.0353222	0.0372132	0.0326349	0.0409659	0.0144031	0.0751372	0.0143775	0.0252008	0.00909348	0.0194119
154	L	3.10578	0.00953376	0.0346235	0.00839118	0.0191537	0.0208959	0.0173736	0.0346409	0.2789	0.00911254	0.260873	0.164978	0.0265745	0.00686839	0.0076884	0.00967837	0.0109642	0.0119131	0.0397436	0.00933347	0.0187594
155	V	3.6389	0.0264288	0.017275	0.0401274	0.0167176	0.0598015	0.0321177	0.0183611	0.173342	0.052236	0.0206615	0.0296871	0.0371357	0.010443	0.0423817	0.0212197	0.0705358	0.0297679	0.269164	0.0125738	0.0200228
156	R	2.83933	0.0295024	0.0187687	0.00381493	0.00498559	0.0228284	0.0298771	0.0529611	0.0328677	0.0105404	0.0204833	0.0265795	0.0122738	0.0346604	0.0364954	0.53814	0.0155613	0.00923658	0.0467713	0.00993505	0.0437171
157	T	3.5726	0.0940631	0.0894679	0.00592884	0.00564331	0.0143931	0.0124582	0.00386222	0.142968	0.00866615	0.0670489	0.0468123	0.0954997	0.00557343	0.0294079	0.00695773	0.0850492	0.150757	0.126077	0.00551127	0.00385576
158	G	3.501	0.0537053	0.119754	0.00809644	0.0108634	0.0255926	0.290542	0.113298	0.00871944	0.0110556	0.0275068	0.0114147	0.0125433	0.00890306	0.0526278	0.0112584	0.0268343	0.0261577	0.0269493	0.0699213	0.0842566
159	M	2.65732	0.00703265	0.0184164	0.00406728	0.0267224	0.00197642	0.0125048	0.0143188	0.0208518	0.0455239	0.390044	0.33342	0.0126985	0.0135086	0.0205752	0.0157635	0.008168	0.0150185	0.0109803	0.014717	0.0136922
160	D	3.12691	0.0299289	0.0734338	0.480336	0.0291129	0.0141687	0.0352594	0.0307328	0.0229006	0.0174194	0.0198921	0.0275102	0.019358	0.0256536	0.012178	0.0184084	0.0183161	0.0163199	0.0406506	0.0245705	0.0438501
161	P	3.46453	0.228848	0.0357042	0.0291186	0.00547753	0.00392082	0.047945	0.0178759	0.031214	0.0140149	0.015481	0.0157302	0.0293463	0.154416	0.0657591	0.0452246	0.190755	0.0119784	0.0474619	0.00381357	0.005915
162	R	3.20726	0.0156984	0.0230118	0.0189513	0.00752558	0.0544729	0.0212829	0.0140439	0.0436531	0.0711036	0.0392003	0.0425915	0.00487275	0.0305003	0.0273151	0.43989	0.0252562	0.00960366	0.0667559	0.0335502	0.0107204
163	M	3.2406	0.0984066	0.107288	0.00811588	0.0079775	0.0308439	0.00712818	0.0107848	0.0234685	0.00542521	0.0585886	0.173104	0.0145268	0.00576467	0.00913952	0.00574443	0.00966078	0.273934	0.128077	0.00594391	0.0160782
164	C	3.21271	0.14835	0.129998	0.00547273	0.00942759	0.0207008	0.0188576	0.0157415	0.0528055	0.00281892	0.00529995	0.331182	0.0672358	0.00814866	0.00148665	0.0170024	0.0406864	0.0459275	0.0634195	0.0109927	0.00444576
165	S	2.64914	0.0681873	0.0659171	0.00583283	0.00789024	0.00673355	0.0174091	0.00157199	0.0041938	0.00347191	0.00426817	0.0598809	0.481571	0.024166	0.0132999	0.000575769	0.169418	0.0314748	0.00578703	0.00471267	0.0236372
166	L	2.79292	0.00554573	0.00407585	0.0130128	0.053206	0.00771012	0.00193829	0.00981011	0.0971031	0.00865515	0.214252	0.414283	0.0103271	0.0134969	0.0695873	0.00555178	0.0141246	0.0268848	0.0103964	0.00528278	0.0147563
167	M	2.92627	0.0122652	0.0169871	0.00598949	0.0183572	0.00455999	0.0068797	0.0183578	0.0917215	0.0195037	0.340329	0.300774	0.0105472	0.0143084	0.0326168	0.0111378	0.0116595	0.0215632	0.0220307	0.0266592	0.0137527
168	Q	3.26299	0.194292	0.0195617	0.0126425	0.0173037	0.011642	0.00407339	0.0445357	0.00549004	0.0223899	0.0261432	0.0565325	0.0100489	0.0371746	0.292027	0.0193542	0.163218	0.0103914	0.0108002	0.0292476	0.0131317
169	G	3.11907	0.0432392	0.0781675	0.0292171	0.0119587	0.0291379	0.469148	0.0301805	0.0180886	0.0384806	0.010392	0.0288752	0.0338184	0.00745269	0.02366	0.011	0.0171866	0.0275685	0.0412645	0.00554545	0.0456184
170	S	3.08814	0.0264329	0.0161922	0.00499448	0.00633101	0.0125755	0.0961145	0.0334314	0.0118084	0.0283741	0.030405	0.0297284	0.101346	0.0354502	0.00508321	0.0130906	0.440485	0.0355766	0.0197185	0.048699	0.0041627
171	T	3.31814	0.0269973	0.109911	0.0836316	0.00673133	0.0255018	0.0139566	0.00758889	0.049399	0.0303503	0.0117461	0.115352	0.0510696	0.0111688	0.00815596	0.0067591	0.0218141	0.350118	0.0261564	0.0390893	0.00450277
172	L	3.38356	0.0296872	0.0465828	0.00795099	0.0199029	0.0210396	0.00716141	0.0222892	0.16031	0.0516344	0.337321	0.0315588	0.0188006	0.0366449	0.0977196	0.0272953	0.0203138	0.0233745	0.022229	0.0108315	0.0073527
173	P	3.48995	0.113143	0.0128741	0.0113664	0.0222422	0.0610275	0.0110815	0.0205889	0.00887807	0.0371037	0.0214114	0.00473331	0.0500471	0.237255	0.188838	0.0164887	0.0446037	0.0630019	0.0684598	0.00459926	0.00225649
174	R	2.71405	0.00775661	0.0269188	0.0124873	0.0101251	0.0199462	0.0323416	0.00674682	0.0154313	0.0536894	0.0626012	0.0523699	0.0303353	0.00297622	0.00765781	0.555499	0.0303111	0.0130043	0.0178765	0.0352936	0.0066317
175	R	2.45258	0.00839581	0.0123056	0.00890456	0.0061768	0.00708368	0.0116156	0.00696259	0.00786029	0.51098	0.00691851	0.0899655	0.0108982	0.00264874	0.0095715	0.211595	0.012939	0.0143008	0.0293641	0.0280073	0.00350635
176	S	3.26325	0.0562905	0.0953426	0.0219886	0.00556462	0.0295003	0.0703214	0.00871895	0.0174514	0.0264839	0.0118771	0.0360534	0.0135611	0.0384245	0.0189003	0.0120151	0.409147	0.0494777	0.0108509	0.0134367	0.0545944
177	G	3.17805	0.0236454	0.00991352	0.0372034	0.0292256	0.0366883	0.44685	0.0349267	0.00328475	0.0121468	0.0131812	0.097738	0.0309622	0.0429258	0.0371681	0.0446121	0.0301366	0.0130162	0.0208371	0.0118879	0.0236504
178	A	3.76478	0.165012	0.00553855	0.0442598	0.0124188	0.0115986	0.0136818	0.0119754	0.0251155	0.0853997	0.109093	0.0818758	0.120898	0.0579623	0.102831	0.062489	0.0121203	0.022197	0.0338971	0.010288	0.0113476
179	A	3.08198	0.468715	0.0199537	0.00565256	0.057698	0.0339289	0.0340405	0.0234902	0.0366018	0.0174573	0.0109897	0.00992204	0.0465466	0.0669536	0.0202416	0.00569494	0.0550557	0.049251	0.016579	0.00842307	0.0128043
180	G	3.17282	0.0146666	0.0553409	0.0287121	0.0176575	0.0199984	0.46527	0.0506531	0.0116856	0.0116802	0.0269838	0.0352345	0.0179569	0.0319593	0.0114241	0.0527135	0.0503478	0.0277701	0.0271471	0.0155499	0.0272481
181	A	3.65828	0.145329	0.00605487	0.044058	0.0564614	0.139915	0.03871	0.106012	0.00562217	0.00359431	0.0210331	0.0122615	0.0411079	0.00296006	0.0599491	0.0395232	0.0409432	0.011908	0.0124929	0.180574	0.0314909
182	A	3.5563	0.286809	0.030487	0.0160237	0.0271483	0.0536665	0.0353142	0.0311427	0.00620539	0.00484151	0.0299319	0.0219932	0.151804	0.0179566	0.0680926	0.0107137	0.0755016	0.024975	0.0233318	0.0116907	0.0723708
183	V	3.17457	0.0251962	0.00692617	0.0345822	0.00541962	0.0515785	0.00755341	0.00578512	0.182814	0.00917951	0.0210993	0.0585458	0.0106418	0.0134973	0.0192708	0.0109509	0.0418318	0.236458	0.247716	0.00745476	0.00349897
184	K	3.00875	0.00674159	0.0109455	0.022962	0.0854018	0.0199502	0.0403118	0.0188078	0.025825	0.486534	0.0352814	0.0463189	0.0137575	0.0111449	0.0558952	0.0238412	0.0341883	0.0159832	0.00736607	0.0336601	0.00508382
185	G	3.2227	0.0340414	0.015205	0.0629994	0.0465334	0.0239542	0.446971	0.0604958	0.0296054	0.0348826	0.0137132	0.0236476	0.0307658	0.00837089	0.0186325	0.0511463	0.0335631	0.0103125	0.0286388	0.0109841	0.015537
186	V	3.31289	0.0269215	0.0369129	0.0151123	0.0103298	0.0164781	0.00722372	0.0345403	0.253958	0.00977412	0.020203	0.0471932	0.00599027	0.0562974	0.195277	0.00520662	0.0107819	0.0502928	0.179598	0.0100267	0.00788229
187	G	3.01635	0.249582	0.0316394	0.0104438	0.0305277	0.00729488	0.377157	0.0269027	0.015434	0.0173382	0.0167477	0.0175619	0.0142936	0.00562729	0.00942817	0.0139312	0.0214818	0.0166949	0.0708597	0.030897	0.0161568
188	T	3.09141	0.0368471	0.0337695	0.0187312	0.0246839	0.0178921	0.0242075	0.00504641	0.0193829	0.0443896	0.0067946	0.0172293	0.00817298	0.0232193	0.0194991	0.0145898	0.184455	0.417038	0.0284706	0.0127697	0.0428112
