# POSITION WT SITE_ENTROPY PI_A PI_C PI_D PI_E PI_F PI_G PI_H PI_I PI_K PI_L PI_M PI_N PI_P PI_Q PI_R PI_S PI_T PI_V PI_W PI_Y
1 M 3.47004 0.0353328 0.0401152 0.031109 0.0202269 0.0285023 0.0230015 0.0426552 0.0337847 0.0343939 0.0270443 0.39561 0.0445413 0.0225765 0.0264943 0.01784 0.0156172 0.0232091 0.0287921 0.0780011 0.0311524
2 A 1.43958 0.784453 0.00644845 0.00778119 0.0139243 0.00811384 0.00308155 0.00551954 0.00520223 0.00866712 0.00173504 0.0372653 0.00391703 0.00106364 0.00367563 0.0041081 0.00233033 0.00306261 0.0830767 0.00984618 0.00672807
3 S 1.79133 0.0100447 0.000407996 0.000603603 0.00105464 0.380369 0.00106108 0.00623559 0.00480093 0.00268367 0.0383034 0.00501535 0.000512422 0.00114554 0.000674305 0.0036413 0.0436698 0.00634151 0.00173794 0.00236704 0.489331
4 Q 3.3026 0.0186243 0.00185669 0.000507786 0.0112581 0.301243 0.00514135 0.0550237 0.0422043 0.0163515 0.0528547 0.0102859 0.072686 0.00083572 0.00812577 0.151203 0.098685 0.0108981 0.016506 0.0308742 0.0948351
5 G 2.31017 0.0449256 0.073998 0.000695855 0.000273482 0.000311874 0.0265023 0.00205681 0.000200374 8.36599e-05 0.000135172 0.000241021 0.0735676 0.013922 0.000885254 0.0248232 0.162739 0.0450304 0.000134557 0.525714 0.00375943
6 T 1.67612 0.00416191 0.00509824 0.00486908 0.00404737 0.00402091 0.014193 0.0189167 0.195511 0.00645607 0.00143923 0.00763257 0.00617102 0.0165422 0.00495537 0.00367711 0.00228 0.681987 0.00211214 0.0127804 0.00314833
7 K 1.31479 0.00390579 0.00864631 0.0120007 0.0129389 0.00799478 0.00291761 0.00312502 0.0156357 0.829829 0.00202014 0.00848432 0.030544 0.00187184 0.0117048 0.0100023 0.002144 0.00941045 0.00322912 0.0184573 0.00513861
8 R 2.00502 0.00326983 0.0148584 0.00508955 0.0056236 0.00531934 0.0202107 0.00228551 0.00213574 0.00418291 0.00280565 0.0135849 0.00367375 0.00494451 0.388207 0.454708 0.00226108 0.00959118 0.00310151 0.0501394 0.00400809
9 S 2.56423 0.0773096 0.0026826 0.000408647 0.00113494 0.146445 0.000322691 0.000705777 0.00894796 0.000290973 0.282173 0.0260384 0.331853 0.000139173 0.00182635 0.000503249 0.0690334 0.000872272 0.0105567 0.00801452 0.0307422
10 Y 3.22271 0.317889 0.0359376 0.00373297 0.00083222 0.0128287 0.0179165 0.123312 0.115868 0.0055022 0.0663843 0.0192176 0.0478714 0.00590222 0.0670881 0.00328645 0.0055196 0.0430826 0.00493301 0.00039671 0.102498
11 E 3.1769 0.0352248 0.00854864 0.00799757 0.169934 0.0314919 0.00725082 0.0120855 0.0689614 0.0196817 0.0046498 0.0235276 0.0103034 0.00186419 0.0172969 0.171804 0.227052 0.00265159 0.171652 0.00403458 0.00398873
12 Q 2.26061 0.00851271 0.00372989 0.00489577 0.00123641 0.00393487 0.00455748 0.0457755 0.0218437 0.554799 0.0223438 0.0032043 0.0070754 0.00540778 0.0207542 0.209964 0.04946 0.00846742 0.0123127 0.0108321 0.000892587
13 M 2.2119 0.0205152 0.0301073 0.07048 0.00721828 0.0121216 0.0122342 0.0036144 0.0643209 0.0166135 0.0163379 0.65346 0.022736 0.00828729 0.0159627 0.00628066 0.00468859 0.0114593 0.00591119 0.0155943 0.00205677
14 E 3.116 0.0277877 0.165903 0.046092 0.303002 0.00918896 0.0119318 0.00959434 0.0134406 0.0340243 0.00328017 0.00543187 0.0382396 0.00295289 0.0558753 0.00226002 0.0163295 0.208547 0.0249883 0.0142637 0.00686641
15 T 2.68027 0.00313684 0.0105198 0.0320988 0.0736655 0.00458582 0.00135175 0.143137 0.422067 0.00754284 0.0211049 0.00490266 0.0161912 0.00503107 0.00521178 0.0163805 0.00468439 0.198791 0.00821932 0.015128 0.00624947
16 D 3.03641 0.00923569 0.0465254 0.394134 0.0567177 0.0104098 0.107348 0.0204471 0.0252354 0.0132225 0.00393267 0.0489575 0.054095 0.0023542 0.155336 0.00230553 0.00951617 0.0116976 0.0059406 0.00879332 0.0137958
17 G 3.02393 0.00416726 0.0025374 0.00363894 0.0102319 0.0230564 0.245151 0.0161403 0.0143943 0.0805748 0.00327323 0.154932 0.00603125 0.290278 0.0179119 0.0347641 0.0351896 0.0340831 0.0151175 0.00589324 0.00263314
18 E 3.73794 0.0485901 0.0184072 0.0766869 0.193883 0.0493532 0.00787919 0.0113822 0.0337177 0.00864239 0.00743139 0.00564356 0.0591347 0.0816923 0.010971 0.0322679 0.0595546 0.117528 0.094138 0.079145 0.00395166
19 R 2.0305 0.0190329 0.0201496 0.00703105 0.00897552 0.0119772 0.0122822 0.0573969 0.00987207 0.0261012 0.00289914 0.0155701 0.0116063 0.00212225 0.0418767 0.700812 0.00777873 0.0103599 0.00696345 0.0167714 0.0104216
20 Q 2.11042 0.00678151 0.0314002 0.00416414 0.0094672 0.00542324 0.0072064 0.00963812 0.00356754 0.00501531 0.0448544 0.00613629 0.00524691 0.175656 0.617189 0.0206313 0.00302031 0.0130045 0.00858184 0.00823774 0.014777
21 N 3.06306 0.00668485 0.00800608 0.0227324 0.000743109 0.00178013 0.00457221 0.00667155 0.00630808 0.119288 0.0125553 0.0996966 0.136759 0.00704834 0.0213019 0.145775 0.296675 0.0890744 0.00550794 0.00738587 0.00143439
22 A 2.64113 0.142479 0.00919509 0.00381713 0.00540754 0.00693858 0.0102824 0.00953024 0.00114039 0.0215779 0.0239255 0.0170359 0.00301258 0.0333025 0.0163369 0.10887 0.505325 0.0244699 0.0309644 0.0245309 0.00185791
23 T 3.09358 0.0398055 0.155618 0.00162435 0.000919846 0.0188588 0.00946799 0.0582921 0.00133106 0.0125473 0.160135 0.0175028 0.00909418 0.00227567 0.333464 0.0730417 0.0276333 0.0423763 0.0236902 0.00328856 0.00903228
24 E 2.43441 0.0122718 0.0107019 0.00643774 0.16636 0.0129132 0.000692054 0.199637 0.00752765 0.0029311 0.00492808 0.00440457 0.0029154 0.011559 0.470364 0.0160658 0.00970965 0.0142545 0.0366461 0.00694447 0.00273671
25 I 0.702249 0.0152186 0.000775881 0.000748132 0.000144322 0.00105924 0.907963 0.000877301 0.0398934 0.00113247 0.000397616 0.0101742 0.00164228 0.000361298 0.00530497 0.00143467 0.0022063 0.000113002 0.00259309 0.00570267 0.00225741
26 R 2.77535 0.01049 0.0333085 0.0269476 0.0255011 0.0101692 0.0148433 0.0423042 0.0153301 0.0654648 0.0119477 0.0382389 0.00862756 0.0220351 0.00842819 0.533401 0.0106278 0.081527 0.0330581 0.0052472 0.00250233
27 A 3.09872 0.228401 0.0110028 0.00645122 0.0827965 0.00222108 0.0116023 0.302394 0.0102854 0.00791791 0.0246094 0.0197007 0.108018 0.00228374 0.0139524 0.0556647 0.00887916 0.0732488 0.0165112 0.0121974 0.00186342
28 S 3.19393 0.210773 0.117527 0.00640932 0.00186321 0.00217565 0.0427921 0.0902089 0.00896806 0.0173967 0.00941124 0.00623884 0.00784781 0.0111731 0.0522043 0.12344 0.247811 0.00770958 0.0113403 0.00364757 0.021062
29 V 2.3473 0.00219138 0.0079272 0.388319 0.00967361 0.0712134 0.036104 0.000782915 0.322051 0.00412016 0.00222665 0.00487765 0.00335055 0.00388116 0.00438135 0.00260059 0.00163926 0.00460506 0.120075 0.00621312 0.00376669
30 G 3.49925 0.0365139 0.0124871 0.00899556 0.05145 0.0562467 0.329655 0.00262339 0.00974099 0.089834 0.00707018 0.047642 0.0163483 0.0138634 0.0368789 0.0154035 0.0643987 0.0511729 0.0644077 0.0166403 0.0686273
31 K 3.43057 0.0280421 0.0199965 0.00784226 0.0960808 0.00419558 0.0278666 0.0125929 0.0984044 0.314039 0.0131058 0.0521482 0.0682798 0.0590336 0.0121793 0.10447 0.00742493 0.0350216 0.025553 0.00754601 0.00617751
32 M 0.412832 0.000466402 0.00173693 0.000660977 0.00434943 0.00127192 0.00191462 0.000932214 0.000913805 0.000655872 0.000495604 0.0194234 0.954175 0.00167414 0.000796159 0.00337475 0.00136196 0.000989213 9.98649e-05 0.00385536 0.000852141
33 I 2.67945 0.00469921 0.0638301 0.0151421 0.00452004 0.00716089 0.479358 0.000647831 0.181913 0.00919024 0.00716221 0.030874 0.0129522 0.000792729 0.0119507 0.014033 0.037311 0.0370021 0.0625605 0.0121881 0.00671168
34 D 3.00811 0.339805 0.0257206 0.0996812 0.0110017 0.00908197 0.0621447 0.00219374 0.240472 0.00630513 0.0557825 0.0158392 0.00525703 0.00304735 0.0145622 0.0227876 0.0323994 0.0136547 0.0336584 0.00284377 0.00376156
35 G 3.46077 0.132716 0.0727022 0.0121399 0.0143128 0.012302 0.333459 0.0175396 0.0324093 0.0347765 0.0249686 0.00516332 0.0221669 0.0445464 0.0176404 0.021066 0.0292561 0.00743361 0.0387279 0.0487143 0.0779594
36 I 3.459 0.0107093 0.0182819 0.0805688 0.0409859 0.0100598 0.0234273 0.0195744 0.355005 0.0317127 0.0667114 0.0360399 0.0118301 0.0376649 0.103418 0.0130027 0.0168336 0.0279106 0.056376 0.0236896 0.0161979
37 G 3.284 0.157391 0.0253865 0.0189676 0.0184026 0.0353012 0.389343 0.029551 0.0443851 0.0290523 0.0459719 0.0126173 0.00798544 0.0234857 0.0130588 0.0109559 0.0232336 0.0268484 0.011313 0.0293388 0.0474098
38 R 3.57017 0.00853085 0.0322604 0.0655234 0.0164761 0.0068903 0.0151874 0.0633435 0.00771915 0.102688 0.00758212 0.0709033 0.00632838 0.116742 0.017385 0.253051 0.00560566 0.0853174 0.0636031 0.0379312 0.016932
39 F 1.50576 0.0122313 0.00137846 0.00511611 0.00146124 0.0669368 0.0047533 0.0375886 0.00146242 0.00777564 0.00674119 0.00228413 0.00190904 0.0160902 0.00994403 0.00598515 0.0127935 0.00624001 0.00428852 0.780751 0.0142696
40 Y 1.55464 0.000814635 0.0117618 0.000742758 0.00339791 0.00209029 0.000465841 0.335285 0.00111993 0.0016513 0.00486631 0.0102736 0.00265903 0.000307812 0.016136 0.578734 0.000782648 0.00150419 0.000187847 0.00104592 0.0261736
41 I 3.34983 0.0596831 0.00135923 0.0038544 0.0301794 0.20177 0.0151295 0.00426346 0.0717502 0.00692059 0.0236305 0.0041053 0.0098635 0.00319629 0.164948 0.0231136 0.0694808 0.0370083 0.207761 0.00573961 0.0562435
42 Q 3.05992 0.0153354 0.0115661 0.012881 0.0611405 0.0203885 0.0210283 0.0577744 0.0151327 0.0184129 0.0181894 0.00769164 0.0203342 0.0477494 0.464356 0.00736561 0.0891231 0.0128724 0.00709398 0.0450879 0.0464768
43 M 3.42989 0.0124216 0.0336435 0.0470919 0.127031 0.209566 0.00658183 0.011051 0.0394511 0.0668255 0.02586 0.245469 0.0323132 0.0224535 0.00451852 0.0128964 0.00581972 0.0058457 0.0375419 0.0116257 0.0419914
44 C 3.24099 0.188743 0.233184 0.00989084 0.208749 0.0166731 0.0135072 0.0993072 0.0178365 0.00467776 0.0479638 0.0278739 0.00593432 0.00409097 0.011529 0.0152615 0.0299998 0.0213934 0.00236785 0.0328525 0.00816867
45 T 1.42184 0.00526915 0.00842643 0.000769222 0.0108469 0.00325726 0.00575106 0.00544034 0.01736 0.00400527 0.0346839 0.0117926 0.00148807 0.00313505 0.0065853 0.00416838 0.793619 0.067462 0.000643223 0.0125076 0.00278928
46 E 2.31001 0.00485852 0.229231 0.00694753 0.153838 0.00119589 0.00297885 0.0159401 0.00884188 0.00625145 0.0225229 0.00506584 0.00858245 0.481595 0.00329833 0.00265553 0.00205062 0.0126941 0.00817905 0.0136071 0.00966484
47 L 3.21838 0.0128706 0.13637 0.0111313 0.0371104 0.00798001 0.00724562 0.0226621 0.0849961 0.00462019 0.316438 0.0153914 0.0195441 0.0170963 0.00919947 0.182435 0.0338407 0.047288 0.00684653 0.0171683 0.00976537
48 K 1.50134 0.00419324 0.0021421 0.0045788 0.00871776 0.0150302 0.0130427 0.00203271 0.000750564 0.071014 0.0102481 0.00760351 0.00258282 0.00747075 0.775931 0.00488735 0.00667989 0.00764353 0.0485724 0.00617762 0.000700936
49 L 3.18146 0.0123328 0.0191818 0.0245151 0.0180981 0.0248355 0.0218599 0.00740893 0.0104786 0.00942028 0.111797 0.000314009 0.0131297 0.108137 0.016807 0.0992705 0.0367025 0.383196 0.0180706 0.0547694 0.00967659
50 S 2.25196 0.0615108 0.0432539 0.00290824 0.00342861 0.00303573 0.0584399 0.00168791 0.00232979 0.00144509 0.0075224 0.000534209 0.000152335 0.10271 0.590181 0.0168371 0.0204532 0.0659691 0.00273661 0.0129394 0.00192568
51 D 3.63013 0.00336281 0.103746 0.131286 0.0259731 0.00341705 0.0881567 0.00286093 0.140683 0.0103296 0.127345 0.0593783 0.0327915 0.035672 0.00671557 0.0236571 0.0587095 0.11889 0.00362607 0.0103478 0.0130513
52 Y 3.2862 0.177368 0.0626685 0.00674366 0.255626 0.00600627 0.0174771 0.0478002 0.0146219 0.00303115 0.00543301 0.01759 0.0614549 0.00144227 0.0120047 0.0077538 0.00594423 0.012855 0.162448 0.0443769 0.0773557
53 E 3.48724 0.105103 0.010563 0.00380843 0.310758 0.00261724 0.0327056 0.00213483 0.0288605 0.00406583 0.0182368 0.0674646 0.0358819 0.0236731 0.0501026 0.0388824 0.0732052 0.0472948 0.0239727 0.0262103 0.09446
54 G 3.48155 0.0428617 0.00436768 0.01033 0.0408426 0.0198334 0.222074 0.0318558 0.0203817 0.0177074 0.0146254 0.023338 0.0389789 0.0397119 0.00581834 0.0256992 0.136429 0.230951 0.0250771 0.0103993 0.0387179
55 R 0.830924 0.00411083 0.00204434 0.00645638 0.00104667 0.00136468 0.00413016 0.00220768 0.000676046 0.895821 0.00126499 0.000295333 0.00823201 0.00333541 0.0104141 0.0358691 0.0037893 0.00935011 0.00725804 0.00058396 0.0017501
56 L 3.42471 0.0152604 0.0290021 0.0166416 0.0863629 0.0381113 0.0581269 0.0116213 0.0022671 0.0141239 0.159236 0.0264258 0.278939 0.028285 0.00508787 0.0131069 0.0254014 0.126138 0.0257037 0.00110947 0.0390504
57 I 3.23863 0.0226483 0.00341963 0.0213178 0.0100593 0.0277889 0.0244638 0.0204855 0.146151 0.0635969 0.104086 0.0179512 0.017303 0.0112747 0.008613 0.0410881 0.0170262 0.0208262 0.375831 0.0107054 0.0353645
58 Q 3.48396 0.0236486 0.0452716 0.00331177 0.0269446 0.0078884 0.023018 0.0159238 0.0386224 0.16781 0.010137 0.00783434 0.0120208 0.113777 0.27201 0.076557 0.0584073 0.0284003 0.0337198 0.0255597 0.00913696
59 N 1.525 0.00614316 0.00679426 0.00377526 0.00367861 0.000811675 0.776753 0.0019554 0.00576996 0.00972866 0.00211489 0.0538918 0.0461012 0.0346369 0.00174788 0.00583731 0.00654726 0.00790473 0.0131432 0.00877346 0.00389202
60 S 3.53365 0.00932932 0.0249374 0.0220678 0.0123721 0.00947982 0.0235869 0.00499873 0.0287698 0.0238965 0.094216 0.0517383 0.0416683 0.00909391 0.0207912 0.174999 0.263767 0.0896586 0.0190711 0.028188 0.0473704
61 L 0.958656 0.00193473 0.00417046 0.879224 0.00164504 0.00990061 0.00305808 0.000971533 0.00625118 0.000205197 0.037182 0.00228534 0.00874839 0.00201362 0.0109083 0.00657402 0.00455967 0.00818354 0.00369065 0.00654748 0.00194638
62 T 3.27408 0.0770318 0.0452609 0.0151662 0.329342 0.031757 0.0247566 0.0164377 0.0102922 0.0228435 0.00706698 0.00216842 0.0175612 0.0262627 0.00882774 0.00497531 0.167536 0.110596 0.0158709 0.0556971 0.0105503
63 I 2.01421 0.644287 0.0813566 0.00299872 0.00190735 0.00615853 0.00671682 0.00442414 0.074408 0.00193801 0.0139059 0.0103384 0.00132772 0.0108824 0.097263 0.00507076 0.0153999 0.00208792 0.0044701 0.000554869 0.0145038
64 E 3.67847 0.0257946 0.0849075 0.0661475 0.290682 0.0136578 0.0197612 0.013866 0.0133404 0.020205 0.0422517 0.0378978 0.066489 0.0360078 0.00557097 0.0483211 0.0331731 0.0384905 0.0438604 0.0122195 0.0873558
65 R 3.17384 0.0440743 0.0187919 0.0308678 0.0402777 0.00422117 0.030558 0.00958589 0.00957671 0.0237358 0.00500306 0.0122997 0.139946 0.0398415 0.0370946 0.410892 0.00773722 0.046393 0.0599532 0.0173043 0.0118463
66 M 3.7442 0.0352574 0.0862119 0.0294757 0.0209058 0.0167074 0.0908283 0.0151114 0.035169 0.0320271 0.0309958 0.241469 0.038306 0.0518671 0.00925696 0.015456 0.104762 0.00901641 0.0866905 0.0100339 0.0404529
67 V 3.80588 0.0302738 0.0360106 0.035132 0.0506604 0.0167003 0.0539561 0.0355738 0.0294329 0.0447139 0.0162186 0.0516999 0.0441777 0.0341297 0.0570479 0.016541 0.0146445 0.110299 0.267498 0.0380605 0.0172295
68 L 3.83393 0.0327388 0.0837307 0.0468442 0.00551224 0.0167874 0.030596 0.0118258 0.0785989 0.041045 0.203145 0.0116043 0.00832805 0.11293 0.0970041 0.0527837 0.0254849 0.0401713 0.0282154 0.0399285 0.0327272
69 S 3.20438 0.0188181 0.0809607 0.0145499 0.00775746 0.0110991 0.032266 0.0239308 0.0147687 0.0375427 0.0731115 0.013274 0.0923774 0.0245764 0.0166665 0.04179 0.425935 0.0183068 0.0179893 0.0129211 0.0213584
70 A 2.65817 0.111743 0.0202072 0.00182048 0.00727214 0.0195617 0.0616997 0.0253693 0.00460143 0.0135198 0.00610667 0.00928958 0.0248027 0.0075136 0.00394504 0.0111642 0.528998 0.0814228 0.00788103 0.0299258 0.0231562
71 F 3.5914 0.0375551 0.0117154 0.0238772 0.0422031 0.290517 0.0404571 0.0611215 0.0261309 0.0123234 0.0335845 0.0185914 0.0253123 0.164484 0.0540188 0.0436292 0.0248115 0.0069699 0.0106981 0.0484214 0.0235776
72 D 3.53406 0.0393607 0.0424001 0.29422 0.0658515 0.12078 0.0200523 0.0039026 0.0595594 0.0897459 0.0178147 0.0113127 0.0243084 0.00971888 0.00700662 0.0113363 0.0184476 0.0485748 0.0153525 0.0205217 0.0797329
73 E 1.46887 0.000115786 0.017111 0.0555404 0.0126119 0.00156483 0.00113176 0.000108926 0.0098036 0.00635891 0.771929 0.0104072 0.0133406 0.000565138 0.0722508 0.000604612 0.00509396 0.00736228 0.000821941 0.0112096 0.00206821
74 R 2.03215 0.0140312 0.00513114 0.649619 0.0098453 0.00699848 0.012959 0.0156573 0.00611616 0.0439465 0.0136438 0.00348765 0.0086515 0.00399163 0.0220741 0.151943 0.00627639 0.00621937 0.00760316 0.00902464 0.00278138
75 R 2.67309 0.00250381 0.00833285 0.0125013 0.00877447 0.0169141 0.00753283 0.00726985 0.00654944 0.0790898 0.00690852 0.0378265 0.0150151 0.0490937 0.00704995 0.38214 0.00403435 0.0143723 0.00364285 0.0236027 0.306846
76 N 2.8914 0.0024735 0.0147728 0.00643535 0.0270948 0.0160214 0.0537675 0.00226859 0.0585389 0.0320196 0.00576843 0.451185 0.151761 0.0104755 0.00632739 0.00961933 0.0218302 0.046382 0.00878618 0.0676124 0.00686046
77 K 2.55585 0.0115164 0.0267691 0.00112963 0.00195874 0.00613862 0.0274514 0.572101 0.0337497 0.0721245 0.0241398 0.000716013 0.0143096 0.0155262 0.00200705 0.0777372 0.0203182 0.0157806 0.0225548 0.040213 0.0137582
78 Y 3.34842 0.0126288 0.0337601 0.00395493 0.0137538 0.0397264 0.021712 0.0761732 0.0415621 0.0173266 0.0104448 0.00692945 0.0094938 0.0130832 0.0224364 0.0636286 0.0163444 0.037396 0.076355 0.12777 0.355521
79 L 3.23776 0.0898551 0.0464823 0.0067474 0.0116833 0.00392144 0.0564535 0.00829798 0.0114462 0.0143415 0.40697 0.0404656 0.0894946 0.0288987 0.0470917 0.0399392 0.0251072 0.0228061 0.0121178 0.0288696 0.00901195
80 E 3.70981 0.046133 0.0369586 0.12234 0.244855 0.0156841 0.0259324 0.010961 0.0189126 0.0471028 0.0147622 0.0725344 0.0355397 0.00335093 0.0792631 0.0097421 0.0557732 0.0461879 0.00305743 0.0545656 0.056344
81 E 3.36228 0.024674 0.0183191 0.117872 0.139137 0.00833203 0.0159793 0.0841829 0.039079 0.0109964 0.0129753 0.027997 0.0521107 0.00716517 0.0062116 0.0237304 0.0695376 0.0089513 0.310231 0.0205887 0.00193095
82 H 3.61247 0.0107891 0.00906359 0.00744774 0.0113871 0.100131 0.00305416 0.0950389 0.0574308 0.0695615 0.00976808 0.0723808 0.0482147 0.00101681 0.229013 0.0221687 0.103003 0.0737005 0.0268666 0.00689311 0.0430706
83 P 2.66564 0.0988424 0.0958736 0.00602897 0.011772 0.0668905 0.00786653 0.00627183 0.00494246 0.00907062 0.00440668 0.0029452 0.0167902 0.0898504 0.501048 0.00589782 0.021107 0.0137683 0.0270643 0.00303579 0.00652769
84 S 2.29323 0.436556 0.0444323 0.0024734 0.00112228 0.00170379 0.0208823 0.00597445 0.00290531 0.00361655 0.00576043 0.00955965 0.334714 0.00694706 0.0111323 0.000147324 0.0562554 0.0244751 0.00412527 0.0250704 0.0021465
85 A 3.63962 0.129344 0.103495 0.00171926 0.00893793 0.105221 0.122936 0.0249986 0.00131556 0.0645906 0.0620683 0.00133613 0.118255 0.00563374 0.0108234 0.0840411 0.0312639 0.0128471 0.0894705 0.00818418 0.0135187
86 G 3.56202 0.105075 0.0355415 0.00176407 0.0161825 0.00817652 0.27208 0.0783386 0.00479931 0.0499772 0.0557538 0.00520827 0.0812445 0.0592809 0.0896665 0.0395743 0.0406813 0.0271095 0.00972915 0.00678654 0.0130301
87 K 3.0538 0.00926157 0.0326027 0.00530455 0.0532086 0.00480513 0.0428044 0.0484967 0.0736563 0.459262 0.00768725 0.0215341 0.0113344 0.0423008 0.0593144 0.00778293 0.0128593 0.0615605 0.0284047 0.00500005 0.0128193
88 D 3.26048 0.00850865 0.0612796 0.283922 0.00769229 0.06066 0.00875807 0.00247919 0.0201041 0.0313211 0.0302326 0.00291681 0.0305953 0.0194303 0.215689 0.0105472 0.127618 0.0198865 0.0224438 0.0331397 0.00277527
89 P 3.75476 0.0683522 0.103292 0.0173412 0.025892 0.0139077 0.0476327 0.015544 0.0551913 0.0106364 0.0994379 0.016298 0.0398767 0.222425 0.0206087 0.0167351 0.036433 0.0099972 0.116599 0.040932 0.0228669
90 K 2.10448 0.0487874 0.00548727 0.00125504 0.00179249 0.0129396 0.0132673 0.0415559 0.0200471 0.0764202 0.0077546 0.00768905 0.0102238 0.00193221 0.664693 0.0239109 0.00787668 0.0311465 0.0189344 0.00243742 0.00184974
91 K 2.79168 0.0162815 0.0168339 0.0469471 0.00812106 0.012847 0.00408984 0.00249358 0.0128155 0.405477 0.016373 0.0216091 0.0334467 0.00346724 0.00709616 0.263111 0.0598951 0.0115445 0.0187274 0.0357719 0.00305179
92 T 3.12633 0.0728391 0.00567293 0.00651832 0.00735265 0.00642243 0.00652407 0.0152937 0.00496525 0.0395463 0.0786126 0.200419 0.159169 0.0249121 0.00869856 0.00606416 0.0204749 0.294896 0.0177557 0.00830377 0.0155591
93 G 3.33822 0.0562974 0.0055183 0.0245795 0.00568182 0.155275 0.265431 0.00801585 0.0257783 0.0437386 0.0251758 0.0322948 0.00336802 0.0225186 0.0758684 0.0158834 0.0126915 0.185492 0.00389121 0.0210044 0.0114969
94 G 3.46642 0.0076175 0.0164778 0.0746162 0.0729617 0.0102068 0.320324 0.00778946 0.0773676 0.0552782 0.00463519 0.0170055 0.052002 0.0333583 0.0394945 0.0630783 0.0224294 0.0971615 0.0104233 0.0111304 0.00664251
95 P 3.55297 0.0581899 0.00483109 0.0453133 0.0180287 0.0157612 0.0521153 0.0417186 0.0124826 0.0104195 0.0228038 0.0511595 0.0133261 0.268903 0.0078048 0.0350354 0.146328 0.0388212 0.12443 0.0141618 0.0183665
96 I 3.71963 0.0392926 0.00973366 0.00890224 0.112984 0.0139999 0.012026 0.0140731 0.192883 0.0129286 0.103544 0.0546705 0.0169945 0.0446946 0.049804 0.01368 0.0758233 0.00513194 0.0257644 0.0703148 0.122754
97 Y 3.50444 0.0317967 0.00972762 0.0333816 0.0526557 0.0477432 0.0314966 0.0411792 0.0182443 0.0547648 0.00971042 0.00522919 0.210527 0.0280613 0.0386358 0.0153416 0.0287024 0.0294431 0.0184199 0.0146565 0.280283
98 K 3.87349 0.0539624 0.0135191 0.00149456 0.0207329 0.0144319 0.0374869 0.0685235 0.0531327 0.136187 0.0172713 0.0881351 0.0288608 0.0654776 0.0310441 0.0251646 0.140238 0.00765636 0.105948 0.0690698 0.0216648
99 R 3.42755 0.0220013 0.0243421 0.033209 0.0270305 0.0106093 0.0615373 0.0219703 0.0248554 0.13605 0.00901065 0.0348647 0.0474726 0.0112559 0.0161544 0.33655 0.0183376 0.108511 0.0148075 0.0155483 0.0258829
100 V 2.45899 0.0344509 0.00609561 0.00426263 0.0117702 0.0170794 0.0661972 0.599165 0.0036497 0.00238882 0.00693225 0.0205484 0.0385627 0.0110282 0.00667086 0.027271 0.0239079 0.0219089 0.0338486 0.0631642 0.00109754
101 D 3.58333 0.125019 0.0288165 0.242731 0.0367105 0.00906889 0.0303664 0.00562778 0.0391743 0.0376556 0.0827114 0.048267 0.0106149 0.0620811 0.00517557 0.0219788 0.0229021 0.147906 0.0180625 0.0218697 0.0032607
102 R 2.97943 0.00408546 0.0209574 0.0075503 0.0447488 0.0561119 0.0282937 0.0106826 0.0105196 0.0473694 0.0441689 0.0048147 0.00129023 0.0129597 0.00552757 0.110452 0.00437395 0.00595575 0.00195733 0.313443 0.264738
103 K 3.38365 0.0338492 0.0498839 0.0180073 0.033058 0.0171205 0.0355534 0.00983078 0.0373919 0.401433 0.0107788 0.0570754 0.0265502 0.0376127 0.0170199 0.0260798 0.0381974 0.0535217 0.0739275 0.0133752 0.00973389
104 W 3.35696 0.0580546 0.013653 0.0668137 0.0355839 0.0579593 0.00348859 0.0158584 0.0697196 0.0285445 0.032567 0.0158701 0.0229567 0.0229264 0.0157409 0.0214453 0.0053878 0.0252558 0.0403519 0.397584 0.0502386
105 M 2.6396 0.0097494 0.0379192 0.0173012 0.02397 0.0609446 0.0106557 0.0264324 0.005986 0.0726641 0.523794 0.126486 0.02974 0.00188321 0.00120791 0.00466592 0.0139244 0.00691807 0.011538 0.00950004 0.00472017
106 R 3.36573 0.0158439 0.0216824 0.107726 0.149452 0.0243947 0.0240539 0.0130527 0.0256976 0.0108056 0.0265742 0.0220655 0.00841621 0.0502216 0.0479811 0.333285 0.00871651 0.00545169 0.0064428 0.0428143 0.0553216
107 E 3.52069 0.0204298 0.00736703 0.0283732 0.3244 0.0114 0.0507526 0.00968173 0.0545236 0.0342254 0.00824694 0.0716343 0.0682977 0.0459965 0.0111648 0.0342675 0.0645506 0.104242 0.0140533 0.0207324 0.0156607
108 L 3.13087 0.00184477 0.030996 0.00835979 0.012265 0.0258427 0.0245789 0.026794 0.05107 0.172909 0.400793 0.0124231 0.0258275 0.0236938 0.0215092 0.00709371 0.0109038 0.0606908 0.0147049 0.0133116 0.0543884
109 V 3.23371 0.0591844 0.00918296 0.0556886 0.00546124 0.0100858 0.0598316 0.0207971 0.0469139 0.0118298 0.229317 0.0185133 0.00989201 0.00821429 0.0281435 0.0305875 0.015466 0.0281276 0.32563 0.0111522 0.0159825
110 L 2.8431 0.00820869 0.0359953 0.0273572 0.009936 0.0290252 0.0256671 0.01926 0.0108823 0.0106547 0.52195 0.0326688 0.0173121 0.0574307 0.0179263 0.0976936 0.014452 0.0171795 0.00616696 0.0319497 0.00828444
111 Y 3.5694 0.0406645 0.0127957 0.0833156 0.00528191 0.0183903 0.0325669 0.0456203 0.0336947 0.0159819 0.0138132 0.0886809 0.00382393 0.0476829 0.0347533 0.0032979 0.157423 0.140704 0.0100294 0.00663205 0.204848
112 D 3.30227 0.0358026 0.00248388 0.263264 0.114512 0.0119795 0.0194002 0.070936 0.0485465 0.0311565 0.0176686 0.0252414 0.0364779 0.0121554 0.016017 0.019739 0.00919034 0.0121571 0.00558603 0.00636836 0.241317
113 K 2.94075 0.00288886 0.00591674 0.00912932 0.0171096 0.0310935 0.0070965 0.0359282 0.0116169 0.457534 0.0509098 0.0102588 0.0376387 0.0214801 0.0181994 0.0159419 0.146184 0.00618897 0.00808135 0.0614877 0.0453155
114 E 3.31967 0.0209516 0.0175434 0.0241555 0.171615 0.0749212 0.086828 0.0553223 0.00911982 0.0723456 0.0240877 0.00408935 0.00795811 0.00315811 0.043404 0.00806959 0.00303848 0.0149208 0.0100842 0.310709 0.0376779
115 E 2.88118 0.0748325 0.0115624 0.00902545 0.503448 0.00891922 0.00908069 0.0829475 0.032207 0.0421663 0.0131081 0.0178161 0.0252947 0.0106826 0.0186424 0.0648603 0.0208506 0.00358509 0.0103298 0.0186747 0.0219668
116 I 0.564427 0.00266646 0.00185959 0.000470951 0.0164227 0.000282473 0.00378164 0.000595169 0.0149519 0.00196863 0.0010901 0.00555981 0.00295991 0.000517608 0.00337479 0.00140209 0.00114121 0.00265517 0.935483 0.000579894 0.00223682
117 R 1.87625 0.00103737 0.0061837 0.0067549 0.0183787 0.025884 0.00676285 0.00971828 0.00596892 0.00563629 0.00633346 0.00348722 0.0223312 0.00637435 0.71299 0.0809953 0.00505108 0.026496 0.0360729 0.00277945 0.0107638
118 R 3.48053 0.0911749 0.0161191 0.0642444 0.0164519 0.143888 0.0158262 0.0277653 0.0334634 0.0266709 0.0437685 0.0260084 0.00720275 0.0106363 0.0101265 0.312731 0.0262527 0.0721611 0.0105097 0.0196582 0.0253406
119 I 3.0837 0.0108807 0.0473445 0.0275923 0.0101479 0.00659356 0.0167907 0.0118325 0.251268 0.0114774 0.0330079 0.0275526 0.0289868 0.0266864 0.0039802 0.01928 0.00550223 0.0304867 0.357799 0.0524548 0.0203357
120 W 3.11345 0.0301332 0.0193541 0.0441061 0.0422799 0.0131696 0.0146767 0.00782557 0.0377131 0.157404 0.0120459 0.0384976 0.00912105 0.0461898 0.00769029 0.0212405 0.0157099 0.0192898 0.00683143 0.424279 0.0324419
121 R 3.4498 0.0181843 0.0480604 0.0302989 0.0143376 0.116273 0.0150919 0.0320536 0.018128 0.260979 0.0177218 0.0100217 0.0473324 0.0169699 0.0200264 0.216638 0.0120178 0.0196038 0.00613428 0.0324301 0.0476975
122 Q 3.56176 0.0224593 0.0462265 0.00602621 0.0179875 0.00746878 0.00741303 0.0760984 0.0700222 0.0101132 0.0886413 0.0136365 0.00628658 0.0763101 0.272844 0.111342 0.0440228 0.0166064 0.0597898 0.00679068 0.0399147
123 A 2.80519 0.226007 0.00182996 0.0287384 0.00802567 0.00797589 0.402555 0.0186519 0.00292175 0.0126442 0.00689442 0.0226578 0.00497986 0.0118349 0.00407509 0.0517315 0.0756954 0.00998153 0.0862784 0.00423173 0.01229
124 N 3.43391 0.0648772 0.130183 0.0220329 0.014112 0.0184624 0.00535969 0.0618837 0.00696206 0.0378802 0.0210682 0.00895453 0.30952 0.0244586 0.0220417 0.0146635 0.0893382 0.0120031 0.0028663 0.0913541 0.0419786
125 N 3.65998 0.042791 0.00835075 0.00433442 0.0619548 0.0168791 0.029543 0.0466186 0.0164832 0.0631814 0.0421993 0.19285 0.174057 0.00147704 0.0318741 0.0157029 0.0577037 0.118049 0.0538379 0.00356086 0.0185526
126 G 2.90308 0.143446 0.296209 0.00125518 0.00520735 0.00207302 0.0768186 0.000916652 0.0200883 0.0208954 0.252124 0.00250532 0.00923218 0.00944305 0.0107846 0.079752 0.0101793 0.0265637 0.030948 0.00107072 0.000487765
127 D 2.68937 0.00729963 0.00059206 0.0275 0.0149544 0.0242412 0.00363432 0.110511 0.00109394 0.00251004 0.389741 0.064967 0.0288217 0.00401982 0.0030282 0.00395003 0.0225351 0.0104628 0.00885134 0.259643 0.0116437
128 D 2.15689 0.235059 0.00161797 0.0241521 0.00308046 0.00794938 0.0227452 0.545782 0.00159015 0.00614185 0.0436873 0.00128303 0.0115047 0.00466916 0.00225272 0.00250905 0.0112717 0.00640191 0.00269033 0.00294236 0.0626704
129 A 2.61384 0.0629867 0.0343776 0.00158199 0.00373144 0.0120426 0.494521 0.0316931 0.00976424 0.00663036 0.0228704 0.0158909 0.0257438 0.0126905 0.000366769 0.188466 0.00285118 0.0279302 0.0384763 0.0016263 0.00575883
130 T 3.1372 0.00897136 0.0168282 0.00428675 0.00165507 0.0293864 0.00179504 0.193643 0.0284213 0.0130312 0.155129 0.0333159 0.0243023 0.00219514 0.0149937 0.0135303 0.0245666 0.103188 0.300982 0.0178578 0.011921
131 A 3.47553 0.217375 0.0110798 0.0231402 0.130578 0.00577467 0.0243993 0.227653 0.0241527 0.00414048 0.0382568 0.0336916 0.0263102 0.0266186 0.0159044 0.0175591 0.0805165 0.0368967 0.0117785 0.0356567 0.00851793
132 G 2.99523 0.00684699 0.0471653 0.0109134 0.00936341 0.0117954 0.25965 0.0669365 0.365892 0.0113431 0.0109546 0.00867441 0.0218106 0.0246635 0.0058238 0.0337643 0.0154594 0.00765629 0.0294424 0.0329397 0.0189044
133 L 2.59272 0.0218718 0.00121723 0.00751516 0.0124291 0.02828 0.0427801 0.00954132 0.552282 0.0368358 0.122404 0.00605362 0.0365999 0.0357107 0.0263592 0.00835551 0.00631019 0.00693437 0.0279535 0.00775849 0.00280778
134 T 3.21521 0.0855002 0.19077 0.00539539 0.0133651 0.00533668 0.0326842 0.0158904 0.0171283 0.0114097 0.0236457 0.0302448 0.0108192 0.0207882 0.00148781 0.00568684 0.108068 0.328374 0.0405182 0.0216251 0.0312605
135 H 3.38776 0.077479 0.0239485 0.0284851 0.0244747 0.0209199 0.0346913 0.385743 0.0233261 0.0588683 0.0077148 0.065173 0.00860556 0.0900391 0.0233387 0.0281352 0.0207002 0.0208795 0.0207781 0.0153993 0.0213003
136 M 3.61147 0.00870596 0.0604209 0.0140231 0.0599755 0.00184334 0.0195847 0.0230275 0.0683178 0.010815 0.0988284 0.254505 0.0370509 0.0414187 0.0267017 0.0117769 0.0198106 0.0260975 0.148424 0.0150469 0.0536257
137 M 3.17532 0.00395871 0.00762204 0.0468623 0.00791946 0.0313075 0.0384806 0.0144688 0.103384 0.0082452 0.0243987 0.384178 0.0210344 0.0237816 0.00547261 0.00181616 0.123696 0.0454113 0.00980047 0.0206998 0.077462
138 I 3.09218 0.0180683 0.0151037 0.0340044 0.0107196 0.0217774 0.0599793 0.00914694 0.415233 0.0623116 0.0278747 0.136917 0.012722 0.0759685 0.00523557 0.00748775 0.00583296 0.00423603 0.0453883 0.0221057 0.00988757
139 W 3.61135 0.028206 0.0236818 0.0207136 0.0348817 0.00917876 0.0338371 0.0080737 0.121421 0.0625585 0.0722703 0.0124301 0.00726403 0.0274492 0.0131576 0.0511544 0.0607353 0.0813808 0.0433203 0.281049 0.00723628
140 H 3.554 0.0285101 0.0458243 0.0645883 0.0391412 0.0357367 0.0344371 0.309525 0.00464802 0.0120138 0.0486534 0.0312722 0.0115728 0.00970201 0.0774035 0.0260976 0.0788251 0.00530707 0.00655004 0.0290981 0.101095
141 S 3.38959 0.0256721 0.0161547 0.128085 0.0278742 0.0927062 0.0287986 0.121177 0.0092625 0.021992 0.00818573 0.0147572 0.0263277 0.0280391 0.00986913 0.0355526 0.329686 0.0324347 0.0134274 0.0210635 0.00893433
142 N 3.36867 0.0120042 0.024239 0.0229702 0.0269037 0.0335669 0.00779976 0.026198 0.038408 0.0664506 0.0214752 0.0419912 0.395735 0.0192953 0.0651482 0.0807224 0.0505432 0.0215753 0.00473073 0.0165131 0.0237306
143 L 3.33318 0.012987 0.0512848 0.00801077 0.0122174 0.0242419 0.00927055 0.0951767 0.020337 0.0671667 0.368753 0.0551581 0.0435901 0.0623834 0.0124592 0.0895307 0.0202268 0.00894333 0.0134908 0.0198854 0.00488641
144 N 3.17113 0.0209748 0.00735686 0.0150287 0.0409788 0.0265782 0.0284594 0.0291006 0.0853508 0.0415077 0.00611876 0.146292 0.387736 0.00731496 0.0206471 0.00263145 0.00331354 0.0247664 0.00938379 0.022798 0.0736616
145 D 3.23885 0.0504907 0.0582495 0.41138 0.0397769 0.00880039 0.011085 0.0132483 0.0417863 0.00883629 0.0410815 0.0109882 0.00964326 0.0546502 0.0855292 0.00348008 0.0135022 0.0362624 0.00573691 0.0550353 0.0404369
146 T 2.86047 0.315385 0.109548 0.0626519 0.00434543 0.0125318 0.0132808 0.00201368 0.00461177 0.0140051 0.0109502 0.0104763 0.00370843 0.00815582 0.00793563 0.0118154 0.230201 0.159801 0.00417068 0.011769 0.00264238
147 T 3.47454 0.022555 0.0314437 0.00897707 0.0370054 0.0942259 0.0280926 0.0128068 0.0732566 0.0239137 0.00929408 0.0590124 0.0537882 0.0275283 0.0657567 0.0210595 0.00566461 0.347018 0.0516837 0.0080222 0.0188957
148 Y 2.65521 0.0614156 0.0132909 0.0109123 0.00995585 0.0202088 0.017729 0.0287255 0.0945556 0.0113729 0.0382857 0.0293599 0.0158603 0.00284664 0.00731515 0.00434718 0.0369899 0.0130756 0.0056695 0.0224397 0.555644
149 Q 2.79766 0.00808375 0.0539997 0.00835254 0.0176235 0.0232782 0.00304447 0.0160624 0.0985814 0.0340989 0.00425025 0.0134892 0.0385114 0.0415137 0.525104 0.028765 0.0103575 0.00946529 0.0113927 0.0241458 0.02988
150 R 3.07264 0.0060136 0.0191876 0.0126343 0.0824486 0.0120251 0.0865142 0.0145797 0.0121905 0.0105917 0.0403265 0.0263419 0.0111056 0.0223502 0.00953158 0.44784 0.0853142 0.0104274 0.0229792 0.0225521 0.0450461
151 T 2.77692 0.00448837 0.00782263 0.0104681 0.0168 0.00807398 0.0576209 0.0139001 0.0141784 0.0225235 0.0433374 0.00927011 0.0361572 0.00985747 0.133661 0.00927654 0.00894944 0.505931 0.0545445 0.0209965 0.0121434
152 R 2.53808 0.0115838 0.0132318 0.0328019 0.0380576 0.0249763 0.00637833 0.0173375 0.0102706 0.0848101 0.00781757 0.00993391 0.0173932 0.0357257 0.0577334 0.586248 0.0101624 0.00441438 0.0132264 0.0103809 0.00751645
153 A 3.09082 0.334393 0.00580542 0.0202843 0.00402565 0.255247 0.070448 0.0204199 0.01778 0.0144986 0.0315872 0.0137767 0.00795505 0.0185351 0.00832335 0.0220713 0.00578065 0.0730281 0.0382994 0.0111631 0.0265781
154 L 3.20374 0.00978931 0.127165 0.00415354 0.042967 0.0137956 0.0171797 0.0042751 0.203821 0.135209 0.277476 0.0353078 0.0206534 0.0116718 0.00568244 0.0217257 0.0204184 0.00591639 0.00848528 0.0163797 0.0179283
155 V 2.82349 0.0450392 0.0134245 0.0305571 0.0223697 0.0145213 0.0605198 0.0156905 0.0416482 0.017561 0.0167296 0.016248 0.0062538 0.0261496 0.0213347 0.0107722 0.0124728 0.0306666 0.547687 0.0186516 0.0317023
156 R 2.42588 0.0108144 0.0166016 0.00187201 0.00170318 0.0161103 0.0368113 0.0124303 0.00111652 0.0300419 0.00311781 0.0101474 0.00182014 0.00739137 0.443071 0.313433 0.0117741 0.0093526 0.0379131 0.00462683 0.0298506
157 T 3.33711 0.165624 0.0783764 0.0910869 0.00476039 0.02401 0.0174029 0.0209857 0.0133979 0.00394342 0.00356827 0.00776262 0.0033674 0.0216666 0.0121025 0.0158197 0.0409117 0.263785 0.139556 0.0634722 0.00840062
158 G 3.19027 0.015051 0.0289689 0.015301 0.0155918 0.0684932 0.45359 0.0346527 0.0131214 0.0335979 0.028659 0.0295367 0.0473265 0.0329422 0.0693024 0.00839554 0.0214959 0.0297046 0.0165198 0.00913285 0.028617
159 M 2.83608 0.0189926 0.037445 0.00670826 0.0130886 0.00458596 0.00697566 0.0408483 0.0744901 0.0080647 0.0513714 0.51922 0.0161289 0.0198333 0.0299555 0.0177228 0.0667252 0.012046 0.0374348 0.00523208 0.0131311
160 D 2.96707 0.00234553 0.0372461 0.341429 0.0216056 0.0112059 0.0229373 0.00899426 0.0276411 0.0035788 0.00537364 0.0185827 0.0322143 0.0443994 0.00343432 0.0101441 0.0126237 0.0145611 0.0190837 0.280345 0.0822551
161 P 2.1317 0.0959371 0.0116896 0.0206126 0.00390161 0.000287617 0.0354261 0.00285166 0.00275826 0.0266562 0.00215114 0.00184425 0.000640608 0.132648 0.00625566 0.00621448 0.6081 0.00592913 0.012619 0.0187289 0.00474815
162 R 3.21257 0.00232714 0.00565703 0.0462698 0.0589946 0.00854192 0.105002 0.0715023 0.0200822 0.0771264 0.00800071 0.0114019 0.0460533 0.00447803 0.0173095 0.388502 0.00633877 0.0125138 0.0198321 0.0597038 0.0303629
163 M 3.36108 0.0420952 0.0707271 0.0185025 0.0256586 0.0185216 0.035501 0.0209567 0.0366008 0.0298574 0.0614799 0.400073 0.0134942 0.00681803 0.0310152 0.0250647 0.0481469 0.00823595 0.0388458 0.0639536 0.00445186
164 C 2.33716 0.542278 0.117852 0.0240318 0.00050913 0.00431623 0.0103361 0.0104954 0.153836 0.0570415 0.00397779 0.000824599 0.0185752 0.00952214 0.00280464 0.00324666 0.00997093 0.0117881 0.00466004 0.00430513 0.0096285
165 S 2.79225 0.297794 0.0032253 0.010205 0.0167848 0.00722214 0.0176541 0.00826063 0.0110806 0.00151395 0.050701 0.0234507 0.100606 0.0299129 0.0101702 0.00295021 0.350659 0.0348285 0.0105946 0.00654775 0.00583853
166 L 3.24741 0.0182227 0.00655474 0.018956 0.208132 0.00683334 0.00670352 0.0474321 0.0593169 0.0191227 0.326217 0.0983345 0.0184405 0.0236736 0.0410572 0.0206426 0.0177395 0.0302133 0.0178779 0.00742641 0.00710302
167 M 3.03146 0.0174465 0.0148469 0.013367 0.0158037 0.0162975 0.00520701 0.00791535 0.0337501 0.00397878 0.0493416 0.412146 0.154426 0.00167874 0.0178818 0.0546559 0.098872 0.0416853 0.0223891 0.0108066 0.00750393
168 Q 3.13304 0.00901682 0.00373448 0.0556968 0.0218452 0.00765154 0.0407526 0.0143369 0.00428353 0.0289726 0.00739226 0.0629378 0.0229176 0.0403816 0.401813 0.0190023 0.070137 0.146919 0.0240442 0.0050099 0.0131539
169 G 3.36816 0.0589603 0.0102863 0.0295979 0.0109607 0.00772625 0.339134 0.0219199 0.084596 0.119847 0.0204671 0.00755992 0.00320326 0.0185659 0.0839271 0.0128801 0.0205773 0.0377266 0.00878794 0.0722043 0.0310722
170 S 3.06688 0.0821597 0.0607222 0.19593 0.0299236 0.0108813 0.0140633 0.00835064 0.00886777 0.0330979 0.0137973 0.0649556 0.00973888 0.0156022 0.0279441 0.0165516 0.37777 0.00528992 0.0026704 0.0151974 0.00648546
171 T 3.23215 0.00907209 0.052245 0.0164199 0.133991 0.00628381 0.00949684 0.0166014 0.0188258 0.0166734 0.0322039 0.0175376 0.0333644 0.0201791 0.0736464 0.025769 0.0190642 0.398174 0.0655313 0.0106499 0.0242716
172 L 2.85698 0.0347373 0.0448402 0.015964 0.0127564 0.00590756 0.0144066 0.030339 0.156542 0.02955 0.483735 0.010766 0.0110452 0.0501408 0.00850753 0.0226554 0.00490017 0.0179811 0.0121503 0.00962875 0.0234479
173 P 3.37535 0.104882 0.0344943 0.0864727 0.0199154 0.00695547 0.0116101 0.042013 0.0101448 0.015209 0.0416408 0.0132546 0.0127465 0.374472 0.0462865 0.0319041 0.0366897 0.0133681 0.0486726 0.0125635 0.0367053
174 R 2.58065 0.00785869 0.018049 0.00432379 0.0967333 0.0363116 0.0376989 0.0578874 0.0159855 0.0110985 0.0293324 0.0239309 0.0120713 0.0110131 0.00389226 0.567045 0.00773103 0.00188995 0.0183278 0.033344 0.00547492
175 R 2.89197 0.00893224 0.00571737 0.00826281 0.0642378 0.00890143 0.00841313 0.0555811 0.00844015 0.199126 0.0258557 0.0248446 0.0247055 0.0451372 0.0156025 0.433528 0.0120244 0.00615876 0.021163 0.0169735 0.0063931
176 S 2.74665 0.0198627 0.0168644 0.0240201 0.0571322 0.0434424 0.01656 0.0365665 0.0144697 0.0170135 0.0138764 0.0105037 0.0110536 0.0118612 0.0171237 0.0356856 0.567987 0.0238257 0.0251553 0.0214664 0.0155306
177 G 2.93353 0.0107798 0.0132398 0.0635732 0.0130344 0.0282335 0.500933 0.0239873 0.0281673 0.0268491 0.0725963 0.0196907 0.00539584 0.00509738 0.0322271 0.0105008 0.0625924 0.0219372 0.0404 0.0145558 0.00620848
178 A 3.38265 0.204966 0.00305198 0.0067556 0.0166408 0.00264405 0.0164968 0.0703234 0.0521746 0.00704848 0.0356978 0.27682 0.0322366 0.0322999 0.0156336 0.0399718 0.0254998 0.0801076 0.0651537 0.0116731 0.0048044
179 A 2.87368 0.453035 0.0135077 0.00590102 0.18279 0.00685918 0.0233398 0.0519955 0.0223182 0.0629584 0.00983731 0.0263812 0.00581456 0.00452882 0.0343254 0.00865219 0.0267935 0.0221301 0.0191199 0.0130657 0.00664573
180 G 2.98018 0.0265525 0.00463951 0.0246443 0.00817634 0.127722 0.410112 0.0180091 0.0551543 0.00760963 0.00934235 0.0320411 0.00819328 0.00768248 0.00868621 0.0136498 0.00339438 0.0850778 0.00933589 0.129244 0.0107337
181 A 3.57398 0.191655 0.00203089 0.0053763 0.00803278 0.189804 0.139958 0.0318045 0.0245805 0.0600237 0.0208407 0.0629492 0.0282898 0.00287123 0.0429316 0.0527325 0.026304 0.0213689 0.0256059 0.00320262 0.0596386
182 A 3.2693 0.394423 0.0120501 0.0171104 0.0249703 0.0209341 0.0276966 0.0721985 0.00449127 0.0260522 0.0146753 0.0834846 0.00414982 0.0139245 0.0324384 0.0139824 0.0222084 0.024519 0.0821295 0.0894128 0.0191483
183 V 2.86937 0.0220831 0.0130702 0.00617287 0.111248 0.0756091 0.0110667 0.0171056 0.305455 0.00929528 0.00569114 0.0193999 0.00265395 0.00382379 0.00419405 0.019983 0.0298954 0.0212682 0.310772 0.00698249 0.00423017
184 K 3.045 0.0422655 0.026417 0.00869056 0.027977 0.0519787 0.0158209 0.0619194 0.0110159 0.444703 0.0103961 0.131721 0.00939231 0.0502138 0.0062049 0.027571 0.0133692 0.0279683 0.0192075 0.00428957 0.00887867
