#SITE	WT_AA	SITE_ENTROPY	PI_A	PI_C	PI_D	PI_E	PI_F	PI_G	PI_H	PI_I	PI_K	PI_L	PI_M	PI_N	PI_P	PI_Q	PI_R	PI_S	PI_T	PI_V	PI_W	PI_Y
2	A	1.58464	0.78507	0.00811611	0.0108442	0.0270164	0.0162214	0.00521494	0.00612595	0.00621276	0.00972431	0.00363792	0.028659	0.00868636	0.0019731	0.0109901	0.00439653	0.00528399	0.00604416	0.0106425	0.0344876	0.0106525
3	S	2.59272	0.0281795	0.00903394	0.00800378	0.00100557	0.160907	0.00088274	0.0195984	0.000949482	0.0043159	0.438655	0.0136576	0.00218616	0.00076343	0.0483243	0.0016771	0.096979	0.0127293	0.00819131	0.000768379	0.143192
4	Q	3.46013	0.0134546	0.0299044	0.0187249	0.0104719	0.101521	0.0102392	0.06144	0.202777	0.0233173	0.0446277	0.0290844	0.136431	0.000158044	0.00642299	3.6885e-05	0.0990259	0.0261125	0.00332071	0.168689	0.0142417
5	G	3.10721	0.0190031	0.013865	0.0129563	0.00472181	0.00304284	0.172683	0.0604679	0.0424686	0.00578226	0.00452795	0.00778083	0.0682259	0.117151	0.00198239	0.00285193	0.333595	0.0805991	0.00265839	0.021069	0.0245672
6	T	1.51405	0.00493318	0.0291264	0.0110688	0.0069151	0.0101021	0.00433981	0.00704332	0.0116508	0.00630808	0.00529683	0.0209659	0.0132423	0.0208797	0.00918038	0.00588703	0.0041166	0.800827	0.00502491	0.017279	0.00581246
7	K	1.43447	0.00351291	0.0185075	0.0110028	0.00939236	0.00712179	0.00476293	0.0101633	0.00413589	0.810478	0.00367063	0.0110489	0.0271491	0.0052753	0.0134386	0.00578341	0.00242422	0.00454804	0.00363703	0.0313956	0.0125515
8	R	1.82773	0.00631946	0.0248813	0.0115871	0.00898388	0.00986394	0.0133689	0.0105598	0.0114751	0.00736195	0.0113012	0.0152998	0.00859289	0.016873	0.00780709	0.747155	0.00393722	0.0175012	0.0167419	0.0442859	0.00610283
9	S	2.54057	0.294617	0.00180924	0.00842632	0.000154073	0.00262687	0.0130291	0.00731767	0.00113726	0.000162818	0.278261	0.180464	0.0021877	0.000306275	0.00050451	0.0043394	0.0422207	0.00201376	0.00360197	0.133774	0.0230475
10	Y	2.63988	0.0176262	0.0140406	0.00119875	0.000921112	0.0137418	0.0017687	0.299636	0.398286	0.00218734	0.0213247	0.0264207	0.00978108	0.00586403	0.0521395	0.00178738	0.0302789	0.0276667	0.0338595	0.000433387	0.0410375
11	E	3.27456	0.00538325	0.163311	0.0157692	0.322671	0.00580719	0.0706792	0.0113506	0.0245636	0.0379546	0.018146	0.0141715	0.0284989	0.00140119	0.0153359	0.0150193	0.0101264	0.0246257	0.117855	0.0805192	0.0168112
12	Q	2.89776	0.00335037	0.0120376	0.00308008	0.00526879	0.0920945	0.000528162	0.113023	0.00285598	0.146281	0.0186847	0.0732389	0.0336166	0.00371528	0.0131192	0.392145	0.0580187	0.00207474	0.00288924	0.0064215	0.017556
13	M	2.59872	0.0360941	0.00306556	0.11521	0.132355	0.00654376	0.0068342	0.00803158	0.0200612	0.00544848	0.0153839	0.499303	0.00308809	0.00508339	0.0255893	0.00184613	0.00575899	0.0114403	0.0760182	0.019027	0.00381628
14	E	3.07337	0.00569584	0.0233903	0.0593529	0.383999	0.0151237	0.00724848	0.00921271	0.0424838	0.0829406	0.0128265	0.0146128	0.187488	0.0011731	0.0531845	0.0126456	0.0140934	0.0142117	0.0382273	0.00836351	0.013727
15	T	2.73983	0.0120596	0.0254756	0.0082454	0.00638013	0.0147667	0.0104681	0.0402303	0.150083	0.00464092	0.350364	0.00709888	0.00910071	0.00142428	0.0169804	0.0181772	0.00405175	0.285307	0.0077108	0.0159565	0.0114783
16	D	3.21053	0.068197	0.00855595	0.360023	0.0933067	0.0118275	0.103168	0.00559672	0.00961199	0.0118169	0.00310523	0.10235	0.0312451	0.00616066	0.011986	0.0438129	0.0713261	0.00310935	0.00765049	0.0299365	0.0172143
17	G	3.23382	0.271332	0.00892994	0.00626279	0.0617061	0.00411696	0.281862	0.0229693	0.0144832	0.0576397	0.0207339	0.0160858	0.028274	0.0646768	0.0279823	0.00812267	0.0192497	0.0268075	0.0368679	0.0195478	0.00234924
18	E	3.42466	0.0225977	0.0107721	0.0724297	0.161924	0.0465592	0.0102044	0.008022	0.0121819	0.0185962	0.297774	0.00267883	0.0255014	0.0381299	0.0314102	0.00258397	0.0123508	0.0213119	0.0842079	0.0446269	0.0761364
19	R	2.70286	0.0129643	0.0192073	0.149405	0.014416	0.0106771	0.0097486	0.031698	0.00824563	0.00745947	0.00661866	0.030969	0.0217259	0.00430844	0.00619107	0.505842	0.00532292	0.015675	0.0753239	0.0108576	0.0533426
20	Q	1.86936	0.0224462	0.0132912	0.0146788	0.00741144	0.008146	0.0111689	0.00634509	0.00669716	0.00802902	0.00615136	0.0108449	0.00676029	0.0224105	0.731537	0.0630091	0.00872748	0.0242089	0.00311147	0.0110029	0.0140227
21	N	3.41354	0.0250824	0.00627198	0.026512	0.0110724	0.00783231	0.0202064	0.0607718	0.0102793	0.0251649	0.19819	0.00371672	0.256757	0.0570505	0.00783687	0.0931337	0.0962067	0.0288446	0.047252	0.00908902	0.00873057
22	A	3.33348	0.261983	0.0103763	0.00496955	0.0116235	0.0710572	0.0128041	0.0191743	0.00518279	0.10121	0.00918028	0.00326887	0.00258716	0.0227166	0.0303335	0.181219	0.130847	0.053581	0.0155541	0.0324833	0.0198492
23	T	3.45382	0.247072	0.0065141	0.00130197	0.00264897	0.21228	0.0376626	0.0600484	0.00287689	0.0112228	0.0574069	0.0114778	0.0170597	0.00849973	0.0421082	0.0536332	0.076767	0.0409357	0.0396628	0.0219396	0.0488818
24	E	2.99462	0.0292342	0.0166282	0.0131542	0.441536	0.0107239	0.00293362	0.00442671	0.09268	0.00634342	0.0106255	0.0218903	0.00497503	0.0773563	0.0889057	0.0417504	0.0158706	0.0081597	0.0739874	0.0330741	0.00574397
25	I	3.0192	0.00298492	0.0139843	0.0257901	0.125624	0.0207509	0.0202133	0.0180349	0.3939	0.0217632	0.00509281	0.00922923	0.00939445	0.0108268	0.00915613	0.0116732	0.0874881	0.00820125	0.143551	0.0576327	0.00470884
26	R	2.83881	0.0180774	0.00431518	0.00832419	0.0322164	0.0116566	0.0181827	0.0050927	0.0159944	0.0822319	0.124791	0.014963	0.00738494	0.0170274	0.00456606	0.437696	0.011598	0.00278627	0.0288461	0.00582435	0.148424
27	A	3.18985	0.143849	0.021673	0.0117455	0.00168967	0.0144963	0.00600619	0.0709057	0.00928492	0.0091573	0.0908338	0.011992	0.00372757	0.000470478	0.19592	0.143661	0.00570765	0.0126838	0.221087	0.0175303	0.00757801
28	S	3.48404	0.0396579	0.0791153	0.00593227	0.00279776	0.0332573	0.127706	0.0316899	0.0199909	0.11803	0.0218256	0.0593241	0.0423037	0.00278514	0.0558211	0.0519696	0.275888	0.0050016	0.010387	0.0109081	0.0056084
29	V	3.02223	0.0175069	0.00884372	0.0124086	0.00506892	0.0220117	0.00642617	0.00759888	0.097429	0.00606428	0.0253033	0.012437	0.0224695	0.0370462	0.012891	0.164637	0.0444617	0.0652719	0.409218	0.0172126	0.00569326
30	G	2.36229	0.103995	0.000650579	0.00246259	0.0121121	0.00163012	0.0773687	0.00143806	0.00522758	0.00296268	0.0073759	0.0162419	0.168432	0.014053	0.524335	0.0164998	0.00867505	0.0158466	0.00262047	0.0176186	0.000454499
31	K	3.42361	0.0120613	0.0316386	0.0113669	0.0106978	0.0227167	0.054352	0.0505403	0.0617407	0.338584	0.0289487	0.0493885	0.0243776	0.0104984	0.044965	0.157021	0.0182202	0.0309976	0.0191746	0.00899039	0.0137204
32	M	2.25852	0.00581246	0.00492793	0.00967126	0.0104684	0.134667	0.0273728	0.0075219	0.00697187	0.00382626	0.0065719	0.30185	0.440478	0.00132788	0.00479673	0.00311668	0.0047112	0.00261229	0.0027332	0.0161525	0.00440999
33	I	2.8447	0.19134	0.298711	0.0151058	0.00430774	0.000892521	0.00752868	0.00013883	0.0808138	0.0040104	0.0111213	0.00345748	0.0123622	0.00317224	0.00292381	0.00587389	0.0584929	0.172874	0.123687	0.00139206	0.00179523
34	D	3.65004	0.0472274	0.0626106	0.116268	0.237434	0.0194629	0.0146711	0.0578814	0.0562862	0.0083944	0.00733024	0.0335606	0.149648	0.00136448	0.0212591	0.0252997	0.0244898	0.0176057	0.0377	0.0397039	0.0218029
35	G	3.35208	0.0690222	0.00767479	0.00452333	0.00830239	0.00845618	0.308676	0.0964747	0.0132795	0.0281255	0.0631994	0.0109352	0.0485694	0.0124987	0.0204205	0.024693	0.0082024	0.166115	0.0340162	0.00633007	0.0604863
36	I	2.75268	0.00539102	0.0237438	0.00928316	0.0132236	0.00167674	0.0315736	0.00151814	0.178757	0.00760196	0.0741175	0.0122114	0.004938	0.0103023	0.0236688	0.0593374	0.0126972	0.468568	0.0073701	0.0348215	0.0191985
37	G	1.66413	0.0188987	0.00809993	0.00849058	0.00622808	0.00251138	0.111591	0.0190901	0.000803822	0.00320706	0.00744107	0.0095137	0.00451152	0.0090781	0.00723223	0.0291637	0.735469	0.00088028	0.00324735	0.00995692	0.00458501
38	R	3.60766	0.0141504	0.0514143	0.0238527	0.00794644	0.104314	0.0209822	0.028794	0.0326539	0.0189596	0.0829277	0.00657657	0.0353772	0.0289152	0.0735644	0.288206	0.0113226	0.0270146	0.00658178	0.0515989	0.0848463
39	F	3.59279	0.0698904	0.165811	0.00208918	0.0115886	0.220551	0.00777927	0.00898159	0.0157385	0.0338997	0.0326324	0.0839973	0.066039	0.0258864	0.0474613	0.0132929	0.0106421	0.0224753	0.116289	0.0292182	0.0157363
40	Y	3.41471	0.0375812	0.0132625	0.0411899	0.0146658	0.00641403	0.0256133	0.0179796	0.0709602	0.0127379	0.0307807	0.00618572	0.00611096	0.0774606	0.0196814	0.0478877	0.03609	0.0230384	0.106515	0.0488108	0.357035
41	I	3.17639	0.0307603	0.00250805	0.186499	0.00115521	0.00212859	0.0969468	0.00325356	0.0465574	0.000287878	0.00668109	0.0034456	0.0012869	0.00954549	0.0664593	0.00472386	0.0935942	0.244075	0.0140487	0.138899	0.0471441
42	Q	2.88715	0.00672292	0.0446052	0.00702968	0.0204057	0.0515279	0.0229583	0.0236319	0.014157	0.0168276	0.0152577	0.0328183	0.0196093	0.0567377	0.524217	0.0197255	0.0119763	0.013573	0.0142995	0.0642136	0.0197066
43	M	3.66418	0.170089	0.0449118	0.0225967	0.0170428	0.0086626	0.00594947	0.0301972	0.0112016	0.0420969	0.0335075	0.220335	0.0941108	0.0212555	0.00917731	0.0324795	0.0396692	0.0232294	0.0654155	0.0148013	0.0932712
44	C	3.61411	0.0426183	0.199999	0.0164849	0.00860261	0.0155827	0.236321	0.0442935	0.0127953	0.0122406	0.0325474	0.0405106	0.015525	0.0396445	0.0503482	0.00746311	0.0179307	0.0667145	0.0207316	0.0436995	0.0759475
45	T	3.1533	0.0186771	0.00724347	0.0236176	0.00626813	0.0109805	0.00504373	0.0138767	0.00968826	0.0132332	0.0558276	0.0961383	0.108853	0.034474	0.0136681	0.0108292	0.105555	0.39251	0.0417502	0.0219285	0.00983703
46	E	3.18904	0.0159042	0.00582186	0.0230699	0.352331	0.0457145	0.024344	0.0119262	0.00632837	0.0168178	0.0116303	0.0304305	0.145148	0.0841054	0.0289681	0.012061	0.00503545	0.138615	0.00604577	0.0243032	0.0114001
47	L	2.6996	0.0030915	0.0161882	0.00910271	0.00774425	0.011566	0.00422882	0.0338761	0.16746	0.00626091	0.199788	0.0117001	0.00942375	0.00260798	0.0060678	0.0124564	0.0175537	0.0476586	0.414784	0.0114067	0.00703357
48	K	3.35086	0.156926	0.026714	0.0142726	0.0196828	0.105081	0.0106019	0.0136696	0.0174764	0.342089	0.0446769	0.0256735	0.0120955	0.0250585	0.0227772	0.0247366	0.0120167	0.0235214	0.0711303	0.0206013	0.0111992
49	L	3.71041	0.0447145	0.0764643	0.0482045	0.0507803	0.076128	0.0363617	0.00211228	0.124216	0.0116819	0.211428	0.00685197	0.0896976	0.0198281	0.0364931	0.0216172	0.0135267	0.0249648	0.089425	0.0025501	0.0129545
50	S	2.97445	0.400775	0.0218089	0.00132073	0.00820554	0.108126	0.0136963	0.0542141	0.00985267	0.0104553	0.0252924	0.180654	0.022234	0.0552025	0.0223956	0.00762315	0.0167649	0.0118018	0.00773174	0.000448427	0.0213974
51	D	2.38875	0.0478716	0.0218945	0.0165482	0.00512464	0.00157038	0.00121293	0.0559775	0.0189593	0.00402973	0.0189108	0.000505565	0.211234	0.00225434	0.513208	0.00102048	0.0392693	0.00696276	0.0314517	0.00128297	0.000712362
52	Y	3.33669	0.246664	0.0130737	0.00816239	0.00526196	0.0273024	0.0885599	0.0286857	0.048553	0.00321861	0.00721934	0.0265669	0.027434	0.00826837	0.00558564	0.00764986	0.0460637	0.149576	0.0290022	0.0185517	0.2046
53	E	3.36235	0.111204	0.0898615	0.0113796	0.132084	0.0184474	0.0216637	0.00127519	0.0109224	0.00255852	0.0092164	0.0207371	0.0666205	0.00907417	0.125834	0.00214198	0.197911	0.14956	0.0105105	0.00549644	0.00350163
54	G	3.39195	0.0819943	0.0599696	0.152465	0.0140917	0.00284828	0.189789	0.00917904	0.0107808	0.0115442	0.0201083	0.0312156	0.00727058	0.0259569	0.195069	0.00692351	0.1229	0.0247044	0.00276789	0.0259184	0.00450404
55	R	3.65435	0.0646398	0.0240302	0.0154693	0.00181692	0.0247603	0.00547912	0.13561	0.144752	0.0631229	0.0597413	0.025478	0.0185952	0.00666696	0.00657168	0.144033	0.0247435	0.0173582	0.124568	0.00595362	0.0866097
56	L	3.10918	0.0101189	0.0353492	0.0139826	0.0115694	0.013159	0.0211339	0.0105585	0.0353533	0.0044943	0.0737304	0.056123	0.456598	0.0352791	0.0122849	0.00647187	0.060721	0.0632802	0.0243467	0.0246849	0.0307603
57	I	2.88415	0.151444	0.0308196	0.0107281	0.00299773	0.0196575	0.0219192	0.0052579	0.129537	0.00930834	0.019294	0.00670873	0.0169878	0.0241782	0.00595343	0.0180594	0.0198388	0.0490097	0.440338	0.0104422	0.00751996
58	Q	3.58962	0.0372543	0.00332168	0.0907422	0.0042178	0.0126667	0.0490318	0.0123664	0.0277428	0.158076	0.0150535	0.0171196	0.126962	0.0435209	0.236765	0.0355137	0.0133608	0.0392379	0.0218549	0.0290421	0.0261496
59	N	2.98548	0.00921017	0.0244705	0.00456456	0.0436215	0.0206456	0.100756	0.0103453	0.0120602	0.0191314	0.0199248	0.0038214	0.238819	0.0148152	0.0174697	0.0322299	0.0119586	0.369445	0.00485038	0.0327267	0.00913438
60	S	3.35563	0.0155401	0.0599933	0.0186908	0.0101885	0.0189989	0.166056	0.00938865	0.00444577	0.00124187	0.0421355	0.0123195	0.192143	0.0041005	0.0253975	0.00658965	0.167709	0.14485	0.0825896	0.0107963	0.00682468
61	L	3.66605	0.00854805	0.00705673	0.0206389	0.00616693	0.0343004	0.164581	0.0797433	0.038167	0.0106634	0.186088	0.00585754	0.0796718	0.0440233	0.0395121	0.0180751	0.0582455	0.0483797	0.121581	0.023147	0.00555387
62	T	2.62057	0.0436991	0.00617325	0.00893991	0.00877805	0.00500944	0.0529569	0.00930963	0.00370905	0.00313037	0.0178636	0.0222734	0.522491	0.0377373	0.00791314	0.0117874	0.0519308	0.151628	0.0166171	0.00413655	0.0139159
63	I	2.53019	0.0421227	0.0152288	0.00525283	0.00224359	0.065304	0.00820032	0.030561	0.135673	0.0110091	0.536844	0.00364155	0.0113377	0.00866162	0.0117662	0.00989355	0.0144648	0.0735076	0.00640079	0.00706702	0.000820497
64	E	3.57923	0.0261311	0.0531615	0.0257776	0.335947	0.0509206	0.0742957	0.045652	0.0942822	0.00535843	0.032212	0.0215195	0.0263893	0.0169282	0.0100579	0.030689	0.0418188	0.0379907	0.0252345	0.0176834	0.0279506
65	R	2.96259	0.00851892	0.0267824	0.0151915	0.0506124	0.0119053	0.0274212	0.00848259	0.00916484	0.0483812	0.00419633	0.023254	0.0211977	0.0663806	0.0142626	0.468051	0.0214543	0.00911406	0.129345	0.0258802	0.0104039
66	M	3.67021	0.0104431	0.0104958	0.07023	0.0108877	0.0219448	0.0559262	0.0778625	0.0537128	0.187183	0.0356673	0.199699	0.00844824	0.0103697	0.0593877	0.0581434	0.0104081	0.0684056	0.0198608	0.0116174	0.0193076
67	V	3.75434	0.11241	0.025587	0.0278491	0.0564037	0.0232326	0.0447659	0.0271054	0.0210252	0.0469697	0.0136738	0.0729047	0.0293217	0.00915617	0.0112728	0.0251166	0.116044	0.00824045	0.138544	0.00812081	0.182256
68	L	3.28097	0.0382314	0.0354994	0.00711782	0.00659718	0.00589528	0.0559942	0.0395217	0.0450589	0.00923007	0.097672	0.00932624	0.198577	0.0149659	0.0789669	0.00894123	0.298319	0.00362581	0.00696952	0.0317843	0.00770657
69	S	2.94923	0.00585996	0.0123984	0.0985388	0.0135215	0.0254828	0.070078	0.00763669	0.0086898	0.00978052	0.0143128	0.0257662	0.0202559	0.0556195	0.0276316	0.0287937	0.49006	0.0123058	0.027033	0.0166791	0.029556
70	A	2.94494	0.172187	0.0108849	0.0604762	0.00530396	0.0034729	0.211823	0.00370565	0.00508961	0.00501182	0.00652477	0.00649858	0.00344617	0.0238484	0.00223116	0.0348693	0.248508	0.170739	0.00276219	0.00771501	0.0149021
71	F	3.25421	0.0202542	0.00478451	0.15903	0.00224987	0.0916472	0.0175462	0.000868122	0.00434345	0.12441	0.0207498	0.00288633	0.01918	0.00392091	0.186452	0.201545	0.0066983	0.00752908	0.0328511	0.083105	0.00994909
72	D	2.98169	0.0174842	0.00820223	0.411004	0.0136351	0.0169024	0.0102766	0.00692366	0.00631583	0.012364	0.0162803	0.017703	0.0173242	0.0429799	0.0233718	0.156342	0.0115032	0.0563048	0.135602	0.0074302	0.0120518
73	E	3.3566	0.0074945	0.010329	0.018617	0.0794228	0.00428267	0.013837	0.029318	0.151564	0.0797845	0.141958	0.00599302	0.00381557	0.00160219	0.00568817	0.00450822	0.118322	0.128274	0.177089	0.00158026	0.0165206
74	R	2.92255	0.105158	0.016758	0.00786891	0.0235701	0.024872	0.0102468	0.0232793	0.0187662	0.0296473	0.0128335	0.0180421	0.0377441	0.0254951	0.0192584	0.504276	0.0567191	0.0139353	0.00618317	0.0136549	0.0316915
75	R	2.9495	0.00780295	0.0576128	0.197071	0.018945	0.00821902	0.028144	0.136209	0.00915896	0.0241561	0.00659631	0.0167401	0.00573853	0.0101839	0.00967222	0.386415	0.0104605	0.00624571	0.0142066	0.0303423	0.0160808
76	N	3.25051	0.0392759	0.0234067	0.0372658	0.0317826	0.0237717	0.00341775	0.0184569	0.0969064	0.0175892	0.00615286	0.0113319	0.128881	0.000602915	0.136078	0.00852447	0.0242106	0.00764155	0.0429466	0.33466	0.00709711
77	K	2.774	0.00923767	0.175312	0.000760813	0.00229229	0.00540542	0.0305912	0.00316399	0.00970657	0.0375616	0.0135887	0.30321	0.290939	0.00105662	0.00771322	0.0387713	0.00649958	0.0176453	0.0322667	0.010864	0.00341494
78	Y	2.77803	0.0286583	0.00393642	0.00759044	0.00732937	0.0353903	0.019346	0.360435	0.017157	0.00529539	0.00386048	0.00275823	0.0489793	0.00254158	0.00769413	0.00922143	0.025506	0.00809005	0.138585	0.00594884	0.261678
79	L	3.00954	0.0165439	0.0245189	0.00668563	0.115357	0.00260716	0.0283636	0.0641227	0.0794503	0.00986379	0.394004	0.154054	0.00698816	0.0273635	0.00985858	0.00444616	0.0098269	0.0167271	0.0125952	0.0115564	0.00506649
80	E	3.34668	0.0131648	0.0110807	0.0285091	0.252385	0.273039	0.0161234	0.025589	0.0220171	0.0274698	0.0138902	0.0100171	0.022026	0.00558578	0.070942	0.0117019	0.0388618	0.0108476	0.0251386	0.0565266	0.0650846
81	E	3.34206	0.00670028	0.00623597	0.0342288	0.385313	0.0246885	0.0373252	0.0172636	0.0335524	0.0308925	0.0664324	0.02939	0.0936903	0.00898915	0.0101141	0.0388046	0.0175217	0.0727182	0.0589448	0.00740823	0.0197873
82	H	3.35121	0.00792621	0.278751	0.00231965	0.00596847	0.0427289	0.00653069	0.123075	0.00498365	0.0122707	0.00646117	0.147355	0.0593377	0.00414563	0.0187521	0.0321606	0.0312651	0.0609875	0.0508236	0.0985467	0.00561022
83	P	3.31904	0.06377	0.0231961	0.0133431	0.00760409	0.0255112	0.010267	0.110224	0.00819986	0.00484382	0.00762373	0.00549476	0.0372773	0.227917	0.242637	0.00871653	0.0737678	0.0127017	0.0436953	0.0715723	0.00163698
84	S	2.3991	0.586146	0.000974959	0.00232027	0.00681264	0.00359896	0.054581	0.0378953	0.00776786	0.0162723	0.00943779	0.104331	0.0270254	0.00644418	0.0166573	0.00997211	0.0587256	0.0356331	0.0100873	0.00240818	0.00290883
85	A	3.70867	0.165532	0.00653151	0.00788171	0.0285892	0.040187	0.0551416	0.0392838	0.0035788	0.016321	0.0521112	0.0676502	0.159733	0.042301	0.0215574	0.056064	0.0403428	0.138978	0.0532277	0.0031651	0.00182299
86	G	3.30277	0.0195945	0.00180603	0.00109981	0.0185497	0.00307102	0.147734	0.0531148	0.0164787	0.0164503	0.0539641	0.0120581	0.159468	0.0155332	0.0846105	0.0453881	0.289046	0.0156816	0.0214881	0.00471297	0.0201505
87	K	2.78447	0.0300267	0.0357414	0.00634807	0.0688324	0.00362673	0.00559112	0.0346053	0.00563128	0.521286	0.0160997	0.0600043	0.0155716	0.0303881	0.00591724	0.0190129	0.0250369	0.00344239	0.0824017	0.00971799	0.0207188
88	D	3.11014	0.0107027	0.126579	0.387096	0.0993597	0.00275404	0.043556	0.0103909	0.0473888	0.00813066	0.00360832	0.026152	0.0677318	0.0024964	0.0274125	0.0147942	0.0777332	0.0160169	0.0158693	0.00927007	0.00295769
89	P	3.54521	0.10523	0.0915978	0.0145308	0.0162335	0.0637898	0.046563	0.0189673	0.0136925	0.00445882	0.045673	0.0149521	0.0134831	0.19569	0.00203029	0.0130594	0.0112366	0.00935054	0.154778	0.141813	0.0228709
90	K	3.0664	0.00906202	0.0125694	0.000599301	0.00244167	0.00523795	0.0133899	0.0804929	0.0316784	0.0700665	0.055871	0.00326244	0.396834	0.000258206	0.0917088	0.0982779	0.0187893	0.0595486	0.00876873	0.0368856	0.00425669
91	K	2.39926	0.0148807	0.0096344	0.0137708	0.013137	0.00586807	0.0137701	0.0751268	0.0147499	0.633234	0.0181201	0.0187465	0.0231609	0.0167554	0.0197548	0.0341849	0.00983653	0.0131861	0.0105441	0.0133201	0.0282189
92	T	2.93465	0.0208355	0.0357862	0.0326333	0.0163454	0.158034	0.0128749	0.010648	0.031457	0.00805332	0.0199702	0.0338343	0.0663748	0.0197186	0.0258228	0.00263651	0.0142224	0.461419	0.00807904	0.0144036	0.00685104
93	G	2.68713	0.00796344	0.00845014	0.00651815	0.00993355	0.010379	0.312741	0.00625651	0.029475	0.00679409	0.0108944	0.183428	0.0104046	0.00504854	0.307512	0.00212834	0.00568806	0.0221177	0.00231165	0.0346938	0.0172615
94	G	3.21237	0.0444986	0.0353276	0.0648337	0.0960841	0.0167355	0.399288	0.0119001	0.0137892	0.0177706	0.125193	0.0206065	0.012007	0.0143817	0.020867	0.0170058	0.0143251	0.0120285	0.0094078	0.0412343	0.0127164
95	P	2.65963	0.00664197	0.0100613	0.0153919	0.00759809	0.0191449	0.502493	0.00990768	0.00303358	0.0169535	0.00586512	0.0119709	0.0222121	0.16802	0.0652957	0.0119633	0.0110193	0.0138645	0.0736469	0.0141035	0.0108121
96	I	3.2142	0.0117571	0.0452971	0.00589243	0.0030189	0.085144	0.00938945	0.0141065	0.170182	0.0384091	0.0207867	0.0610967	0.0238176	0.0232337	0.00558941	0.00695192	0.0102952	0.0311576	0.350506	0.00803872	0.0753308
97	Y	3.48512	0.0437906	0.0124046	0.0048009	0.0289468	0.235242	0.0079301	0.00957746	0.0437707	0.0294212	0.0395781	0.0159777	0.00557331	0.0205158	0.0596496	0.0362068	0.0212782	0.0252891	0.136865	0.0167053	0.206476
98	K	3.54188	0.0186716	0.0499573	0.00895584	0.00167899	0.00395878	0.0063463	0.0635298	0.0216643	0.12615	0.101464	0.0391101	0.184391	0.00380819	0.0109845	0.151404	0.0873266	0.025358	0.0811424	0.00317469	0.0109243
99	R	2.61614	0.0153046	0.00513275	0.00981439	0.0310467	0.00438334	0.00795933	0.00649278	0.00557571	0.304897	0.0192121	0.00394584	0.0196722	0.0103249	0.00467045	0.183605	0.0178606	0.333133	0.00514492	0.00863116	0.00319371
100	V	2.29238	0.0851393	0.0158563	0.00684719	0.0139529	0.000441176	0.0073313	0.0202613	0.0520225	0.0100031	0.63255	0.00521569	0.0169928	0.0245719	0.0070718	0.0218931	0.0146304	0.0246329	0.0334261	0.00588242	0.00127862
101	D	3.58143	0.0489412	0.00916385	0.271408	0.0629141	0.00895228	0.00357666	0.0268771	0.0807575	0.0316916	0.0955579	0.0108661	0.0158414	0.0819719	0.0142588	0.0191343	0.0574984	0.0995164	0.0447688	0.00938335	0.00692028
102	R	3.11904	0.0036899	0.0168361	0.0100557	0.0151005	0.014732	0.0416285	0.0191195	0.0173364	0.168159	0.0329411	0.00810095	0.00517078	0.0198254	0.0278425	0.272934	0.259654	0.00564135	0.0100599	0.0206287	0.030543
103	K	2.815	0.0285194	0.0190305	0.0143832	0.0064347	0.00649437	0.0163467	0.0164586	0.00413634	0.107576	0.0171924	0.0390001	0.512788	0.0120517	0.0206662	0.039588	0.072706	0.0334092	0.0177552	0.00910314	0.00636122
104	W	3.45066	0.0171518	0.0187908	0.024602	0.0183042	0.125947	0.0218931	0.0221451	0.0447597	0.0118922	0.0349368	0.00988477	0.0143876	0.0458884	0.00510398	0.0679089	0.0344834	0.113025	0.0356656	0.32466	0.00857075
105	M	3.33968	0.00596478	0.00557434	0.0496539	0.0045918	0.277219	0.0264671	0.0320295	0.0242506	0.0101349	0.0165216	0.11237	0.00249964	0.0223732	0.0116268	0.017051	0.147666	0.00219775	0.0532093	0.03515	0.143449
106	R	3.38928	0.0385815	0.0126097	0.0166078	0.0397902	0.0199413	0.0255553	0.00786374	0.0384902	0.0210294	0.0343218	0.0222909	0.0154034	0.0114624	0.0446148	0.384782	0.0251182	0.081336	0.102514	0.0229575	0.03473
107	E	3.04693	0.0168657	0.0193284	0.133005	0.467304	0.0250497	0.0149692	0.0144916	0.0148306	0.0358085	0.00566006	0.0331066	0.0247137	0.0429919	0.0271346	0.0260939	0.0127824	0.0276929	0.0210645	0.0237209	0.0133862
108	L	3.41727	0.0345716	0.00740359	0.00745466	0.0150471	0.112135	0.0652999	0.0108813	0.0181185	0.0190201	0.339224	0.101123	0.0291489	0.0718677	0.0114239	0.030881	0.0477295	0.025672	0.014504	0.0299478	0.00854576
109	V	3.22253	0.0170482	0.0439563	0.00843079	0.317872	0.0209842	0.0220612	0.0225868	0.154464	0.061077	0.00674779	0.011181	0.0149978	0.0015005	0.0259079	0.0108474	0.0490567	0.0236877	0.172818	0.00952454	0.0052499
110	L	2.5471	0.00576403	0.0151861	0.00875476	0.0162041	0.0641109	0.0207497	0.0222009	0.0324309	0.0129098	0.605914	0.0141071	0.0202385	0.0121547	0.00965397	0.0256005	0.0265547	0.0267597	0.021992	0.0321715	0.00654205
111	Y	2.02307	0.00594576	0.00104765	0.0113143	0.00342993	0.0626183	0.00188585	0.00786745	0.00389452	0.00196825	0.0738235	0.0188841	0.0215577	0.00518424	0.00760535	0.000105587	0.00312818	0.659608	0.0421437	0.00322232	0.0647654
112	D	3.22883	0.0316666	0.0325663	0.228796	0.0271416	0.0249068	0.0101459	0.00527056	0.0275962	0.0135692	0.132863	0.0104473	0.17498	0.00730891	0.0196592	0.017708	0.0146676	0.0053079	0.00148252	0.00493993	0.208976
113	K	3.09514	0.00910157	0.0249051	0.0218799	0.0268912	0.122278	0.0134153	0.088905	0.0061459	0.41805	0.0372217	0.0118412	0.0224007	0.00341608	0.0901149	0.0291618	0.00872604	0.00627784	0.0205199	0.0244173	0.0143308
114	E	2.74469	0.00450706	0.00639712	0.0876051	0.131583	0.00881202	0.0296268	0.0222803	0.0163112	0.0449385	0.00161197	0.0190828	0.0155967	0.0116049	0.0568816	0.00246149	0.00638064	0.0103528	0.00109504	0.490311	0.0325593
115	E	3.06369	0.0275095	0.0446042	0.0192183	0.410002	0.0343097	0.0070274	0.00657526	0.138056	0.0212121	0.116699	0.0119978	0.0103604	0.0121077	0.0152813	0.0302153	0.0138994	0.0601075	0.00841165	0.00596675	0.00643929
116	I	3.48624	0.0714521	0.0896782	0.0123304	0.0166917	0.0246329	0.0653785	0.00468211	0.308225	0.017817	0.0256221	0.00525613	0.0582318	0.0267443	0.0111868	0.0193558	0.0274616	0.13274	0.0503635	0.0129032	0.0192479
117	R	3.46414	0.00439312	0.0309408	0.00849743	0.00434429	0.0311267	0.00515694	0.0597453	0.0152429	0.078871	0.211014	0.00363717	0.021929	0.00501233	0.0474391	0.0717131	0.00783969	0.105608	0.0705453	0.0138173	0.203126
118	R	3.33737	0.0114318	0.0306035	0.020075	0.0204628	0.0151223	0.122175	0.00855618	0.0423512	0.0139079	0.00887558	0.017897	0.010894	0.058165	0.0166095	0.326696	0.01032	0.0173771	0.0627963	0.0269212	0.158763
119	I	3.1051	0.00951633	0.0288397	0.0340936	0.0192083	0.0369931	0.0078043	0.029174	0.486056	0.0270714	0.0156432	0.0376195	0.0473366	0.0407978	0.0361133	0.0100901	0.0354074	0.0345866	0.010969	0.0337304	0.01895
120	W	3.4202	0.00510089	0.00720183	0.00662776	0.00483067	0.192776	0.061103	0.0377779	0.0254045	0.0272809	0.00819021	0.135184	0.0242122	0.0161405	0.052113	0.00274532	0.01377	0.0113495	0.0657911	0.236526	0.0658736
121	R	3.3216	0.0227895	0.0251614	0.00864647	0.0160504	0.0120077	0.00126766	0.0485955	0.0187983	0.00609803	0.204719	0.0231066	0.0918259	0.0108115	0.0430236	0.300035	0.0259228	0.0182037	0.0356786	0.00764856	0.0796102
122	Q	1.79916	0.000847006	0.00660741	0.0064209	0.00626914	0.0112303	0.00482147	0.0173434	0.705158	0.00437524	0.0957721	0.00800717	0.00522817	0.013044	0.0798704	0.00674567	0.00364347	0.00842751	0.00763146	0.00298787	0.00556899
123	A	3.37251	0.231593	0.0386493	0.00849274	0.00256276	0.00483941	0.130162	0.0218253	0.00811839	0.00337352	0.050459	0.00831299	0.0156032	0.0190724	0.0113707	0.142051	0.162011	0.0715193	0.0475266	0.0175789	0.00487908
124	N	3.01159	0.00232839	0.143822	0.00440845	0.059445	0.031854	0.00113048	0.0341929	0.0218646	0.0107512	0.0092842	0.0175231	0.188455	0.0123756	0.0349516	0.0142894	0.356136	0.00719182	0.00265019	0.00375631	0.0435916
125	N	3.39745	0.0355025	0.0923765	0.00324764	0.00444778	0.00954379	0.0764548	0.00323297	0.126393	0.0138737	0.0733663	0.00614766	0.298353	0.0147342	0.00477922	0.0318835	0.0800177	0.03415	0.0494821	0.00379235	0.0382214
126	G	3.42506	0.0390967	0.023419	0.00380476	0.0115534	0.00457374	0.194949	0.0251269	0.00639532	0.0162926	0.153274	0.14333	0.0317023	0.0157133	0.00414239	0.0892972	0.0349315	0.163808	0.020407	0.0160805	0.00210205
127	D	3.7069	0.146457	0.0376169	0.0681761	0.0178883	0.0154393	0.149583	0.00168055	0.145911	0.00161439	0.0310887	0.00431535	0.0424389	0.061106	0.0258393	0.106436	0.011941	0.0352541	0.0568074	0.0146681	0.0257386
128	D	3.17957	0.0983371	0.0275592	0.0383816	0.0921369	0.0568254	0.00565517	0.0444177	0.0231606	0.0137663	0.0124425	0.00341708	0.0180459	0.0128614	0.0133375	0.00646304	0.0304017	0.0434076	0.0480309	0.00135182	0.41
129	A	3.67064	0.22571	0.0101103	0.0122178	0.017774	0.028438	0.089013	0.0745914	0.0160171	0.0123644	0.0614108	0.017873	0.0746612	0.0149255	0.0165473	0.0645636	0.0207325	0.115911	0.106506	0.00598966	0.0146443
130	T	2.88272	0.00772687	0.00848966	0.0449583	0.00691686	0.0143423	0.0161303	0.0409737	0.00230975	0.451195	0.0287502	0.00752967	0.0140997	0.0239105	0.0155467	0.043321	0.0255178	0.188978	0.04052	0.0108337	0.00794938
131	A	3.13826	0.242338	0.0688346	0.0158994	0.00649496	0.0125774	0.0352368	0.122138	0.0110824	0.0167591	0.0123264	0.0124556	0.0171469	0.284343	0.00216961	0.00338337	0.0829062	0.0156007	0.00835785	0.0233579	0.00659286
132	G	3.28009	0.0264853	0.0127639	0.0241372	0.00408808	0.00637923	0.314598	0.00650535	0.0777184	0.0113436	0.0660425	0.209542	0.0264047	0.0180974	0.045365	0.00729509	0.0653846	0.0256166	0.0140132	0.0107443	0.0274756
133	L	3.04495	0.00693369	0.00544328	0.0554263	0.00278376	0.00356574	0.00588878	0.0023317	0.253944	0.222343	0.205574	0.072024	0.00954374	0.0118272	0.0463337	0.00602118	0.00585247	0.0210642	0.0426357	0.0114822	0.00898062
134	T	2.99249	0.0136409	0.171065	0.0173224	0.00187447	0.0984853	0.00834739	0.00682196	0.00510309	0.0024164	0.00212964	0.0184173	0.00521228	0.0214978	0.0281228	0.00692175	0.0317052	0.347133	0.164366	0.0249098	0.0245065
135	H	3.47368	0.0235218	0.0045661	0.00391362	0.0228888	0.0195199	0.0768758	0.345885	0.0469236	0.100118	0.0286345	0.01762	0.0342776	0.0539576	0.0275424	0.0534813	0.0384589	0.0203347	0.0165175	0.00602603	0.0589363
136	M	2.37307	0.26683	0.0245341	0.00308002	0.00700208	0.00250055	0.00610834	0.00259241	0.127591	0.000830443	0.0231487	0.0308103	0.00273757	0.00196006	0.441963	0.00251138	0.00561457	0.0316604	0.0163105	0.000330425	0.00188508
137	M	2.57323	0.0780395	0.0130495	0.00666906	0.00539786	0.00665849	0.00646401	0.0219897	0.033022	0.0187068	0.0484816	0.5644	0.00615907	0.0513927	0.0167079	0.00455769	0.0015208	0.0738162	0.0101848	0.0198115	0.0129709
138	I	2.95238	0.0440869	0.0140434	0.0120329	0.0113969	0.0411172	0.0479247	0.00353339	0.487643	0.00318347	0.101164	0.0386505	0.0173516	0.0334246	0.00754431	0.0260887	0.00768589	0.010339	0.0340537	0.0239893	0.0347474
139	W	3.72639	0.0231061	0.0381579	0.0052441	0.0380118	0.0257126	0.00379467	0.127461	0.00889184	0.0195405	0.0227797	0.0958782	0.0362588	0.0156786	0.155324	0.0577252	0.0382271	0.0252967	0.0366967	0.191405	0.0348088
140	H	3.52135	0.00980821	0.0150471	0.0118188	0.113516	0.0221543	0.0705755	0.190709	0.0237061	0.00924322	0.0271114	0.0595126	0.191261	0.0129625	0.122594	0.00510912	0.00578859	0.0110772	0.0651698	0.02201	0.0108263
141	S	3.22444	0.0108991	0.0600309	0.0284366	0.0112134	0.0230187	0.0945375	0.0240587	0.124933	0.0166613	0.00682125	0.0215755	0.0173291	0.0552202	0.0151473	0.00559363	0.393645	0.00788932	0.0408836	0.0231115	0.0189946
142	N	3.44314	0.00671275	0.0539199	0.012653	0.00520559	0.0314092	0.0434471	0.0115951	0.0127975	0.00853767	0.0210345	0.0458263	0.292088	0.18746	0.0493551	0.0138381	0.0278294	0.021218	0.0581168	0.0158778	0.0810786
143	L	3.21492	0.00250153	0.0200106	0.00767602	0.0146671	0.00899867	0.127972	0.0143108	0.324801	0.00368121	0.18337	0.0173462	0.0170894	0.0216029	0.00605467	0.0136932	0.0422465	0.0654829	0.0205584	0.0606845	0.0272531
144	N	3.2281	0.0962378	0.08557	0.0167369	0.0371104	0.0498404	0.0081121	0.00848637	0.067441	0.0180207	0.0315531	0.0165284	0.389547	0.00789991	0.0101892	0.00550747	0.00524907	0.0703504	0.010944	0.0537113	0.0109638
145	D	3.22716	0.0818978	0.0457931	0.189571	0.0393595	0.00330612	0.285527	0.00624247	0.0175329	0.032311	0.0107443	0.0214666	0.01755	0.00454296	0.00415363	0.0108314	0.0252859	0.164565	0.0155523	0.00936325	0.0144042
146	T	3.09499	0.0575063	0.0089016	0.0191143	0.00900553	0.0151877	0.0250577	0.0263524	0.0117584	0.0799361	0.016149	0.0133209	0.0243884	0.0107158	0.075705	0.0188725	0.0106348	0.451776	0.0795989	0.0182632	0.0277554
147	T	2.94386	0.0177595	0.29155	0.0114834	0.00662761	0.0277648	0.0280237	0.0382831	0.00859875	0.0207201	0.00327544	0.0107466	0.0305579	0.00967751	0.0169782	0.00257102	0.00779391	0.286456	0.163357	0.00790426	0.00987274
148	Y	2.8053	0.00657455	0.0378954	0.0191903	0.00870377	0.0138847	0.0174947	0.0343139	0.0447785	0.0103651	0.0348071	0.0126464	0.0779524	0.00812337	0.00797965	0.0198885	0.0223835	0.0797489	0.00962144	0.00878304	0.524865
149	Q	2.80048	0.00613744	0.0193892	0.0104598	0.0149588	0.101044	0.0171952	0.0300692	0.0598912	0.0108196	0.00460326	0.0120556	0.028401	0.0133359	0.519139	0.0220886	0.018394	0.0688209	0.0119585	0.00845371	0.022785
150	R	3.22267	0.0111091	0.0384476	0.0479124	0.0387035	0.0218934	0.00691575	0.0648242	0.0227163	0.0125016	0.0119624	0.0351864	0.00959031	0.00998099	0.0899345	0.414992	0.0296675	0.0115675	0.0030334	0.0503762	0.0686848
151	T	2.86656	0.0659969	0.0145344	0.0164263	0.00525416	0.0673294	0.0125067	0.00807178	0.00757326	0.113462	0.0416834	0.0681793	0.00562722	0.00922501	0.0253074	0.0037808	0.00980651	0.478488	0.0186539	0.0198964	0.00819688
152	R	2.72039	0.0148305	0.00365825	0.00172589	0.0791881	0.00287607	0.00130545	0.259444	0.0105941	0.0245502	0.00344761	0.00701403	0.00578549	0.0191957	0.024472	0.337251	0.0129757	0.0078319	0.00583324	0.00626913	0.171752
153	A	2.79441	0.535365	0.0564669	0.0108915	0.0139634	0.038759	0.0415763	0.00349492	0.0346956	0.0166891	0.018652	0.0121382	0.0164845	0.0110676	0.0370515	0.0105406	0.0285635	0.0790099	0.0190075	0.00876706	0.00681593
154	L	2.79614	0.00993097	0.0262194	0.0103716	0.012886	0.00539963	0.0224551	0.00729728	0.137582	0.0225146	0.286513	0.0096467	0.0370969	0.00482308	0.00389584	0.0106661	0.0079371	0.014482	0.348318	0.00726334	0.0147001
155	V	2.88563	0.0819731	0.0198531	0.0295085	0.0065926	0.0168754	0.0610561	0.0114064	0.0766204	0.0104282	0.00878754	0.0246814	0.0154316	0.00589639	0.0178662	0.0292353	0.0307905	0.0144716	0.505046	0.0056729	0.0278069
156	R	2.29144	0.0678639	0.0134648	0.00409444	0.00353808	0.00399579	0.0147257	0.0710644	0.0394159	0.0205324	0.0200616	0.00757151	0.00416301	0.0214649	0.0115653	0.633341	0.0143276	0.0119784	0.00616702	0.00424577	0.0264196
157	T	0.729801	0.00520556	0.00494664	0.000185318	0.000619789	0.00554614	0.00235579	0.00122446	0.00993183	0.00157808	0.00346885	0.000669536	0.00182587	0.0017588	0.00363108	0.00262435	0.910198	0.0334909	0.00789934	0.00235199	0.000487321
158	G	3.34526	0.068167	0.0257909	0.0287981	0.00923852	0.00144585	0.205204	0.137662	0.00499287	0.00217946	0.121932	0.205987	0.031444	0.00699002	0.0115663	0.0131789	0.0664774	0.0265518	0.00699717	0.00337897	0.0220169
159	M	2.60047	0.0253223	0.00314586	0.0303117	0.00171992	0.0373442	0.0255391	0.0163801	0.00923212	0.0064906	0.388252	0.335753	0.00521979	0.0193082	0.0373192	0.00972993	0.00596721	0.00066217	0.0253223	0.00800544	0.00897449
160	D	2.58466	0.00708627	0.0176475	0.483047	0.228553	0.0112512	0.0291009	0.00547801	0.0629613	0.00514369	0.00762437	0.00600638	0.00563318	0.00823826	0.0226969	0.00788107	0.0130342	0.0154178	0.0214203	0.0360706	0.00570794
161	P	3.32436	0.0480744	0.023882	0.0100796	0.0211471	0.0160524	0.215211	0.00788707	0.0167699	0.0553257	0.0440578	0.0278596	0.00808162	0.323884	0.0305658	0.0311135	0.0487358	0.0270043	0.0188635	0.0227454	0.00266034
162	R	2.56201	0.00156301	0.0090731	0.00766492	0.0124374	0.0464289	0.0120148	0.0422795	0.080764	0.0101206	0.0317622	0.0130951	0.0439268	0.0419435	0.0100419	0.579788	0.00825631	0.00736665	0.0125549	0.0136043	0.0153136
163	M	2.6986	0.0431406	0.028013	0.00902418	0.0114905	0.00476596	0.0205582	0.00190136	0.0235683	0.0023048	0.00136838	0.162481	0.0120841	0.00554558	0.0116965	0.00366806	0.0128858	0.33168	0.296572	0.0129242	0.00432772
164	C	2.82745	0.00816426	0.140041	0.00356408	0.00487989	0.00430357	0.00168406	0.00503548	0.0420046	0.0161783	0.00754069	0.310828	0.00781462	0.0100609	0.0234149	0.00721024	0.109409	0.0103897	0.266613	0.0027142	0.0181492
165	S	3.1431	0.233899	0.0307607	0.00216162	0.0396601	0.0149405	0.0548339	0.00388915	0.0929305	0.0082309	0.015521	0.00874521	0.0854853	0.0270303	0.0243945	0.00536615	0.302826	0.034048	0.00101186	0.00873072	0.00553446
166	L	2.15279	0.0103947	0.0148244	0.000268821	0.333768	0.000681768	0.00444416	0.00651796	0.0313507	0.011416	0.0779528	0.0158716	0.00155107	0.00204514	0.455131	0.00155145	0.0251207	0.00329848	0.000897662	0.00134249	0.00157125
167	M	2.74689	0.0137756	0.0758358	0.0355562	0.0132638	0.0138579	0.0195008	0.00537324	0.0332258	0.035473	0.111689	0.518599	0.00538548	0.00379142	0.0170661	0.00991491	0.00715894	0.0120267	0.0478357	0.00784943	0.0128207
168	Q	2.96472	0.0230748	0.0464887	0.00451217	0.0115107	0.0231156	0.0283311	0.0329751	0.0432223	0.04145	0.0142007	0.031842	0.0194436	0.0283173	0.506439	0.0255635	0.0719158	0.00817933	0.020541	0.0126761	0.00620233
169	G	3.25121	0.091752	0.0202035	0.0122189	0.0039599	0.0472639	0.364561	0.0103588	0.133763	0.0929098	0.010331	0.0248211	0.0364113	0.00943075	0.0046327	0.0374199	0.0254573	0.0357631	0.00977069	0.0189107	0.0100614
170	S	3.16779	0.0210162	0.00715027	0.0634095	0.00875063	0.00932143	0.0345097	0.0310089	0.00405447	0.0111925	0.0282693	0.0189614	0.00868545	0.0267226	0.0676267	0.023889	0.40448	0.136195	0.0581472	0.0323014	0.00430834
171	T	3.20979	0.00564527	0.111202	0.0115442	0.0137831	0.00973165	0.0108311	0.0474668	0.0330653	0.0101554	0.0174925	0.115038	0.0588313	0.00605636	0.0336072	0.0199899	0.023482	0.387241	0.0581607	0.00740947	0.0192668
172	L	3.02097	0.288527	0.0338591	0.0019075	0.0321728	0.00625281	0.00472683	0.0387015	0.0631064	0.00792168	0.304107	0.00482894	0.023058	0.00835902	0.0462184	0.0247784	0.0767327	0.01843	0.00743353	0.00640404	0.00247369
173	P	2.76064	0.106007	0.00176362	0.0186095	0.000893248	0.00329959	0.0112978	0.00300544	0.0344953	0.0151813	0.0065708	0.00272216	0.0332122	0.256039	0.386003	0.00470427	0.0191549	0.0275046	0.0137637	0.00603645	0.0497356
174	R	2.53326	0.00380976	0.00388388	0.0241873	0.00816296	0.00134353	0.00316899	0.00216891	0.0370018	0.00729607	0.00737348	0.0204759	0.250789	0.0161401	0.0510182	0.472963	0.00711728	0.0344492	0.0133523	0.0133855	0.0219137
175	R	2.52232	0.0114175	0.00998167	0.0168379	0.0373436	0.0177719	0.00691235	0.00748058	0.0098529	0.0167815	0.0207225	0.0383168	0.0287453	0.0148724	0.00774724	0.592555	0.0997256	0.0101592	0.0158619	0.0271814	0.00973298
176	S	2.61047	0.0120415	0.0181726	0.00719628	0.0110531	0.0100301	0.0240069	0.00622764	0.181383	0.00608154	0.00529166	0.0266521	0.016677	0.010427	0.0239933	0.0826149	0.509133	0.011093	0.0221481	0.00753544	0.00824151
177	G	2.50401	0.0086849	0.0481906	0.0168675	0.0444543	0.0041749	0.577772	0.011817	0.1191	0.0115782	0.00743469	0.0140395	0.0119499	0.00548339	0.0230713	0.0324201	0.0222345	0.0176696	0.0072623	0.00959091	0.00620342
178	A	3.08769	0.393177	0.00410765	0.00962277	0.0176831	0.00364558	0.0062993	0.00438709	0.0454	0.037074	0.0363918	0.00795581	0.0853999	0.0471269	0.0295209	0.00999495	0.125953	0.00632549	0.107823	0.011863	0.0102496
179	A	2.63866	0.542635	0.13739	0.00834357	0.012613	0.0207879	0.035058	0.0283744	0.0143143	0.018976	0.00643863	0.0129706	0.00747065	0.0249443	0.0523383	0.00645604	0.0279611	0.00458518	0.0176611	0.0128696	0.00781184
180	G	2.62986	0.0182623	0.0343307	0.0709592	0.0154425	0.025925	0.582047	0.00651284	0.011158	0.0323777	0.0178831	0.0211801	0.0261122	0.0064366	0.0435838	0.0046966	0.00794112	0.016555	0.0184222	0.0143126	0.0258614
181	A	3.15313	0.30765	0.00724292	0.00404801	0.141046	0.00294332	0.0296502	0.0489622	0.00368865	0.0470306	0.0251225	0.00604919	0.0367504	0.00453209	0.216992	0.0278871	0.0327665	0.016949	0.0173009	0.0150547	0.00833394
182	A	2.12934	0.173485	0.00706957	0.00455671	0.00483339	0.00187146	0.0360626	0.0206385	0.00464594	0.00692328	0.0126981	0.0377032	0.607806	0.00383883	0.00612587	0.00494205	0.0355911	0.00412735	0.00304059	0.0221678	0.00187085
183	V	2.59079	0.0478195	0.0595272	0.0113388	0.0258373	0.0147501	0.00392848	0.045751	0.0105686	0.00722951	0.0228632	0.0125664	0.0231437	0.0137226	0.013324	0.0159765	0.0337702	0.0380405	0.586685	0.00807433	0.00508321
184	K	2.72726	0.00196289	0.062053	0.00350994	0.00578499	0.0164473	0.306609	0.0242771	0.0515133	0.379984	0.00924151	0.00750444	0.0125375	0.0161614	0.00318859	0.0209858	0.0251276	0.0142328	0.0118326	0.00383596	0.0232102
185	G	2.86833	0.116013	0.00621265	0.0247071	0.0947748	0.0202976	0.468171	0.0107297	0.006762	0.00977041	0.00248829	0.00649117	0.018592	0.00978055	0.0845993	0.0113512	0.0116697	0.0338984	0.00854557	0.019765	0.0353802
186	V	1.37529	0.00304588	0.00636971	0.000262559	0.00337207	0.0104461	0.00410764	0.0481278	0.00136108	0.00256065	0.00688636	0.0049146	0.00982536	0.00750526	0.801258	0.00141375	0.00463848	0.0379865	0.0386831	0.00682336	0.000411761
