#SITE	WT_AA	SITE_ENTROPY	PI_A	PI_C	PI_D	PI_E	PI_F	PI_G	PI_H	PI_I	PI_K	PI_L	PI_M	PI_N	PI_P	PI_Q	PI_R	PI_S	PI_T	PI_V	PI_W	PI_Y
2	A	1.68227	0.715008	0.00786842	0.00483054	0.0125043	0.00900727	0.00802066	0.00353173	0.00817906	0.00690519	0.00198957	0.0438814	0.00614606	0.00139035	0.00426726	0.0033721	0.00330762	0.0031975	0.136766	0.0121787	0.00764811
3	S	3.16398	0.172378	0.00362472	0.00184213	0.00170647	0.0379286	0.000687464	0.0201909	0.171382	0.00334707	0.0321614	0.00323994	0.184509	0.000304156	0.00632314	0.00293937	0.0821618	0.0138909	0.0119272	0.0872138	0.162242
4	Q	3.49825	0.0402534	0.045631	0.00768363	0.0148612	0.144547	0.000805994	0.014193	0.0562664	0.0178817	0.0370014	0.0333276	0.242493	0.000458202	0.0580378	0.00146393	0.0384755	0.0208779	0.0378188	0.0250338	0.16289
5	G	2.91296	0.0289599	0.0419299	0.009044	0.0075897	0.00383952	0.347298	0.0173474	0.00288484	0.00846254	0.00335531	0.0230744	0.0374277	0.0132525	0.00447187	0.261645	0.0733872	0.0884775	0.00316655	0.0201053	0.00428152
6	T	1.33198	0.00993426	0.010163	0.00713056	0.00665551	0.00621984	0.00454389	0.0201688	0.00463278	0.00781177	0.00287581	0.014841	0.00732954	0.00921025	0.00357085	0.00502305	0.00359753	0.824402	0.00344008	0.0444867	0.00396227
7	K	1.5741	0.00360261	0.00473464	0.0140607	0.00978091	0.0174901	0.00270105	0.00411194	0.0186649	0.778033	0.00250736	0.00793042	0.0444105	0.00105995	0.0274503	0.00351602	0.00348233	0.00423384	0.00790625	0.0107898	0.0335335
8	R	1.8057	0.00429315	0.0262415	0.0077216	0.00785574	0.00697545	0.0158784	0.00650192	0.00395613	0.00438502	0.0046316	0.0250925	0.00605471	0.0121216	0.0880288	0.728675	0.00714479	0.00937804	0.00884736	0.0189457	0.0072711
9	S	3.01547	0.0466726	0.0160439	0.00537413	0.0383794	0.0239079	0.00204237	0.0088358	0.0444792	0.00419555	0.110124	0.0777079	0.0698868	0.00744975	0.0175486	0.0106175	0.445009	0.0348128	0.0107001	0.0127649	0.0134472
10	Y	3.45767	0.0204216	0.0120875	0.126216	0.00722539	0.177317	0.0459899	0.0343823	0.0556289	0.104734	0.0765126	0.0482532	0.00224985	0.0304441	0.00404516	0.00163166	0.00830319	0.0209227	0.0101606	0.00237317	0.211101
11	E	2.94923	0.0397946	0.0400254	0.0481505	0.506402	0.0151376	0.0404725	0.0222132	0.0120076	0.0455572	0.0214275	0.0691511	0.00769556	0.0363303	0.0307764	0.0105218	0.0110328	0.0117323	0.0139214	0.0085921	0.00905769
12	Q	3.71482	0.0281121	0.0348976	0.0174971	0.0116098	0.0193445	0.0623286	0.0779538	0.0432094	0.075321	0.210224	0.0045129	0.017851	0.0210862	0.170988	0.0736291	0.0390226	0.0237941	0.016065	0.0459301	0.00662264
13	M	2.66464	0.0110755	0.0252352	0.0576089	0.00742184	0.00864517	0.00964049	0.00540983	0.0332022	0.0166296	0.018092	0.535817	0.124345	0.00489656	0.00992973	0.0211502	0.00567996	0.0230079	0.0162461	0.056989	0.00897782
14	E	2.80179	0.0133615	0.0972508	0.039731	0.516774	0.00623077	0.00900985	0.0178294	0.00390381	0.0373898	0.0105759	0.0244083	0.0067623	0.0122272	0.00896727	0.0215028	0.0293121	0.0157778	0.0422378	0.0761595	0.0105881
15	T	2.7648	0.00271088	0.00661663	0.00698372	0.0232494	0.245981	0.00391962	0.0510326	0.0414906	0.0112784	0.0758495	0.017458	0.0116131	0.00347631	0.0108248	0.00438287	0.00658431	0.416235	0.0191177	0.0191701	0.0220259
16	D	2.50209	0.0205145	0.0196192	0.610328	0.0480808	0.0270825	0.0113929	0.00832531	0.0224048	0.010583	0.0049447	0.0265486	0.0526808	0.00690655	0.00442289	0.0124782	0.0460019	0.0175952	0.0166802	0.0156755	0.0177345
17	G	2.83513	0.0186119	0.0374801	0.00917159	0.00217648	0.00278989	0.173472	0.00667838	0.144042	0.017315	0.00673632	0.0183446	0.0311725	0.0734916	0.40693	0.0101398	0.00975165	0.00612027	0.0190716	0.00371314	0.00279102
18	E	3.57084	0.0102954	0.0457644	0.224275	0.211028	0.067562	0.0320447	0.0148368	0.0589374	0.0313248	0.0166548	0.00739707	0.0122721	0.0706254	0.0153652	0.000904146	0.0088611	0.0525033	0.0311099	0.032724	0.055514
19	R	2.33132	0.00492125	0.018572	0.00780026	0.0105502	0.248595	0.00457033	0.0177779	0.0133317	0.00703229	0.00339638	0.0113771	0.0112033	0.00870139	0.0167971	0.532988	0.0267736	0.0109159	0.0117281	0.0248261	0.0081428
20	Q	1.92041	0.00354279	0.00547195	0.00618217	0.0150022	0.00651761	0.0118884	0.0173224	0.0329568	0.00834443	0.00395684	0.0177508	0.00908322	0.0209571	0.722559	0.0591325	0.0116207	0.0106593	0.0184169	0.00883045	0.00980441
21	N	3.82119	0.0467289	0.0161864	0.0244376	0.0066609	0.0068784	0.0301222	0.0159484	0.0238785	0.133343	0.0378502	0.0926016	0.215003	0.0321596	0.0219107	0.0344598	0.0631138	0.056424	0.0513518	0.0319113	0.0590305
22	A	3.72829	0.149149	0.00642134	0.0172842	0.0119966	0.00667532	0.013396	0.0953289	0.00743097	0.070008	0.0143219	0.00145512	0.0568962	0.0700438	0.0302465	0.0943321	0.0779341	0.089353	0.141012	0.0104071	0.0363083
23	T	3.26451	0.050823	0.0371605	0.00288218	0.00605258	0.0250016	0.0096054	0.373989	0.00969631	0.038021	0.0744031	0.0339369	0.0321223	0.0111471	0.0323111	0.0819208	0.0137794	0.129103	0.0177398	0.00314221	0.017162
24	E	2.4684	0.0308218	0.00767902	0.0212586	0.157267	0.00125375	0.00104409	0.00547198	0.00208216	0.0333333	0.00323619	0.0202881	0.00282044	0.00244083	0.486261	0.15321	0.00281618	0.00441277	0.0521389	0.00511199	0.00705124
25	I	2.96849	0.0154169	0.00526488	0.00481451	0.00202875	0.0148458	0.0315141	0.0291291	0.293945	0.27225	0.126433	0.0153839	0.0166756	0.00571494	0.10021	0.0242807	0.0178381	0.00764243	0.00319857	0.00620963	0.00720484
26	R	2.26922	0.00259867	0.0158584	0.0216312	0.0111985	0.00618506	0.0101926	0.0106422	0.00291438	0.486792	0.0100279	0.00754632	0.00468071	0.00423658	0.123693	0.257045	0.011062	0.00119681	0.00540704	0.00502065	0.00207064
27	A	2.7507	0.0776588	0.0117861	0.0026612	0.000570434	0.00361336	0.0447085	0.0116434	0.0336668	0.0140058	0.0168892	0.522753	0.0259157	0.09849	0.020942	0.0305974	0.00958935	0.0253934	0.0138689	0.00664554	0.0286006
28	S	2.66994	0.00938453	0.0109174	0.00133741	0.00175459	0.00349923	0.20186	0.00167048	0.00189897	0.00990682	0.00386711	0.00341946	0.255159	0.00360706	0.299305	0.0112294	0.104829	0.0527446	0.00673935	0.00620947	0.0106612
29	V	2.72505	0.387793	0.0204552	0.00794807	0.00341887	0.0148468	0.00914693	0.00300269	0.106795	0.00433179	0.0360567	0.0182423	0.00226663	0.00214239	0.00571328	0.0140069	0.00577803	0.0595583	0.258458	0.00415287	0.0358865
30	G	2.79437	0.148646	0.0110018	0.0183012	0.0915448	0.00665792	0.480228	0.00690939	0.00636391	0.034099	0.0227485	0.0257859	0.0406843	0.00294017	0.00621538	0.0193517	0.019824	0.00204659	0.0171668	0.0306617	0.00882383
31	K	3.43292	0.0210817	0.0299244	0.00498479	0.0130041	0.197609	0.0602668	0.00773253	0.0197474	0.273875	0.0157323	0.0753928	0.0170372	0.00965607	0.0470073	0.0470599	0.067745	0.0131092	0.062133	0.0138308	0.0030713
32	M	2.21994	0.00677478	0.0390266	0.00131076	0.0023798	0.0242798	0.00962528	0.00329035	0.0384299	0.00356599	0.0101906	0.321427	0.00828811	0.00757122	0.00547724	0.00122757	0.474873	0.0150609	0.00246211	0.0222859	0.00245278
33	I	2.51715	0.509101	0.0416049	0.00827163	0.00172682	0.00167119	0.00805655	0.00101537	0.119479	0.0167774	0.0589909	0.00242773	0.0671422	0.000555628	0.0072701	0.00293253	0.00652774	0.0912849	0.0536185	0.00109397	0.000451576
34	D	3.16215	0.11067	0.00899842	0.0803873	0.014886	0.00261517	0.11369	0.00142651	0.0273748	0.00642275	0.0931124	0.349246	0.0349987	0.00153934	0.0387277	0.00431728	0.0404363	0.00406525	0.00645454	0.0052195	0.0554125
35	G	2.19199	0.018198	0.0139884	0.00925957	0.00413858	0.00899696	0.139677	0.0521801	0.00693838	0.00288061	0.0144926	0.00548022	0.00392742	0.00932915	0.00392336	0.0266176	0.625106	0.0107034	0.0240291	0.00941117	0.0107228
36	I	0.992874	0.00601579	0.00278047	0.000467733	0.000978606	0.000766948	0.00240786	0.0027192	0.0416015	0.000394562	0.00427182	0.859781	0.00275154	0.00156461	0.00249387	0.0222353	0.00285746	0.000316404	0.0393815	0.00563737	0.000576464
37	G	2.06287	0.0067795	0.0114822	0.00569468	0.594934	0.000896782	0.0482018	0.00506725	0.00204848	0.0002707	0.00113482	0.17	0.00425165	0.00185673	0.00169973	0.00888144	0.0759123	0.0432391	0.0126051	0.00421831	0.000825548
38	R	3.00596	0.0104705	0.010221	0.0408027	0.0070277	0.0306516	0.198265	0.00436798	0.0343924	0.0160201	0.348093	0.0282684	0.00235791	0.0109462	0.0234851	0.1611	0.0332681	0.00190337	0.0044245	0.0300232	0.00391058
39	F	3.51692	0.0598964	0.0383269	0.0233001	0.00740429	0.324012	0.0174059	0.0166394	0.0137883	0.0186478	0.0472083	0.106785	0.0570246	0.0291119	0.00556971	0.0387458	0.00790052	0.0935329	0.0254416	0.0502288	0.0190295
40	Y	2.55737	0.0225667	0.011582	0.421079	0.0145449	0.0284105	0.0120809	0.0376514	0.00902272	0.00548327	0.00339127	0.00592425	0.00385639	0.00381781	0.032238	0.00707507	0.0177344	0.0172014	0.0155285	0.0116871	0.319125
41	I	3.07129	0.0704193	0.10176	0.0103892	0.0198488	0.0074597	0.0708108	0.00305811	0.0525347	0.00328636	0.079861	0.0075896	0.418358	0.00364834	0.0296227	0.005372	0.0120521	0.048401	0.0295894	0.00593506	0.0200031
42	Q	3.18934	0.0251839	0.0934786	0.00993965	0.0233872	0.0151126	0.0193878	0.0608243	0.0219128	0.025599	0.0200881	0.00900047	0.0280807	0.0789143	0.43246	0.033778	0.0113037	0.017605	0.0506596	0.0122283	0.0110555
43	M	3.1786	0.0667524	0.0469404	0.00907956	0.0104013	0.0253298	0.0162365	0.0226925	0.0389556	0.0355188	0.0150079	0.407628	0.150866	0.00335424	0.019964	0.0105747	0.0355155	0.0296953	0.0299945	0.0162869	0.00920657
44	C	2.99352	0.023485	0.0799997	0.00244217	0.0113167	0.013896	0.0153365	0.00156534	0.00263274	0.0636741	0.15692	0.0187758	0.166254	0.00129584	0.00406016	0.35081	0.00963503	0.00697072	0.0120661	0.0438725	0.0149923
45	T	2.85804	0.0586742	0.346212	0.00566758	0.00719406	0.0173973	0.0232685	0.00487846	0.0107574	0.00492013	0.0100947	0.00840234	0.00448651	0.241	0.00237129	0.0688615	0.0163411	0.137264	0.0255489	0.00381693	0.00284332
46	E	3.47938	0.00462788	0.00385371	0.0363658	0.221278	0.00400894	0.0260252	0.00291796	0.045585	0.00841255	0.0116934	0.0574674	0.137502	0.121544	0.0461582	0.0109057	0.0112212	0.140864	0.0731004	0.0266908	0.00977954
47	L	2.68135	0.00983105	0.022629	0.00631285	0.00396726	0.0035167	0.0131995	0.00174983	0.01309	0.036489	0.137714	0.179007	0.0130079	0.0259668	0.018347	0.0134817	0.00470704	0.0348545	0.00265313	0.00528904	0.454187
48	K	3.52171	0.0219484	0.110392	0.111266	0.0109339	0.00818826	0.0100694	0.158419	0.00709198	0.206362	0.0349972	0.021172	0.134824	0.012836	0.0175246	0.0233851	0.01169	0.0286593	0.0472966	0.0166142	0.00633193
49	L	1.324	0.00319857	0.00606065	0.000854587	0.00211837	0.0026962	0.00380233	0.00235554	0.0173314	0.00436341	0.0556004	0.0167157	0.00771708	0.00821256	0.00294288	0.00132584	0.00488956	0.00458524	0.033694	0.00811163	0.813423
50	S	3.5712	0.0485201	0.0125732	0.036639	0.166221	0.0039779	0.255517	0.0467467	0.0154093	0.0778964	0.0321845	0.0209562	0.044595	0.0621399	0.00455502	0.0193869	0.0763925	0.0427154	0.0126219	0.00169511	0.0192569
51	D	2.93471	0.0725188	0.00535893	0.0780901	0.0144791	0.0170406	0.0366424	0.0112423	0.0130442	0.00283107	0.0206033	0.00575353	0.297744	0.0340483	0.00074104	0.0101495	0.0291029	0.318731	0.0219586	0.00448341	0.00543637
52	Y	1.31493	0.0335617	0.00104247	0.0129819	0.00336801	0.0207976	0.0037081	0.00393115	0.00431097	0.00183607	0.00139107	0.0153798	0.00576862	0.000422082	0.00397923	0.00177544	0.0260923	0.817454	0.00504173	0.00212181	0.0350358
53	E	3.09288	0.020564	0.0283715	0.244053	0.319676	0.0653469	0.00405542	0.110465	0.013732	0.00904392	0.0155729	0.0317574	0.00376258	0.00179131	0.0158131	0.028471	0.0160995	0.0389002	0.014135	0.015106	0.00328376
54	G	3.42248	0.160736	0.00710585	0.0039022	0.0715456	0.0113832	0.259166	0.005022	0.0391172	0.00392683	0.0109447	0.0909658	0.0194471	0.0358478	0.0279197	0.0142112	0.0323647	0.13036	0.00384692	0.0232897	0.0488969
55	R	3.40551	0.0151178	0.257753	0.0252593	0.02946	0.0019171	0.00890446	0.0359005	0.00907537	0.172286	0.0182126	0.03207	0.0254395	0.0130159	0.0514161	0.168474	0.0644005	0.0149595	0.0404971	0.00771791	0.00812446
56	L	2.95775	0.0228497	0.00801385	0.00419222	0.00225525	0.0306082	0.093655	0.36765	0.039227	0.0045334	0.0819954	0.00951261	0.0231232	0.006474	0.0148616	0.00170263	0.00890652	0.0547911	0.211903	0.00528996	0.00845582
57	I	3.00566	0.0274637	0.00708857	0.0075979	0.00116027	0.00300699	0.0402716	0.00331284	0.197701	0.00768041	0.124681	0.00970588	0.00309977	0.0121527	0.332777	0.062453	0.0162641	0.0129336	0.10422	0.00369071	0.0227386
58	Q	2.97304	0.0589959	0.00972247	0.00219098	0.197738	0.00557211	0.0199216	0.0106307	0.0062629	0.00397842	0.0481899	0.00319638	0.182495	0.0243292	0.330586	0.027589	0.0350454	0.0125676	0.0100499	0.006375	0.00456316
59	N	2.89016	0.0382914	0.00386614	0.171871	0.0285558	0.0309953	0.0133343	0.00555534	0.0142251	0.0326625	0.0129467	0.0254935	0.468537	0.0293039	0.00184462	0.0234889	0.00945051	0.0164736	0.0325126	0.0281786	0.0124125
60	S	2.97387	0.0524544	0.00995344	0.0215615	0.0151036	0.00362322	0.0981503	0.00718565	0.0148153	0.00530924	0.0223103	0.0067657	0.32808	0.0160519	0.0290342	0.00818478	0.275537	0.05932	0.00976071	0.0089367	0.00786095
61	L	3.45129	0.0232458	0.00534947	0.00249067	0.0380991	0.0158045	0.00813572	0.036622	0.202256	0.00344919	0.129633	0.00231524	0.137831	0.00345121	0.0354572	0.0228387	0.028776	0.163245	0.0696224	0.00597628	0.0654034
62	T	3.23128	0.00355203	0.0598395	0.00538121	0.00584027	0.0169877	0.0229567	0.0105504	0.0151413	0.00257414	0.0412049	0.00410867	0.162741	0.00579914	0.0114525	0.0124777	0.259283	0.141443	0.0696889	0.00733722	0.141641
63	I	3.28368	0.0216235	0.165958	0.0245344	0.00313258	0.0264248	0.00725735	0.0146447	0.295157	0.0116655	0.0582155	0.187654	0.0213551	0.0226229	0.011917	0.0154932	0.0247832	0.0355488	0.0139969	0.0285505	0.0094648
64	E	3.36191	0.0185402	0.00567565	0.0431502	0.363356	0.0158861	0.0189194	0.0457693	0.0128512	0.00778132	0.0180176	0.0217529	0.0146344	0.0254264	0.0151036	0.0655123	0.0355315	0.059642	0.0231605	0.0469622	0.142328
65	R	3.27421	0.00938877	0.0344607	0.0398404	0.0100582	0.00544468	0.0251207	0.0122457	0.0158475	0.150924	0.0706721	0.00742169	0.114509	0.0234191	0.0102542	0.351361	0.0116167	0.0321909	0.0155421	0.037208	0.0224744
66	M	3.17243	0.00913321	0.211749	0.0120392	0.0122733	0.196795	0.007137	0.00408435	0.0955343	0.0341491	0.0184644	0.236383	0.0144365	0.00306496	0.0638382	0.00774565	0.00972338	0.0203939	0.00698772	0.0295546	0.00651297
67	V	3.64876	0.01875	0.0288617	0.0209865	0.0193388	0.0481533	0.0439342	0.0331824	0.0698405	0.0178059	0.0357488	0.207638	0.0201661	0.00760602	0.0241869	0.049514	0.0321897	0.0108578	0.239125	0.0412276	0.0308867
68	L	2.5134	0.00644499	0.0511753	0.00124641	0.0243255	0.0258189	0.0266533	0.554406	0.00861886	0.0221142	0.139112	0.00199708	0.0349295	0.00730079	0.0199769	0.00514392	0.0415293	0.0126881	0.00405673	0.0102767	0.00218601
69	S	2.94303	0.150753	0.101723	0.00906454	0.00354828	0.0164718	0.0678787	0.0277203	0.00246846	0.00491467	0.028399	0.00676855	0.048977	0.0256311	0.00915649	0.00697147	0.423834	0.00570282	0.00534468	0.0366517	0.0180219
70	A	3.32791	0.333098	0.0347244	0.0212094	0.032091	0.00989607	0.029631	0.0152625	0.00786457	0.0417388	0.0176271	0.00751363	0.0941416	0.00770977	0.0478333	0.0101865	0.134038	0.113089	0.0274065	0.00594205	0.00899697
71	F	3.37678	0.0615901	0.0144062	0.0185288	0.00213816	0.240958	0.0135605	0.0413045	0.00822466	0.0288121	0.0584706	0.0048201	0.021633	0.0511568	0.00852916	0.0285399	0.0279588	0.0935618	0.0131543	0.0116248	0.251028
72	D	2.80823	0.0342525	0.0133934	0.516366	0.0640884	0.00651472	0.0453702	0.00689154	0.00878342	0.0110356	0.0895711	0.0254682	0.0300339	0.00415839	0.0216406	0.0167704	0.0217309	0.0594463	0.00551187	0.00828555	0.0106874
73	E	3.27189	0.0264269	0.00210868	0.102479	0.0652723	0.0541116	0.00849329	0.0710316	0.102238	0.358192	0.0213342	0.00685293	0.00880182	0.0086989	0.0317669	0.0402424	0.016418	0.0232756	0.0492711	0.00237173	0.000612643
74	R	3.16859	0.0583793	0.0144575	0.0107569	0.0314794	0.00434398	0.0498785	0.0425973	0.0115783	0.166311	0.0179319	0.0190631	0.00555451	0.00799783	0.00897299	0.313482	0.179708	0.0342323	0.00213366	0.00888305	0.0122584
75	R	2.78174	0.00711901	0.00923204	0.0103697	0.0122176	0.054159	0.0191487	0.0244012	0.0181887	0.0384082	0.0203968	0.0454616	0.0157996	0.0159506	0.0334246	0.554295	0.0143746	0.0395923	0.0192078	0.0393718	0.00888163
76	N	2.15936	0.00498792	0.0127133	0.00351558	0.015839	0.00122431	0.00842687	0.00309335	0.0205396	0.0228141	0.0069791	0.0332771	0.0454332	0.0185948	0.65562	0.00740929	0.025305	0.0128568	0.00921269	0.0902159	0.00194187
77	K	3.11414	0.267887	0.0116953	0.00251152	0.00410326	0.0145208	0.106089	0.00291835	0.021885	0.0333105	0.0546826	0.00207741	0.00811704	0.00150596	0.119494	0.0946532	0.217103	0.00943655	0.0096632	0.0128277	0.00551776
78	Y	3.15473	0.00739749	0.0375533	0.0134463	0.023413	0.0281344	0.0888525	0.025158	0.175545	0.0314868	0.00492097	0.034096	0.0098357	0.00521003	0.00581317	0.0332794	0.0163213	0.012108	0.0108911	0.0573212	0.379216
79	L	2.48808	0.0018545	0.048251	0.0175472	0.00940839	0.00783872	0.00327529	0.0050801	0.294043	0.00383322	0.450257	0.0248927	0.0090049	0.010432	0.0202078	0.0203249	0.0383676	0.00700169	0.0041964	0.0167347	0.00744938
80	E	3.67473	0.0186871	0.0451651	0.0604432	0.289965	0.0281595	0.0242203	0.0258751	0.0470893	0.0332565	0.0429422	0.00791343	0.0687955	0.0031547	0.016507	0.0126843	0.0495889	0.104707	0.0593522	0.0415901	0.0199029
81	E	3.5093	0.0260713	0.0360585	0.0770595	0.329369	0.00711062	0.082229	0.0243571	0.0830772	0.0524922	0.0251242	0.01657	0.0514696	0.00258795	0.00770791	0.0236102	0.0629861	0.0369619	0.0319912	0.00660302	0.016563
82	H	3.26282	0.00923166	0.034953	0.00215873	0.00239555	0.155101	0.00773117	0.0883472	0.00967718	0.0312854	0.0232808	0.00689704	0.0428449	0.000680029	0.265066	0.0291546	0.0264643	0.0272762	0.0163349	0.201142	0.019979
83	P	3.73634	0.0405468	0.0543547	0.016679	0.0597693	0.0116634	0.0684906	0.0143693	0.0634557	0.0163847	0.0199817	0.012949	0.00965155	0.190141	0.186934	0.0317013	0.0321882	0.0437939	0.0742279	0.0033563	0.0493608
84	S	3.20416	0.180685	0.099232	0.0032824	0.0259564	0.00089877	0.0353552	0.000274239	0.165031	0.00219489	0.0561132	0.00133695	0.247363	0.0335912	0.0110896	0.00408394	0.0560832	0.054593	0.012203	0.00715781	0.00347606
85	A	3.8257	0.146599	0.167901	0.00517288	0.0653573	0.000576738	0.026674	0.0461749	0.0860227	0.0274689	0.0700378	0.00317964	0.0530792	0.0345277	0.0691368	0.0302647	0.0331054	0.0470302	0.0532455	0.0280514	0.00639406
86	G	3.10481	0.0603921	0.00189835	0.00276197	0.016542	0.00711127	0.124978	0.258715	0.0117508	0.00310431	0.247913	0.000750872	0.0566137	0.00994449	0.00279632	0.0458256	0.0915454	0.0201418	0.0223642	0.0102275	0.00462256
87	K	2.32427	0.00940382	0.00758352	0.00399711	0.0385792	0.00265562	0.00909609	0.0209142	0.0113925	0.632986	0.00881395	0.0405681	0.00939201	0.0429191	0.00976986	0.0783366	0.0118903	0.0144903	0.014308	0.00988463	0.0230191
88	D	1.6293	0.000980423	0.699203	0.0623728	0.00241273	9.92458e-05	0.00433508	0.00212488	0.00245951	0.00100465	0.00163894	0.000789818	0.0981679	0.039822	0.000588845	0.00105219	0.074648	0.00240623	0.00492269	0.000828465	0.000141988
89	P	3.56374	0.216831	0.127035	0.00544688	0.00389846	0.0669651	0.0212776	0.026553	0.00678075	0.0284649	0.0588411	0.0393328	0.0157081	0.147394	0.0058214	0.00815124	0.0676431	0.00627376	0.0192423	0.0997831	0.0285566
90	K	3.79782	0.0394076	0.0203936	0.00926707	0.00853878	0.0109399	0.0669497	0.0405717	0.041174	0.137159	0.0419246	0.0246587	0.125808	0.00279475	0.0597371	0.0391171	0.0797705	0.14916	0.0824557	0.00445702	0.0157154
91	K	2.36588	0.00419666	0.00322554	0.00628031	0.0328951	0.00966721	0.00901592	0.00273732	0.0351309	0.587943	0.00839972	0.0565537	0.037033	0.00530375	0.0266328	0.130828	0.0147893	0.00848288	0.00947938	0.00629988	0.00510559
92	T	2.85934	0.0798718	0.00462006	0.00655339	0.0055592	0.00552429	0.260135	0.00763327	0.0112625	0.0163611	0.018707	0.00775492	0.084041	0.00461237	0.0368042	0.0315448	0.0177263	0.36902	0.0108403	0.0150813	0.00634658
93	G	2.72591	0.0120812	0.00505302	0.00406051	0.0228806	0.00605237	0.346315	0.00409818	0.0059716	0.00501173	0.024713	0.0420087	0.0204253	0.00848721	0.0317467	0.0159739	0.294659	0.0033224	0.00254606	0.137334	0.00725965
94	G	3.08338	0.0103778	0.0721893	0.0153512	0.0466518	0.0100992	0.323119	0.0218041	0.164974	0.203183	0.00690703	0.0130893	0.00928915	0.0100828	0.00913832	0.0120988	0.0123655	0.00696473	0.0136944	0.0218173	0.0168038
95	P	2.26205	0.589285	0.00124145	0.00810784	0.0040879	0.00521655	0.00135879	0.0626283	0.0176878	0.0130913	0.0065598	0.0138543	0.0094345	0.142148	0.0489535	0.0229548	0.00195594	0.00299405	0.00365987	0.0416598	0.00312037
96	I	3.42498	0.0069137	0.00865503	0.019315	0.00333454	0.0163349	0.00539499	0.040462	0.288414	0.0162732	0.0546322	0.031223	0.051395	0.0117271	0.00672411	0.0109587	0.0724806	0.0612323	0.173456	0.0401149	0.0809587
97	Y	3.29045	0.0172005	0.0168727	0.0418957	0.0062913	0.0375048	0.0320255	0.00535498	0.0283377	0.0106484	0.045099	0.022328	0.00589154	0.0225413	0.0517998	0.244806	0.0204279	0.00538121	0.0499541	0.0315187	0.304121
98	K	3.30157	0.132495	0.00626537	0.000420829	0.0102217	0.00411234	0.034354	0.0120927	0.0228031	0.14043	0.0149896	0.0126356	0.200916	0.0345872	0.0561398	0.219952	0.00287299	0.0511995	0.0341383	0.00702031	0.0023532
99	R	3.63117	0.0523422	0.00905585	0.0400821	0.0484338	0.00691503	0.0416382	0.0885449	0.0123564	0.0121263	0.118382	0.0342094	0.0257022	0.00877955	0.00359531	0.258702	0.0223651	0.0101701	0.0592146	0.0858365	0.0615483
100	V	3.84743	0.0201378	0.00664643	0.00515433	0.0455464	0.0703906	0.0720187	0.0583511	0.0295929	0.0244302	0.0889045	0.0030666	0.00358167	0.0708501	0.141638	0.0251154	0.0628351	0.0385319	0.100573	0.0126791	0.119956
101	D	3.2329	0.0349591	0.0380553	0.315199	0.0876326	0.0121152	0.0206348	0.00479998	0.023713	0.00966991	0.0205322	0.00784692	0.221147	0.0296265	0.0689485	0.00756904	0.014576	0.0524791	0.017583	0.00489023	0.00802231
102	R	3.86871	0.0289114	0.086725	0.0127104	0.0110746	0.0584139	0.0431077	0.0211248	0.0175709	0.0784963	0.136634	0.0666205	0.0222694	0.0134688	0.0151753	0.161605	0.0636781	0.0368222	0.0117127	0.023781	0.0900974
103	K	3.79025	0.107893	0.00317235	0.0213524	0.0609727	0.00592575	0.0835838	0.0554314	0.10955	0.169514	0.0191656	0.0136906	0.00670743	0.0139258	0.0351131	0.0741329	0.0365303	0.0796465	0.0732175	0.0234904	0.00698331
104	W	2.59152	0.008718	0.021281	0.00614789	0.00623798	0.411368	0.00845831	0.00743014	0.197812	0.00122223	0.028434	0.00927987	0.005665	0.00443688	0.0121974	0.0058485	0.00817482	0.00345344	0.0270835	0.208199	0.0185523
105	M	3.58168	0.0400665	0.0243355	0.0434552	0.0170589	0.190617	0.00482818	0.107688	0.0175121	0.00517243	0.0402736	0.14396	0.0180933	0.00547653	0.0152769	0.00473621	0.0273864	0.143805	0.0501116	0.00547514	0.0946719
106	R	3.21041	0.044698	0.0407263	0.0156685	0.0114525	0.0170129	0.0459093	0.0744947	0.00858164	0.075722	0.0107614	0.0157103	0.0311256	0.00816943	0.00801099	0.395532	0.0144962	0.00829822	0.0152695	0.0291228	0.129237
107	E	2.13588	0.00475785	0.0664673	0.0434658	0.152574	0.00830451	0.00466289	0.612267	0.00342143	0.0259875	0.00114476	0.00635926	0.0141308	0.00286299	0.00557508	0.00139007	0.0081363	0.00872631	0.00726565	0.0114927	0.0110074
108	L	3.46621	0.0394331	0.00477985	0.0132701	0.0118109	0.00907181	0.0486809	0.0928109	0.0260042	0.0324184	0.248839	0.0201923	0.0100294	0.0813139	0.0173768	0.0187048	0.0230624	0.130564	0.160721	0.00631138	0.00460505
109	V	3.00528	0.0416791	0.361148	0.00529512	0.00362223	0.0164009	0.00876721	0.0201982	0.0486736	0.202992	0.0416117	0.0101258	0.0113114	0.0325916	0.0138489	0.0276244	0.00759856	0.00349027	0.132879	0.00203319	0.00810896
110	L	2.83752	0.00491552	0.00809812	0.00406247	0.00806552	0.0246393	0.0109257	0.0168687	0.261504	0.0796041	0.370462	0.00670143	0.010944	0.0176514	0.0157384	0.00630986	0.00905308	0.00940019	0.0466886	0.0846363	0.00373041
111	Y	3.37025	0.0466454	0.0223196	0.00680928	0.0038132	0.012919	0.00445491	0.115763	0.0421551	0.00498562	0.0217212	0.196521	0.00387966	0.00063062	0.0847081	0.0658504	0.196718	0.0325603	0.00757667	0.00248498	0.127484
112	D	3.52219	0.00657181	0.136209	0.271305	0.0501773	0.0217918	0.0160531	0.138852	0.0175931	0.0354753	0.0280975	0.0368507	0.0793178	0.0272656	0.0178346	0.0333171	0.0037833	0.0406267	0.00394997	0.0124292	0.0224998
113	K	3.0171	0.00503289	0.0194795	0.00646657	0.0124382	0.00355122	0.00925475	0.08152	0.00759488	0.422989	0.0163272	0.058392	0.0186641	0.00738255	0.0767443	0.0199502	0.141062	0.0442829	0.0230372	0.0113017	0.0145287
114	E	2.43908	0.0116026	0.00229582	0.026909	0.0805861	0.179489	0.00301385	0.0241722	0.0112432	0.0776715	0.00642347	0.00681277	0.515751	0.00631866	0.00258053	0.0073147	0.00753784	0.00420914	0.00178855	0.00217656	0.0221026
115	E	3.41336	0.0252989	0.0368592	0.172188	0.271822	0.00487838	0.0366472	0.0256699	0.00815464	0.0792145	0.0132422	0.049701	0.00831897	0.00102305	0.113013	0.0443554	0.0617745	0.0108801	0.0223434	0.0117289	0.00288665
116	I	3.13252	0.00860832	0.0124164	0.0178195	0.00510871	0.0186415	0.0780918	0.00838646	0.365289	0.0335744	0.0215881	0.00374657	0.0329411	0.0314512	0.0312085	0.0109607	0.00140597	0.0308182	0.193611	0.078824	0.0155087
117	R	3.33232	0.0137502	0.0324335	0.0010651	0.015297	0.00543512	0.034853	0.0963809	0.0761394	0.00600711	0.0980111	0.28978	0.00102858	0.00447399	0.019962	0.0662224	0.0102915	0.0584093	0.148437	0.0131329	0.00888975
118	R	3.01311	0.0246468	0.0220178	0.00784798	0.0260812	0.0208038	0.0126953	0.0186571	0.0369556	0.00971861	0.333852	0.00847782	0.00323035	0.0144921	0.0234482	0.284592	0.0108176	0.0315263	0.0883599	0.00973764	0.0120418
119	I	3.1184	0.011082	0.0135441	0.0863124	0.0481708	0.0156766	0.0739184	0.0193841	0.446075	0.0201867	0.0223667	0.0333889	0.0376595	0.0108641	0.0163505	0.010371	0.00770967	0.0127107	0.0776147	0.0221934	0.0144215
120	W	3.1513	0.0465123	0.0241845	0.0157636	0.0140626	0.0895091	0.0593147	0.0732683	0.0140346	0.0273572	0.0425321	0.0788561	0.0245972	0.0179891	0.0064433	0.0054454	0.0228023	0.00345683	0.00274556	0.42068	0.0104448
121	R	3.5525	0.019405	0.0610085	0.00800278	0.00311372	0.0165061	0.00744162	0.039859	0.0770873	0.0109373	0.141314	0.0267215	0.0169247	0.0156498	0.00985872	0.255818	0.0500489	0.122405	0.0409801	0.0182703	0.0586479
122	Q	3.32867	0.00836278	0.0616137	0.000665129	0.00946248	0.000651985	0.00550216	0.0846079	0.00195027	0.0355931	0.249962	0.00202225	0.118975	0.00128519	0.101257	0.0529328	0.0253833	0.0264211	0.165794	0.0250055	0.0225512
123	A	3.44262	0.238866	0.182355	0.00361305	0.00773529	0.0255529	0.0741255	0.00656183	0.0366901	0.00795124	0.0189738	0.00871445	0.0507819	0.0192337	0.033326	0.0734967	0.0516701	0.128932	0.0243442	0.00370558	0.00337055
124	N	3.53393	0.0270643	0.0634908	0.00319518	0.0491488	0.0554072	0.0319304	0.0191096	0.0552815	0.00986642	0.0388114	0.0394616	0.336099	0.00550412	0.0443365	0.0184709	0.0874638	0.00591732	0.0230803	0.0555833	0.0307771
125	N	3.59101	0.0501013	0.0187537	0.0169587	0.0253894	0.048443	0.0394329	0.0554768	0.0132588	0.0221087	0.0129664	0.0446991	0.0756625	0.0535343	0.242736	0.00574314	0.197185	0.0449202	0.013825	0.0126046	0.00620034
126	G	2.61883	0.0580643	0.0251812	0.00653094	0.000457776	0.00251542	0.0960541	0.00621143	0.00469533	0.00643262	0.526708	0.0506748	0.0048892	0.00604247	0.0672652	0.00684135	0.0233493	0.0678235	0.0163421	0.0231275	0.000793255
127	D	3.62581	0.169734	0.00320303	0.0531022	0.0248664	0.000441713	0.0206028	0.0169179	0.00312016	0.150928	0.0811204	0.0202074	0.0569411	0.00871198	0.0369835	0.0154886	0.0785459	0.0438232	0.138869	0.00196118	0.0744325
128	D	3.87125	0.0455897	0.0390944	0.191334	0.0148599	0.0258359	0.0220481	0.0273249	0.0483124	0.0247396	0.0247516	0.0489956	0.0168757	0.100823	0.0291472	0.0844433	0.0818393	0.0980839	0.0626003	0.00309219	0.0102097
129	A	3.77613	0.139845	0.0261256	0.00446355	0.0206182	0.0255762	0.0715034	0.0152716	0.0848826	0.0146955	0.0980153	0.0726797	0.008386	0.0141037	0.0221881	0.141072	0.0643304	0.118697	0.0360756	0.00824501	0.0132256
130	T	3.32797	0.059443	0.0738715	0.00504389	0.00460724	0.0240053	0.013863	0.00678243	0.00455532	0.257815	0.043839	0.00331265	0.0209032	0.106062	0.0486615	0.0209278	0.0489409	0.221657	0.0189155	0.00492254	0.0118702
131	A	3.00209	0.068578	0.0280779	0.0161585	0.0750401	0.000359407	0.00149163	0.0453658	0.00126711	0.000381472	0.00445663	0.0110012	0.14925	0.00906342	0.244062	0.00347745	0.280993	0.0154743	0.0090092	0.0248217	0.0116713
132	G	2.17981	0.0123959	0.0493987	0.0166397	0.00425366	0.00322585	0.173787	0.0546049	0.0285785	0.0064166	0.00614455	0.00369411	0.00443087	0.00537047	0.0054852	0.00184919	0.592801	0.00827713	0.0112427	0.00907496	0.00232852
133	L	2.31833	0.0046596	0.00422598	0.559609	0.0478174	0.00880985	0.0110197	0.00200869	0.0340783	0.00397422	0.17254	0.0756402	0.00256237	0.00463239	0.00571657	0.0105933	0.0163094	0.014896	0.00467091	0.0118038	0.0044317
134	T	2.95961	0.0900978	0.0554961	0.0169931	0.0296444	0.003334	0.0271469	0.0109566	0.00846273	0.00531883	0.0169744	0.0214117	0.0068213	0.00724581	0.0192117	0.00289009	0.237364	0.367106	0.0567042	0.0103021	0.00651846
135	H	2.09828	0.00392597	0.00339772	0.0056142	0.00383392	0.0173741	0.0136765	0.187049	0.0250567	0.0124165	0.0109116	0.609355	0.00319395	0.00384854	0.0480679	0.0149525	0.0122024	0.0111958	0.00173466	0.0104934	0.00169951
136	M	3.15283	0.0172777	0.132588	0.0112372	0.00855933	0.0530141	0.00170901	0.0133872	0.235782	0.0033993	0.0371159	0.166568	0.0186345	0.00218636	0.0362972	0.0183632	0.00961401	0.0143713	0.214059	0.00283512	0.00300232
137	M	3.16399	0.0138981	0.0227356	0.00349465	0.0279517	0.0244603	0.0105224	0.0920019	0.129628	0.0331971	0.0870673	0.392329	0.0116837	0.0262716	0.0413019	0.0160848	0.00794478	0.00436306	0.00762199	0.00871694	0.0387262
138	I	2.78133	0.113263	0.00566958	0.00582012	0.00977294	0.00838982	0.00315663	0.0119577	0.458399	0.0162869	0.0379659	0.0652731	0.0112167	0.0143615	0.0114396	0.0120673	0.0100116	0.00385684	0.0351464	0.155317	0.0106287
139	W	2.67769	0.0060216	0.0119992	0.00341155	0.0036338	0.498223	0.0164663	0.0315876	0.0296523	0.0422729	0.00434879	0.073145	0.00504687	0.0291564	0.00661102	0.00538527	0.00435863	0.00916044	0.00766767	0.145562	0.0662893
140	H	2.98113	0.0129547	0.026476	0.0184364	0.403426	0.00822738	0.0375974	0.167834	0.0251064	0.00879294	0.00853711	0.0100142	0.00574075	0.00462069	0.0514366	0.00405803	0.00415902	0.115908	0.0549877	0.0215355	0.0101508
141	S	3.38054	0.032714	0.0136885	0.00715184	0.0223469	0.0334991	0.0567436	0.01173	0.0560326	0.0287673	0.00259773	0.019162	0.043966	0.0534238	0.00390158	0.0223048	0.322787	0.0318468	0.185574	0.0118545	0.0399079
142	N	3.15413	0.0130216	0.0260886	0.0181944	0.00593879	0.249992	0.0805771	0.0665545	0.00469033	0.0146118	0.0179464	0.0373946	0.305022	0.00522521	0.0193788	0.011895	0.0782012	0.0075588	0.00968541	0.0136363	0.0143879
143	L	2.6726	0.0392028	0.450016	0.00352196	0.00251761	0.0086554	0.00973797	0.0507923	0.012068	0.02346	0.214592	0.0708385	0.00612475	0.0055377	0.00333995	0.00517349	0.00285553	0.0125826	0.0602867	0.00798131	0.0107165
144	N	3.32678	0.0495362	0.0564905	0.00562281	0.0148158	0.010448	0.204256	0.00716313	0.0209696	0.0375897	0.00437631	0.055344	0.266578	0.0184661	0.0490984	0.00250273	0.0183574	0.0133337	0.138911	0.0112992	0.0148424
145	D	2.94212	0.0266718	0.024145	0.494029	0.0320652	0.0395019	0.040559	0.0691343	0.0728298	0.00620884	0.0142535	0.0222331	0.0133129	0.0180278	0.00794877	0.00924803	0.0666411	0.00739222	0.00665874	0.0180046	0.0111342
146	T	0.730817	0.000835939	0.00669936	0.00104829	9.64439e-05	0.000802201	0.00230154	0.000435025	0.00241448	0.00277789	0.00120521	0.000252629	0.908201	0.00187693	0.00377552	0.00054219	0.0138429	0.025996	0.0204763	0.00258619	0.00383333
147	T	2.96427	0.00719316	0.033581	0.0342437	0.0168341	0.0120368	0.0143619	0.0329684	0.02854	0.0156966	0.0363946	0.0177066	0.0237367	0.00498481	0.119841	0.00521365	0.0475708	0.484447	0.0208106	0.0112962	0.0325426
148	Y	2.78296	0.0140326	0.0164266	0.015106	0.00702506	0.0129919	0.0247036	0.017736	0.0619744	0.0246334	0.0169666	0.0257776	0.0163218	0.00736279	0.0061313	0.0107206	0.0480015	0.0119079	0.116339	0.0227645	0.523076
149	Q	2.49437	0.0269135	0.0122209	0.0132314	0.0314098	0.0112201	0.0130736	0.0133607	0.0331934	0.0151635	0.0163086	0.00972224	0.00919799	0.00564888	0.616526	0.0422242	0.0328474	0.0237022	0.0508303	0.0157065	0.00749824
150	R	2.79125	0.00438999	0.0275016	0.0504684	0.0227432	0.0109304	0.0100605	0.00512715	0.0162412	0.0230081	0.00715767	0.0342567	0.0191918	0.110343	0.0174175	0.51981	0.0517798	0.0106344	0.00994452	0.0402145	0.00877883
151	T	2.90405	0.0349742	0.00486239	0.0104224	0.0148911	0.0107291	0.046629	0.0495711	0.0130086	0.0563349	0.120234	0.0179297	0.00552727	0.0134719	0.0234848	0.00176288	0.0152357	0.481662	0.0507802	0.0166113	0.0118767
152	R	2.35572	0.0261691	0.00392237	0.00595482	0.0207657	0.00287246	0.0018134	0.00590152	0.00396142	0.0251652	0.00699451	0.0134534	0.0059647	0.00158356	0.174439	0.55105	0.085201	0.00917273	0.02087	0.00534639	0.0293985
153	A	2.64225	0.50581	0.0125725	0.00351683	0.00604064	0.0224135	0.00576247	0.00275704	0.0251965	0.0172278	0.0151987	0.0145711	0.00678817	0.00862816	0.081285	0.0243098	0.00696295	0.140853	0.012115	0.0845127	0.0034783
154	L	2.71604	0.00597893	0.0533745	0.00392333	0.0121416	0.00320137	0.00868298	0.00483796	0.405487	0.00113204	0.243708	0.104163	0.00820272	0.00307261	0.0111445	0.00809023	0.0216708	0.0163929	0.0327341	0.0458298	0.00623075
155	V	2.99567	0.014228	0.0943639	0.0280985	0.00729765	0.026085	0.0573106	0.010964	0.0297819	0.00581843	0.0264973	0.0138699	0.0464966	0.00457427	0.00527262	0.021129	0.0411572	0.0457515	0.480735	0.0243664	0.0162018
156	R	2.66693	0.0051107	0.0151157	0.0164567	0.0187841	0.006077	0.00734979	0.0211795	0.0319686	0.0414068	0.00930616	0.0181289	0.0440502	0.0137786	0.0101201	0.526263	0.153691	0.00896985	0.0186231	0.00287723	0.0307429
157	T	3.51474	0.0538997	0.10994	0.0174978	0.00177278	0.00237862	0.0292574	0.0232632	0.131052	0.0076378	0.0111837	0.0174237	0.034392	0.0109568	0.0401494	0.00300988	0.107589	0.212387	0.136797	0.0407514	0.00866167
158	G	3.19715	0.107285	0.0442578	0.0166042	0.00334334	0.00426657	0.313244	0.0130528	0.000622113	0.00405347	0.121202	0.0241112	0.0754626	0.00852078	0.0228161	0.00637311	0.158545	0.0161187	0.0211256	0.00497092	0.0340248
159	M	2.89571	0.0174935	0.0611906	0.00686873	0.0061055	0.0137288	0.0134693	0.0175532	0.160417	0.0291551	0.0479663	0.452673	0.0683126	0.00578205	0.0220934	0.00103283	0.0133747	0.00833319	0.0250739	0.0246034	0.00477336
160	D	2.97831	0.00993086	0.0615096	0.447058	0.0578576	0.0671392	0.0355629	0.0365648	0.011685	0.0040784	0.00825105	0.0236386	0.125903	0.0131269	0.00577131	0.00428165	0.00408542	0.0388946	0.0270908	0.012703	0.0048667
161	P	3.28608	0.060246	0.0413405	0.0152857	0.00488137	0.0039445	0.0338498	0.00395362	0.0177971	0.0180413	0.0212703	0.0119841	0.0124627	0.281549	0.0881494	0.0351081	0.24363	0.0551806	0.0270535	0.0173363	0.00693684
162	R	3.0843	0.065388	0.00248109	0.0169531	0.0776436	0.0617425	0.00731206	0.00570913	0.0239934	0.00466546	0.0300791	0.0245688	0.0150124	0.0425107	0.0347046	0.438004	0.037971	0.00444197	0.00941928	0.0109161	0.0864828
163	M	2.69809	0.00113756	0.0830138	0.00758767	0.000597354	0.074975	0.00318133	0.016667	0.0221585	0.00181536	0.0195121	0.052808	0.00321809	0.000514622	0.0277901	0.000520608	0.0124675	0.2303	0.411614	0.0233576	0.00676318
164	C	3.35321	0.0594688	0.221878	0.0364897	0.00406158	0.00255216	0.0112191	0.00730094	0.0868324	0.0377667	0.0130296	0.014956	0.116128	0.032307	0.00272863	0.00984378	0.235098	0.0200572	0.0641691	0.00753312	0.0165808
165	S	3.04324	0.238945	0.0241823	0.00351408	0.000760055	0.0203175	0.0845311	0.00374281	0.000589098	0.00153131	0.0145658	0.0359699	0.0563067	0.0319674	0.0485672	0.00152516	0.200068	0.221566	0.00386748	0.00494555	0.00253832
166	L	1.2643	0.030953	0.0130334	0.00550815	0.0177454	0.00123784	0.00188492	0.00129447	0.00507207	0.00185354	0.0225361	0.0609136	0.0083941	0.000888941	0.815576	0.000729926	0.00512689	0.00376919	0.000369343	0.00112652	0.00198682
167	M	3.17337	0.0331103	0.0805696	0.0155419	0.013267	0.00225301	0.00805447	0.00825615	0.0420159	0.00724189	0.0990703	0.299574	0.00536605	0.030543	0.00451271	0.00997279	0.0185665	0.0903104	0.00817357	0.213783	0.00981808
168	Q	3.31877	0.0823981	0.0288447	0.023189	0.00324112	0.00630455	0.0185976	0.0173464	0.0113498	0.0323092	0.021153	0.117455	0.0102695	0.21457	0.2754	0.0565219	0.0215135	0.0307713	0.0121683	0.0125953	0.00400155
169	G	3.06433	0.105819	0.031654	0.0072348	0.0205504	0.0540556	0.382695	0.121736	0.0239426	0.00545116	0.0242697	0.00539905	0.127698	0.00907226	0.00705469	0.00538841	0.0279061	0.00302802	0.018538	0.00420597	0.0143013
170	S	2.81892	0.0549348	0.0201054	0.0145118	0.0364267	0.0105691	0.0683602	0.00463076	0.0212815	0.0477517	0.0105462	0.0108755	0.0222203	0.0272053	0.0290175	0.0216229	0.537147	0.00674843	0.0232935	0.0251165	0.00763498
171	T	2.9073	0.0270075	0.0115504	0.0480244	0.0403991	0.00616995	0.103861	0.012575	0.0210974	0.0111446	0.0119803	0.0349205	0.0499274	0.0115089	0.0439645	0.0089229	0.00789007	0.496318	0.0343901	0.00617511	0.0121735
172	L	1.99398	0.0185589	0.0292033	0.000784494	0.00324235	0.0445752	0.00573991	0.0009047	0.672654	0.00547604	0.0988749	0.00394148	0.00520508	0.00514083	0.0361136	0.00607754	0.0121047	0.0347494	0.00627185	0.00228497	0.00809598
173	P	3.34694	0.0342069	0.0668335	0.00935973	0.040615	0.0464478	0.0782583	0.00649202	0.0114445	0.00509781	0.0123343	0.00408318	0.0153403	0.289397	0.208861	0.0242882	0.0477427	0.0345797	0.0514025	0.0081889	0.00502696
174	R	2.46571	0.006004	0.0035677	0.00677326	0.0519435	0.00826571	0.0196128	0.0126116	0.0305323	0.0209036	0.0182168	0.0836179	0.00522942	0.0383512	0.0167396	0.603551	0.0196117	0.00633175	0.0239249	0.0120175	0.0121933
175	R	2.98594	0.00309937	0.00783344	0.0430522	0.018434	0.0029121	0.00663153	0.0315864	0.00928641	0.0929152	0.0126252	0.0172494	0.115678	0.0197777	0.00863856	0.420322	0.117057	0.0422541	0.0116441	0.0134192	0.00558447
176	S	2.61815	0.197327	0.00473785	0.00263853	0.0026058	0.0544923	0.294513	0.00728869	0.0432478	0.0038402	0.00492727	0.00445522	0.00251969	0.0257972	0.0101431	0.00443912	0.309748	0.0100689	0.00280114	0.00966451	0.00474491
177	G	2.54556	0.027982	0.018063	0.00720242	0.0803498	0.0658482	0.575448	0.0650932	0.00838879	0.00735264	0.0142133	0.0348182	0.0165427	0.0058034	0.00735041	0.0173208	0.00441667	0.014025	0.0105019	0.0101785	0.00910035
178	A	2.98703	0.20634	0.00168388	0.0103881	0.0121641	0.00839843	0.0683948	0.0630222	0.0268779	0.0173565	0.0338116	0.00221422	0.391387	0.0196365	0.00813649	0.00732753	0.0283569	0.00153536	0.0225116	0.0152108	0.0552458
179	A	2.81996	0.471496	0.0428324	0.00557127	0.021198	0.00410463	0.0211461	0.0118608	0.00370619	0.0613064	0.162332	0.0512464	0.0230179	0.00491286	0.00878337	0.0361514	0.0212734	0.00869387	0.00451403	0.0292028	0.00664927
180	G	2.29756	0.0578637	0.00912963	0.0207968	0.0217646	0.010488	0.650921	0.0111717	0.0105652	0.0244471	0.00482251	0.0491069	0.0104426	0.020331	0.0339155	0.0149898	0.00947989	0.00606914	0.0110298	0.0120978	0.0105678
181	A	3.67214	0.184139	0.0113004	0.00589578	0.0247063	0.03518	0.0591911	0.111861	0.00103753	0.0822672	0.145713	0.0804795	0.0173909	0.00145321	0.0337795	0.0349176	0.0483234	0.0110567	0.0100633	0.0819556	0.0192893
182	A	3.34007	0.29787	0.062065	0.0178323	0.00680318	0.132524	0.0316324	0.0891029	0.0124168	0.00252099	0.0249044	0.00458064	0.0184156	0.0138327	0.0263215	0.0062484	0.0557844	0.0105047	0.00722567	0.0322053	0.147209
183	V	2.96582	0.00680544	0.00976547	0.123421	0.00217922	0.00668613	0.0228155	0.00459259	0.225162	0.00350577	0.00945239	0.0939026	0.0105841	0.00700109	0.0318867	0.0208976	0.0164899	0.0232583	0.337559	0.00133985	0.0426957
184	K	2.89716	0.00591052	0.0281408	0.00428299	0.0218945	0.01426	0.0436551	0.195631	0.00522994	0.435716	0.0558809	0.0333703	0.0424496	0.0361198	0.00522254	0.0136757	0.00982213	0.00537018	0.00659424	0.0099513	0.026822
185	G	2.87821	0.0798341	0.0420672	0.0363825	0.105671	0.00408785	0.484666	0.00804447	0.0105909	0.00228886	0.0280282	0.0416152	0.00990001	0.00242277	0.0186574	0.00954837	0.0284369	0.0132691	0.0228111	0.0057644	0.045913
