#SITE	WT_AA	SITE_ENTROPY	PI_A	PI_C	PI_D	PI_E	PI_F	PI_G	PI_H	PI_I	PI_K	PI_L	PI_M	PI_N	PI_P	PI_Q	PI_R	PI_S	PI_T	PI_V	PI_W	PI_Y
2	A	2.00839	0.607169	0.00695679	0.00693335	0.0130435	0.00816208	0.0376853	0.00311167	0.00367474	0.00780305	0.00273714	0.0446046	0.00618831	0.00108985	0.00525675	0.00148987	0.00396934	0.0105162	0.208239	0.0125877	0.00878214
3	S	3.55289	0.0840903	0.00448942	0.00354505	0.0292621	0.0594726	0.00317921	0.0719625	0.0222859	0.00313234	0.0886085	0.0133164	0.112479	0.0188069	0.0156247	0.0154553	0.19062	0.0415658	0.008738	0.183058	0.0303075
4	Q	3.6982	0.00922345	0.0288645	0.0107401	0.0232843	0.124186	0.0356313	0.0362558	0.033483	0.0481588	0.194589	0.0394601	0.0789159	0.00171958	0.00424876	0.00238253	0.0487268	0.0175001	0.0800358	0.140963	0.0416294
5	G	2.79982	0.180957	0.0634196	0.00448312	0.00138638	0.000357051	0.0626559	0.0451357	0.000636714	0.000308874	0.000573501	0.0225979	0.0688062	0.36492	0.000312902	0.11608	0.0624145	0.000293883	0.000644236	0.00194944	0.00206672
6	T	1.43436	0.00678434	0.0065147	0.0073376	0.00659911	0.00846924	0.00644617	0.0140371	0.00858351	0.00456797	0.0266252	0.0176937	0.0149049	0.00505071	0.00603045	0.00630885	0.00663279	0.815997	0.00648743	0.0163064	0.00862298
7	K	1.14639	0.00312108	0.00954478	0.00888497	0.0118459	0.0083744	0.00338439	0.00731324	0.00511875	0.859582	0.00381414	0.0167061	0.0123861	0.00247599	0.010797	0.00468766	0.00207705	0.00338203	0.00450162	0.0167311	0.00527088
8	R	1.88158	0.00615951	0.027188	0.013084	0.0105978	0.00924679	0.0320269	0.00621322	0.0045865	0.00627707	0.0103888	0.015841	0.00827879	0.0168567	0.0570584	0.728311	0.00390917	0.0124127	0.00387539	0.0209084	0.00677942
9	S	1.09373	0.000291183	0.00271921	0.000362752	0.000818357	0.00261043	0.00134309	0.000948768	0.00227934	0.000497528	0.157851	0.00816393	0.787442	0.00197699	0.000747632	0.000609858	0.013606	0.000290948	0.000845658	0.00217636	0.0144186
10	Y	2.27114	0.0322476	0.000242435	0.00154616	0.00526677	0.00332164	0.00157304	0.00621974	0.0864202	0.584151	0.0191695	0.0221584	0.0178565	0.0310764	0.000489905	0.00276457	0.00192943	0.00644792	0.0495467	0.00507794	0.122495
11	E	3.32263	0.022601	0.0190432	0.184284	0.326477	0.00843695	0.0220029	0.00627212	0.0451345	0.0183838	0.0344055	0.0198524	0.0225386	0.018462	0.0377193	0.00276486	0.0774956	0.0464832	0.00262372	0.013171	0.0718465
12	Q	2.52405	0.00394364	0.023524	0.00144934	0.0104753	0.00356416	0.00079019	0.285899	0.0102184	0.287903	0.0341952	0.00339947	0.0237644	0.00184409	0.0205445	0.263015	0.0138431	0.00322119	0.00239564	0.00370515	0.00230496
13	M	2.30804	0.00359013	0.00502527	0.0560941	0.012491	0.0585703	0.00493073	0.0114685	0.0817773	0.0168442	0.00470443	0.619591	0.00322537	0.0135909	0.00714177	0.0141796	0.0451727	0.00996447	0.00760103	0.01881	0.00522712
14	E	3.23438	0.00722107	0.0877735	0.0506886	0.313392	0.202411	0.0492046	0.00328859	0.0539829	0.0272845	0.0170899	0.0159675	0.00813483	0.00105639	0.0164284	0.0385802	0.00992701	0.0672914	0.00320615	0.0219019	0.00517038
15	T	2.65104	0.0223158	0.0291482	0.0162116	0.0159262	0.0158298	0.019773	0.0386206	0.0103221	0.00842667	0.021743	0.0425041	0.0199158	0.00512102	0.00942101	0.00408776	0.00638958	0.545263	0.134631	0.0132672	0.0210833
16	D	3.01618	0.0654804	0.0142678	0.332679	0.0210701	0.00755857	0.251232	0.110785	0.0156701	0.00499553	0.0138257	0.0369395	0.00981623	0.0351775	0.00382781	0.0102215	0.00252665	0.0193546	0.00831592	0.026749	0.00950673
17	G	1.05092	0.00170099	0.848995	0.000404426	0.000876458	0.000522581	0.0513033	0.000853044	0.00036278	0.0143648	0.000195731	0.000720937	0.00877301	0.00763159	0.00215125	0.00242551	0.0177251	0.00659827	0.00127617	0.000775742	0.032343
18	E	3.4013	0.0359916	0.0462792	0.0269152	0.214219	0.00359262	0.0493721	0.252958	0.0774261	0.0389956	0.00185397	0.00914056	0.0107237	0.0555996	0.0111163	0.0125083	0.00700011	0.0988794	0.0153752	0.0210282	0.0110251
19	R	2.05605	0.00617158	0.0475091	0.0101629	0.0147385	0.0104746	0.00604299	0.0261718	0.00640864	0.0129107	0.00504294	0.0566294	0.00827202	0.0141343	0.0308749	0.693958	0.00526468	0.0083554	0.00678094	0.0163098	0.0137879
20	Q	2.2315	0.00470563	0.00221635	0.0031567	0.00440832	0.00271654	0.00442414	0.00369639	0.0034029	0.0030619	0.00616871	0.0188874	0.0339789	0.462684	0.282623	0.0118557	0.128644	0.00926033	0.00285742	0.00861247	0.00263923
21	N	1.76905	0.00046217	0.0016233	0.00495098	0.00420862	0.00816527	0.00169202	0.000953444	0.00138312	0.493137	0.0127926	0.0018124	0.0222273	0.397783	0.00500572	0.00339476	0.00913659	0.00965003	0.00052143	0.0164382	0.00466135
22	A	2.86116	0.211548	0.00264416	0.00184889	0.104119	0.00113934	0.013118	0.00780546	0.02791	0.343423	0.00610755	0.00551937	0.0081148	0.0170357	0.00268095	0.154675	0.0111069	0.0436924	0.0113986	0.0175054	0.00860827
23	T	2.62585	0.0333776	0.0381238	0.0171682	0.00521564	0.0059097	0.0215554	0.491162	0.000666091	0.00868846	0.0192079	0.000769631	0.00886973	0.0021	0.0339842	0.00677388	0.170946	0.0989748	0.0109406	0.0109439	0.0146236
24	E	3.22067	0.0103752	0.0627331	0.0273196	0.364233	0.0175858	0.0238859	0.0267718	0.018158	0.00506811	0.0302725	0.0132757	0.0226614	0.00596696	0.0893299	0.0237342	0.0155078	0.0109425	0.18432	0.0262006	0.0216579
25	I	0.692121	0.000248926	0.000461768	0.000928515	0.00011888	0.00290891	0.00211119	0.0041166	0.0366476	0.0101618	0.00559065	0.00941786	0.00124223	0.000809621	0.912022	0.00199601	0.00085849	0.00252214	0.00684946	0.000638767	0.000348099
26	R	0.463072	0.000577318	0.00014925	0.000634049	0.00273764	0.00819577	6.68017e-05	0.000205896	0.000535229	0.00601701	0.000642085	0.00467089	6.10837e-05	0.00109314	0.00187231	0.0273446	0.943226	0.000417236	0.000207025	0.000598695	0.000748244
27	A	2.74096	0.150369	0.00263509	0.0104911	0.00930279	0.00279528	0.0125736	0.127561	0.00145038	0.322508	0.0107038	0.0363249	0.0021247	0.00063884	0.00155988	0.0195523	0.248243	0.00683474	0.0225888	0.00468239	0.00706036
28	S	1.66769	0.0247691	0.00844155	0.00147867	0.00939256	0.00539046	0.00975454	0.000932218	0.00162575	0.00121866	0.0058635	0.00923419	0.0104364	0.00198184	0.715912	0.0322643	0.13716	0.000698375	0.00867353	0.0115596	0.00321269
29	V	3.12165	0.00602907	0.0573406	0.00876459	0.00664767	0.0285055	0.00393464	0.00444245	0.0395496	0.0108541	0.00940116	0.177798	0.00713762	0.0484797	0.00482862	0.0375717	0.175094	0.00884859	0.312783	0.0430312	0.00895974
30	G	2.83195	0.0176988	0.308946	0.00296605	0.0104623	0.0158791	0.205764	0.00270648	0.00684386	0.00419501	0.000703221	0.0113163	0.038554	0.0127094	0.0765423	0.0286991	0.0105356	0.230479	0.00282963	0.00829645	0.00387278
31	K	1.68892	0.00400443	0.00865549	0.0021732	0.0140432	0.000255811	0.0022888	0.00377841	0.00570624	0.0610384	0.0141713	0.0049085	0.149147	0.00711786	0.00217322	0.692898	0.00138049	0.0204155	0.000513136	0.00253238	0.00279835
32	M	3.26143	0.00721794	0.0123374	0.0683292	0.0144652	0.0375337	0.0691668	0.0163204	0.0148598	0.0195565	0.00545465	0.338866	0.0511223	0.0494842	0.00567913	0.0475122	0.0421177	0.180189	0.00661291	0.00669268	0.00648292
33	I	2.93031	0.0113385	0.0664279	0.00617771	0.165084	0.00797993	0.0140798	0.00978232	0.43364	0.00869355	0.0118403	0.0579249	0.0123992	0.00465792	0.00970279	0.00567548	0.0411278	0.0203767	0.0723066	0.00914722	0.0316379
34	D	3.26758	0.108244	0.113566	0.0825999	0.0913482	0.000641724	0.00563975	0.00082333	0.234567	0.00336506	0.00145266	0.0913756	0.00691851	0.00201818	0.00650863	0.0141533	0.0346876	0.029117	0.153965	0.000551101	0.0184578
35	G	2.9672	0.017344	0.033878	0.0056463	0.0141538	0.0495406	0.489177	0.0114438	0.011763	0.0372135	0.0179988	0.022469	0.00798486	0.0329469	0.00810635	0.0088653	0.0635503	0.0602741	0.00662044	0.0737702	0.0272538
36	I	0.776443	0.000704876	0.0138428	0.0168529	0.00178809	0.896064	0.000436482	0.000190982	0.0107653	0.000306664	0.00114387	0.0105715	0.0044049	0.000781335	0.00032571	0.0013864	0.000520122	0.000336652	0.00126907	0.0379658	0.000343408
37	G	2.4747	0.0183014	0.0293029	0.0344854	0.0146955	0.00315439	0.0944209	0.00124175	0.00262145	0.0128252	0.0011266	0.019389	0.00115591	0.0107457	0.0318598	0.00273621	0.0439194	0.00193257	0.562853	0.0926364	0.0205962
38	R	3.27075	0.0156306	0.0388574	0.0542434	0.00418006	0.00607117	0.109953	0.00315626	0.00866006	0.202688	0.00383481	0.0720246	0.0121897	0.0113826	0.216059	0.159929	0.0289036	0.00392841	0.0046277	0.0398909	0.00379006
39	F	2.69529	0.0355964	0.106359	0.00395474	0.00868475	0.139884	0.00893807	0.00504601	0.0186681	0.0106874	0.00631026	0.0138383	0.483671	0.0373842	0.00427787	0.0697168	0.00257516	0.0194196	0.00232673	0.0141014	0.00856093
40	Y	2.63437	0.0991509	0.00790818	0.0119941	0.00187715	0.0113769	0.0211333	0.435232	0.0169079	0.00989842	0.0105523	0.00624731	0.00208589	0.0177427	0.0323266	0.0254106	0.00288532	0.00304365	0.0231749	0.0104323	0.25062
41	I	2.84231	0.00436665	0.0165806	0.00732556	0.00391942	0.146086	0.0242975	0.0186921	0.142835	0.00340889	0.0140428	0.070558	0.00378993	0.00496567	0.00404513	0.0333352	0.419431	0.0268372	0.00438777	0.0485108	0.00258559
42	Q	2.76439	0.00725743	0.00964969	0.00959202	0.117701	0.00961384	0.0384126	0.0128586	0.0078798	0.0502945	0.0103718	0.0300901	0.00714385	0.0305266	0.514266	0.00798931	0.00310322	0.0175828	0.032127	0.0174474	0.0660933
43	M	3.19325	0.0725646	0.034312	0.0667027	0.00541445	0.0550377	0.046215	0.0523247	0.0303542	0.00883022	0.0667805	0.137368	0.0074523	0.00219971	0.0172376	0.00659164	0.00401885	0.36698	0.00454305	0.00648495	0.00858726
44	C	2.34606	0.0594669	0.0617192	0.0105464	0.0565194	0.00136934	0.0017493	0.0113866	0.606157	0.00198584	0.0126478	0.00736388	0.0319407	0.0044581	0.0397361	0.000860043	0.0538836	0.00346517	0.006526	0.0173914	0.0108266
45	T	2.9697	0.0242548	0.0786163	0.00279776	0.0105688	0.0406592	0.00964214	0.0237567	0.00823485	0.00524712	0.00198853	0.0240026	0.278543	0.00644353	0.00961827	0.022179	0.175404	0.257772	0.0036663	0.0118684	0.00473662
46	E	2.44578	0.00892177	0.0241654	0.0430765	0.271618	0.450475	0.00304817	0.100215	0.00382746	0.011171	0.00188754	0.00850357	0.00833275	0.00505302	0.00706289	0.00906894	0.00279801	0.0136809	0.00404969	0.0164402	0.00660616
47	L	2.47995	0.00269617	0.0637355	0.266807	0.0534365	0.00145125	0.00125277	0.00219045	0.0201397	0.00813374	0.0296708	0.00184057	0.00210117	0.421686	0.00924491	0.00178112	0.0922253	0.00610361	0.00149357	0.0137249	0.000284864
48	K	3.20784	0.0115544	0.0239542	0.0103187	0.0053558	0.00455161	0.101659	0.251477	0.136446	0.180456	0.139435	0.0146065	0.0122022	0.00678593	0.0307554	0.00361509	0.0036836	0.0143534	0.0138566	0.0306531	0.0042817
49	L	1.68668	0.0391895	0.0187519	0.00290989	0.000991759	0.750264	0.00193019	0.00291302	0.00724115	0.0056177	0.0488644	0.00692851	0.00805631	0.0440257	0.0019396	0.00781603	0.00356176	0.0213332	0.0103524	0.0152698	0.00204362
50	S	3.52954	0.0649498	0.00856128	0.0171805	0.0146869	0.0124474	0.146746	0.11762	0.000456422	0.007338	0.0198279	0.0827905	0.0283024	0.0130156	0.173057	0.136647	0.0959641	0.0139581	0.0387638	0.00157603	0.00611232
51	D	2.48768	0.0487234	0.000783449	0.0645294	0.0287572	0.000294715	0.390122	0.000384327	0.00756739	0.000406534	0.118495	0.00397251	0.00249993	0.00553393	0.000927562	0.00326668	0.000959473	0.04429	0.271155	0.00692481	0.000408626
52	Y	1.82466	0.709307	0.00421583	0.00252955	0.0963169	0.0116719	0.00878927	0.00269483	0.00131707	0.000128832	0.0236481	0.0327017	0.00582932	0.00355605	0.00362619	0.014505	0.0144197	0.0123247	0.00167482	0.0128062	0.0379376
53	E	3.24703	0.0811275	0.0473097	0.141565	0.342207	0.00399693	0.00802974	0.0124984	0.00385906	0.010799	0.00695782	0.0514991	0.0233929	0.00909992	0.0239437	0.0408425	0.119674	0.0247983	0.0316925	0.00921989	0.00748754
54	G	3.26958	0.0697663	0.0108013	0.154506	0.0258142	0.0149498	0.344389	0.0128649	0.00427092	0.00675975	0.017686	0.0301201	0.0268105	0.0305532	0.0140109	0.117377	0.0185317	0.044864	0.0428294	0.00691974	0.00617475
55	R	3.47162	0.0240419	0.0307617	0.0835833	0.0154271	0.0157922	0.00683857	0.0863422	0.0173338	0.0117234	0.0115259	0.0131889	0.0160202	0.199101	0.0294301	0.256445	0.0263389	0.0440917	0.00515679	0.0836364	0.0232205
56	L	3.91553	0.0484755	0.0420492	0.00701465	0.136262	0.00759048	0.0725409	0.0265686	0.0338961	0.0206897	0.149626	0.064211	0.0857449	0.0193353	0.070941	0.0439165	0.0613572	0.027681	0.0124264	0.00852287	0.0611499
57	I	3.69839	0.106343	0.0147568	0.0119528	0.0756615	0.0148896	0.0673567	0.0158807	0.202812	0.00298897	0.0896576	0.01914	0.0924128	0.0665461	0.0110338	0.0184659	0.0243801	0.0412764	0.105015	0.00667532	0.0127553
58	Q	3.26252	0.0104657	0.0278161	0.106428	0.0059457	0.0371999	0.0589865	0.0117698	0.0567882	0.0176412	0.0288285	0.00616525	0.0455372	0.0577034	0.402928	0.026375	0.0271057	0.00535553	0.00977423	0.0414469	0.015738
59	N	3.30058	0.0797818	0.0124873	0.263963	0.0202792	0.0141153	0.0184423	0.0408756	0.00309174	0.0268904	0.0147247	0.00635458	0.280813	0.0410867	0.0189171	0.0364789	0.0197957	0.031674	0.0375655	0.0115136	0.0211488
60	S	3.57211	0.00579156	0.0270264	0.0178861	0.00494066	0.0288758	0.0156105	0.00775365	0.0370425	0.0339303	0.0543869	0.155248	0.00934527	0.0390324	0.081855	0.050283	0.259151	0.0982256	0.0417384	0.0058466	0.0260313
61	L	0.758529	0.00184174	0.00173471	0.00485962	0.00241684	0.00160427	0.000613663	0.00173283	0.00220607	0.00184066	0.0226748	0.0255371	0.00381992	0.000138621	0.000528466	0.0017778	0.00909125	0.000263526	0.904508	0.000789636	0.0120207
62	T	3.3378	0.0716651	0.011627	0.0643661	0.0851604	0.00420332	0.145242	0.0850251	0.00975642	0.00589336	0.0116242	0.00607053	0.0154154	0.0191342	0.0304818	0.007432	0.0842972	0.305765	0.0117659	0.0110927	0.0139833
63	I	3.11794	0.0312198	0.109904	0.00877358	0.0162999	0.0246915	0.00470836	0.0042417	0.0739571	0.0019987	0.0238164	0.328041	0.00195817	0.172716	0.0035555	0.0140928	0.00685042	0.0162049	0.00121311	0.0813256	0.074432
64	E	3.21119	0.00438414	0.0176203	0.155649	0.204847	0.0302324	0.279001	0.0265424	0.00935786	0.0040726	0.0120251	0.011928	0.0404002	0.0197543	0.0029165	0.0359954	0.0122784	0.0143761	0.00394914	0.0919263	0.0227431
65	R	2.88453	0.0277642	0.00291124	0.00735147	0.0241738	0.00419483	0.00769649	0.0336814	0.0105791	0.226007	0.0298268	0.0165668	0.0173881	0.0947254	0.0215292	0.406438	0.0264882	0.0112906	0.00641152	0.020573	0.00440321
66	M	3.44142	0.0238446	0.0177774	0.0532486	0.0241873	0.0243168	0.0184717	0.0104038	0.0507249	0.0134911	0.0130207	0.259762	0.111899	0.00407825	0.0213506	0.00858557	0.215654	0.0383199	0.0204367	0.0540402	0.016388
67	V	2.00166	0.00519661	0.0152935	0.022127	0.050198	0.0341676	0.0226272	0.0213181	0.0313105	0.00301287	0.00527764	0.0308337	0.69788	0.00151531	0.013549	0.000657271	0.000877864	0.00570659	0.0257646	0.0080087	0.00467892
68	L	3.65045	0.00441654	0.0236117	0.00859372	0.0565552	0.0598263	0.00691012	0.0584402	0.164089	0.152161	0.180927	0.0307714	0.0203933	0.0231729	0.0042614	0.00937847	0.0660132	0.0455683	0.0138162	0.0237618	0.0473328
69	S	3.0765	0.0357466	0.0370923	0.00836828	0.059037	0.0394477	0.132481	0.00955683	0.012135	0.00669464	0.00920526	0.0280168	0.0512539	0.0203926	0.0198042	0.0213497	0.441595	0.03625	0.00506987	0.0139645	0.0125386
70	A	3.42278	0.282416	0.0379679	0.10627	0.0158366	0.00543828	0.170417	0.0579709	0.00505362	0.0653769	0.0127508	0.0132814	0.0101268	0.00981755	0.0608359	0.0298549	0.0436102	0.0345999	0.00269666	0.0273774	0.00830096
71	F	3.04984	0.0447693	0.0116508	0.0168357	0.0540946	0.46827	0.0150964	0.0372616	0.00687689	0.0145816	0.00848924	0.0185848	0.0792598	0.00944182	0.0140131	0.079931	0.0188048	0.0214093	0.0233289	0.0121728	0.0451272
72	D	2.90625	0.00949427	0.103231	0.489651	0.0148081	0.0220024	0.0100808	0.0259659	0.0186395	0.0234995	0.00718009	0.0126647	0.0265798	0.00476394	0.015074	0.00420277	0.0244065	0.0928169	0.0382259	0.0327326	0.0239801
73	E	1.72652	0.0386012	0.0184285	0.131346	0.0144546	0.000297031	0.000176852	0.00185898	0.00967948	0.00482193	0.00211886	0.0202706	0.00133377	0.000833406	0.0270316	0.000603673	0.00535764	0.702369	0.00575654	0.0121229	0.00253807
74	R	2.34618	0.0105433	0.00879122	0.0147667	0.0254474	0.00592111	0.00631595	0.0103065	0.00782492	0.0125586	0.0045603	0.016412	0.0339971	0.0107797	0.525082	0.249791	0.00265509	0.00325045	0.00787217	0.021048	0.0220768
75	R	1.67765	0.0123255	0.00327083	0.00295291	0.00468245	0.00326606	0.00471531	0.00675347	0.00250306	0.716534	0.00148164	0.0112	0.0417034	0.00231946	0.00305602	0.109519	0.00525906	0.00238498	0.0584445	0.00551805	0.00210975
76	N	2.62738	0.00547544	0.145985	0.00449678	0.00934639	0.0021151	0.00189394	0.00178803	0.423161	0.0346936	0.12516	0.00897234	0.159183	0.00314937	0.00385245	0.0206858	0.00308459	0.00331825	0.0110384	0.0274737	0.00512573
77	K	3.65305	0.104598	0.0132496	0.00627221	0.0113851	0.0215071	0.00572077	0.0261434	0.0495013	0.109818	0.0588027	0.14966	0.0910113	0.0133484	0.126024	0.0457716	0.0091561	0.133347	0.00755911	0.0047417	0.0123843
78	Y	2.97136	0.0963482	0.00915501	0.0131555	0.269453	0.0732359	0.00464747	0.0425204	0.00721574	0.00831892	0.0313778	0.00828023	0.00965846	0.0336526	0.0108031	0.00954929	0.0172096	0.00231112	0.0030717	0.0230634	0.326973
79	L	3.07977	0.0163544	0.0134724	0.0329467	0.00399238	0.0117095	0.0258579	0.0270233	0.0804907	0.028133	0.441017	0.0363072	0.0882017	0.0549107	0.0121959	0.00279649	0.0109127	0.00493488	0.0110929	0.0201792	0.0774711
80	E	3.02144	0.0153483	0.0161567	0.0256967	0.298083	0.00525616	0.0193331	0.00364522	0.0957644	0.0523374	0.0200995	0.00990753	0.00565716	0.00788942	0.0484684	0.0112532	0.00951547	0.00890105	0.0373225	0.0100566	0.299308
81	E	3.31687	0.0169741	0.10548	0.0398445	0.312082	0.0392194	0.00403964	0.0214761	0.00816432	0.0136299	0.0123973	0.14558	0.00364404	0.0126916	0.0358301	0.00970194	0.120618	0.0218468	0.0140634	0.00795555	0.0547606
82	H	1.5189	0.000925495	0.00228318	0.0067143	0.00163318	0.749091	0.000629359	0.00928863	0.000148809	0.0005982	0.00072743	0.0157731	0.0121288	0.000370367	0.109756	0.00343714	0.0147236	0.000871595	0.0323865	0.0124237	0.0260895
83	P	2.91845	0.0165575	0.163604	0.000480878	0.00195014	0.0107015	0.00564578	0.00563284	0.015139	0.00426533	0.0149288	0.248768	0.0161595	0.140398	0.26539	0.0151055	0.0152678	0.0101733	0.00309572	0.0437153	0.00302156
84	S	2.34618	0.553555	0.0024043	0.00313119	0.0219431	0.00110025	0.0169161	0.00102699	0.00408153	0.00532055	0.00548465	0.151561	0.0358124	0.0036711	0.0127974	0.0101082	0.101185	0.0357345	0.0021308	0.0241372	0.00789871
85	A	3.32622	0.175518	0.0070052	0.00497025	0.0224148	0.00679058	0.0985954	0.0130996	0.144984	0.00685136	0.00856765	0.0331879	0.0046552	0.00572969	0.00765521	0.0217063	0.187922	0.0550152	0.0138869	0.0139021	0.167542
86	G	2.97298	0.00624266	0.00263863	0.0261059	0.0102546	0.0384223	0.250588	0.0598884	0.00613826	0.0390821	0.034454	0.00549273	0.0135786	0.173523	0.00221276	0.287845	0.0163752	0.0147715	0.00167183	0.00893266	0.00178134
87	K	2.46035	0.0159186	0.00539504	0.0076378	0.0259328	0.0318428	0.00762078	0.00778779	0.00836996	0.58637	0.00658151	0.0322573	0.0107321	0.000878523	0.0206467	0.0121474	0.0250719	0.0320399	0.0272705	0.0107252	0.124774
88	D	1.53899	0.00367178	0.0124238	0.0959576	0.00860402	0.00101442	0.0067351	0.00184842	0.011038	0.00143937	0.00411615	0.0614239	0.750398	0.0168162	0.00397344	0.00253566	0.00488852	0.00181614	0.00659172	0.00239812	0.00230986
89	P	3.32267	0.172692	0.255924	0.0292435	0.00851636	0.0172364	0.0228056	0.00328334	0.0133226	0.00545982	0.0254835	0.0104169	0.024867	0.184322	0.000906416	0.0136574	0.0415347	0.0328148	0.0724147	0.0570572	0.00804158
90	K	3.24143	0.0192946	0.00800232	0.0203379	0.000988237	0.00813529	0.0109916	0.0211768	0.00928509	0.173263	0.0256284	0.0498596	0.00871706	0.00325351	0.0740978	0.255849	0.0894614	0.182231	0.0291382	0.00556726	0.00472208
91	K	2.50312	0.00733804	0.0142946	0.0177788	0.00525713	0.00165202	0.00336279	0.0041222	0.0017704	0.288279	0.00254103	0.0106659	0.0386674	0.0389263	0.0367683	0.425099	0.00204716	0.0070545	0.00122246	0.013806	0.0793486
92	T	2.81797	0.0416918	0.00943617	0.0101045	0.0123904	0.00835947	0.076946	0.00302624	0.0260743	0.016107	0.0425543	0.0180677	0.066092	0.0123034	0.0277661	0.041857	0.00788768	0.521702	0.00318011	0.0392914	0.0151615
93	G	2.95256	0.00828309	0.0082671	0.131454	0.100096	0.0138418	0.434647	0.00572674	0.00954352	0.0808387	0.0280234	0.0195852	0.0232047	0.00964227	0.00511975	0.00224613	0.0458167	0.00769708	0.0330834	0.0254047	0.00747823
94	G	3.20287	0.0162402	0.0111607	0.023484	0.103611	0.0125129	0.326871	0.0253979	0.021817	0.0304598	0.00438478	0.233143	0.0126867	0.00334697	0.0260555	0.023662	0.0313389	0.0307819	0.03114	0.0129807	0.0189254
95	P	3.13559	0.0293486	0.255165	0.0268433	0.0164474	0.0108886	0.00552146	0.0438743	0.0086543	0.0533394	0.0209422	0.0262352	0.0178349	0.347962	0.027344	0.0149888	0.0154311	0.0181544	0.00730591	0.0242717	0.0294473
96	I	3.30482	0.00500224	0.143015	0.0162003	0.00969735	0.0171117	0.0232938	0.00634281	0.297529	0.0125332	0.130952	0.0261017	0.00688516	0.0288421	0.0124976	0.014114	0.0352704	0.0163341	0.134068	0.00887909	0.0553299
97	Y	3.13109	0.00276888	0.0199426	0.00969636	0.180687	0.0845093	0.0319296	0.115646	0.0100018	0.00460832	0.0291602	0.0106768	0.00701118	0.0085485	0.186435	0.00650679	0.00467741	0.00557486	0.0120572	0.0120048	0.257558
98	K	3.3174	0.00465487	0.0211989	0.0497197	0.0168209	0.0293359	0.0182007	0.0562961	0.00858254	0.167851	0.0184367	0.0266499	0.00684655	0.0114198	0.164345	0.283484	0.0291396	0.0137188	0.00532416	0.0644234	0.00355149
99	R	3.01661	0.0216831	0.176515	0.00863735	0.0666123	0.0210269	0.00904562	0.0291827	0.00827077	0.015155	0.0219917	0.016753	0.0190895	0.0424043	0.00744251	0.431555	0.00571041	0.0231022	0.0130265	0.024818	0.0379777
100	V	3.36727	0.295742	0.00979323	0.00127428	0.0065621	0.0014803	0.0171814	0.0601749	0.00962897	0.0145047	0.0222278	0.0479934	0.0667845	0.11475	0.106401	0.0076555	0.0401853	0.0831006	0.0844411	0.00734798	0.00277034
101	D	3.21856	0.0279176	0.0176425	0.20413	0.0495753	0.00355833	0.0119873	0.0670422	0.00796971	0.00294272	0.012092	0.0143166	0.0394895	0.188772	0.0504342	0.0107509	0.00958721	0.254274	0.0123672	0.00928637	0.00586594
102	R	2.865	0.00579981	0.0164854	0.00701057	0.0066883	0.00880366	0.00299095	0.228643	0.00599678	0.0235421	0.218155	0.00865636	0.00387617	0.0127285	0.0255371	0.320531	0.0216578	0.00756675	0.0303784	0.018483	0.026469
103	K	2.9371	0.018991	0.0110784	0.0101873	0.0298991	0.00812251	0.00582225	0.00481602	0.0292779	0.217599	0.00325939	0.0416911	0.36141	0.00214876	0.00859136	0.00621511	0.0124873	0.0642878	0.133566	0.00823092	0.0223176
104	W	2.75703	0.0209637	0.0274255	0.0162527	0.00898957	0.489852	0.0083019	0.0362254	0.0164486	0.00910993	0.0153803	0.00851851	0.0258272	0.00313662	0.0086157	0.00320609	0.0262002	0.0259129	0.00776903	0.16068	0.081185
105	M	3.4029	0.0651666	0.0115277	0.016594	0.0132219	0.0280291	0.0022512	0.0545018	0.038607	0.130038	0.035941	0.257184	0.179961	0.00757051	0.0838421	0.0225325	0.00375517	0.00481163	0.0107733	0.0161705	0.0175207
106	R	3.10438	0.0161013	0.0115333	0.0316202	0.0670873	0.01552	0.00487861	0.0130794	0.0983513	0.054108	0.0110949	0.029901	0.0100125	0.0142338	0.0153146	0.445183	0.0233291	0.0738317	0.0128492	0.0319871	0.0199835
107	E	0.532237	0.000419904	0.0014362	0.93753	0.0256944	0.00128473	0.00030401	0.00170246	0.000553598	0.00160323	0.000713988	0.00310063	0.00732693	0.000968139	0.00255124	0.00119176	0.0009857	0.00309393	0.000452094	0.00655225	0.00253471
108	L	3.3602	0.0642156	0.0173017	0.0136233	0.0732376	0.0407116	0.0148803	0.0107574	0.0521067	0.0138282	0.379809	0.0179982	0.0185856	0.0344082	0.0772085	0.00912277	0.0825161	0.0176059	0.0078819	0.0367597	0.0174422
109	V	1.85774	0.0237232	0.717646	0.00546155	0.0310151	0.00956714	0.00939556	0.00561466	0.0213444	0.0318125	0.0249022	0.00635105	0.00226656	0.0077202	0.00154556	0.00205484	0.00511067	0.00767698	0.0756483	0.00668243	0.00446091
110	L	2.74592	0.00447742	0.0117985	0.0288514	0.00336517	0.00834403	0.0131308	0.00544906	0.0206054	0.234959	0.203682	0.0169467	0.00271582	0.351161	0.0167184	0.0161329	0.00520358	0.0317448	0.0163772	0.00147705	0.00685941
111	Y	2.9113	0.00476052	0.00450287	0.00478138	0.00124428	0.00435093	0.0171197	0.00558009	0.013963	0.00365712	0.0136905	0.12905	0.00660901	0.0230352	0.078894	0.00112006	0.00672764	0.363079	0.0474285	0.164171	0.106236
112	D	3.31873	0.0225256	0.0165232	0.282229	0.0342171	0.00903869	0.0167469	0.015406	0.0180085	0.01884	0.0854164	0.0116977	0.12459	0.012739	0.0330879	0.0177732	0.0178218	0.0287823	0.215685	0.00490897	0.0139626
113	K	2.84062	0.0231793	0.0217511	0.102055	0.032212	0.0192859	0.00922198	0.0114052	0.0158724	0.523136	0.0243151	0.0148809	0.0321903	0.00813328	0.037439	0.0504	0.0215088	0.00428327	0.0210234	0.0193298	0.00837697
114	E	2.99982	0.00238791	0.0132824	0.0471038	0.31639	0.0558541	0.00440841	0.00259996	0.0688826	0.0681035	0.0137928	0.0128545	0.00713181	0.0117038	0.0167469	0.00276849	0.0212643	0.00895702	0.00677336	0.0408722	0.278121
115	E	2.46725	0.0133759	0.0148354	0.0735507	0.611086	0.0175597	0.0090246	0.00914969	0.0219826	0.0188616	0.00632309	0.028894	0.0171339	0.005571	0.0163521	0.063232	0.0152849	0.0189872	0.0167001	0.0119492	0.0101465
116	I	3.13898	0.0167807	0.0206182	0.0927441	0.029387	0.058789	0.0167875	0.00988543	0.395283	0.0118287	0.0110091	0.00853859	0.160986	0.0148279	0.0272418	0.00952596	0.0196409	0.026373	0.0503527	0.0093189	0.0100816
117	R	3.33187	0.052852	0.0563901	0.00514137	0.0610233	0.00881523	0.0185553	0.0215494	0.199972	0.0187792	0.00919725	0.0137558	0.00734554	0.00145444	0.0231046	0.253464	0.1621	0.0165411	0.0121864	0.0402751	0.0174977
118	R	3.55193	0.0176382	0.00785557	0.020822	0.0227677	0.00984704	0.0256955	0.0210712	0.15186	0.0415642	0.115708	0.0329948	0.0134607	0.0436812	0.0644285	0.281182	0.0451076	0.0209476	0.0264991	0.03	0.00686963
119	I	3.41147	0.00912671	0.00912839	0.0617018	0.0170145	0.0191404	0.138502	0.0450962	0.302209	0.0074263	0.0129965	0.14682	0.0244676	0.0229862	0.0324044	0.00721468	0.0142606	0.0358228	0.0118647	0.0255307	0.0562867
120	W	3.44376	0.0532898	0.117755	0.0536045	0.0202305	0.00735674	0.00394667	0.0165284	0.0143284	0.021192	0.0291291	0.053445	0.0129475	0.0563655	0.108988	0.0238204	0.0132546	0.0214477	0.0351336	0.32799	0.00924666
121	R	3.22638	0.0658208	0.0290203	0.0211559	0.0248676	0.014921	0.053608	0.205543	0.0110617	0.0203749	0.0304109	0.0105633	0.0240397	0.00828055	0.0119752	0.348456	0.0642754	0.029003	0.0132581	0.00573668	0.00762838
122	Q	0.667668	0.000696029	0.00172428	0.000915502	0.000436966	0.00507623	0.000187667	0.0195252	0.0084833	0.00205375	0.00700686	0.0017561	0.00327601	0.00061564	0.018589	0.00131122	0.000545757	0.00317549	0.920059	0.00153195	0.0030341
123	A	2.5038	0.270315	0.0037329	0.00972001	0.0131734	0.0131544	0.461393	0.0180949	0.0250649	0.0127682	0.0040279	0.00794384	0.0797043	0.0131294	0.00451851	0.0198041	0.00844839	0.0121355	0.0116344	0.00757076	0.00366609
124	N	2.79958	0.0123666	0.00328271	0.0432707	0.0559022	0.0185307	0.000557547	0.00244548	0.0557715	0.0125131	0.0129728	0.00620374	0.187539	0.0279728	0.0109906	0.00654541	0.0625324	0.0230657	0.00866576	0.00267964	0.446192
125	N	3.64017	0.0107333	0.0285872	0.0292734	0.00647182	0.15225	0.0230369	0.00750867	0.0422206	0.0257462	0.0385728	0.0432691	0.257673	0.0246868	0.0144568	0.0471781	0.0241173	0.0302202	0.0740853	0.0168152	0.103097
126	G	2.9925	0.0123471	0.00419222	0.00641764	0.00176524	0.0129218	0.153814	0.0149748	0.0109959	0.00487761	0.245022	0.235085	0.00955709	0.0132854	0.00412866	0.171847	0.00958469	0.0220654	0.0415128	0.0246483	0.00095736
127	D	3.66009	0.00177597	0.00351333	0.125936	0.00927331	0.110084	0.0226518	0.0691472	0.0247343	0.108696	0.0309274	0.0594186	0.0082582	0.0148785	0.00111162	0.0426768	0.111202	0.0657655	0.160955	0.00684835	0.0221461
128	D	2.46612	0.108714	0.00122282	0.0286709	0.0172146	0.00296614	0.0160077	0.539413	0.00393143	0.00440098	0.00646453	0.0319791	0.000575984	0.0057235	0.00485112	0.00612823	0.0533397	0.115333	0.00236821	0.04301	0.00768527
129	A	2.80139	0.122512	0.134607	0.00834254	0.0242101	0.00743659	0.0420111	0.00213182	0.010212	0.457395	0.00852974	0.00527742	0.00166007	0.00388612	0.0160334	0.0389737	0.0322624	0.0511001	0.0133127	0.018645	0.0014606
130	T	3.33676	0.0159885	0.0174278	0.0189622	0.0328103	0.018283	0.00891272	0.0457576	0.00570507	0.0121272	0.0552231	0.129061	0.0247771	0.0110843	0.00869107	0.01476	0.0713929	0.339917	0.123552	0.0117269	0.0338398
131	A	3.24562	0.308255	0.00851915	0.0137294	0.0260962	0.0109611	0.0571434	0.0318657	0.0168196	0.0067666	0.00279635	0.0219185	0.0446724	0.156605	0.00692555	0.0108401	0.174367	0.0174881	0.0577884	0.0154231	0.0110181
132	G	2.85722	0.0126705	0.00543115	0.0384792	0.0203715	0.00642108	0.222904	0.00384193	0.430152	0.0169304	0.0113701	0.00897658	0.0586999	0.0232442	0.0149796	0.0293409	0.0401697	0.00803948	0.028911	0.00679389	0.0122731
133	L	1.63555	0.0382941	0.00318397	0.00207509	0.0120617	0.00205367	0.0147371	0.00161381	0.73018	0.000825293	0.110155	0.0360275	0.00296635	0.00589255	0.00282193	0.00185632	0.0156587	0.010816	0.00221582	0.00336866	0.0031972
134	T	3.14467	0.0492427	0.0644449	0.00491792	0.0181902	0.0211079	0.00893688	0.00595571	0.0113885	0.00945456	0.0658931	0.0285458	0.0252988	0.040353	0.00620111	0.0345111	0.149949	0.405343	0.018465	0.013468	0.0183321
135	H	3.36567	0.0126276	0.0151038	0.0540484	0.0245146	0.0364337	0.0197767	0.393914	0.00433021	0.05935	0.0174709	0.0229572	0.0885218	0.0501498	0.0531364	0.0240438	0.0188776	0.0220293	0.023533	0.0101606	0.0490202
136	M	3.3656	0.0519796	0.00870453	0.00368303	0.0507171	0.135652	0.0828011	0.074696	0.012136	0.00445303	0.00417042	0.327711	0.0106757	0.0135782	0.0480137	0.00447899	0.0451281	0.0218878	0.0347514	0.0145399	0.0502418
137	M	2.5749	0.00193609	0.00702511	0.00542446	0.0156343	0.00881997	0.00640796	0.00514977	0.0607512	0.317341	0.00322683	0.392622	0.00518727	0.0516297	0.0105988	0.0179994	0.00687885	0.00738468	0.0545196	0.0169911	0.00447294
138	I	2.52333	0.00550575	0.00620833	0.0240694	0.0116422	0.0159171	0.00701389	0.0117583	0.593253	0.0303866	0.0222781	0.0331479	0.0111033	0.0944438	0.0222735	0.00552342	0.0390619	0.0232769	0.00977736	0.0216618	0.0116973
139	W	3.33806	0.0411224	0.0129064	0.012231	0.0182612	0.021517	0.0469322	0.0144868	0.0253618	0.0329945	0.035795	0.0484649	0.0549216	0.0495046	0.0103547	0.00458112	0.00681745	0.178897	0.0117832	0.345613	0.0274538
140	H	3.49543	0.0673718	0.0503611	0.13468	0.0106807	0.0144177	0.0156211	0.310172	0.0956479	0.0307813	0.00819145	0.0299664	0.0599338	0.0243359	0.0285152	0.0102718	0.00691297	0.0416574	0.0246218	0.025111	0.0107486
141	S	3.0211	0.0494078	0.0426932	0.011907	0.00707558	0.300784	0.0194191	0.00785681	0.00858343	0.0305431	0.00414106	0.0131685	0.0133843	0.0930959	0.0107339	0.00744739	0.304584	0.021067	0.0129355	0.0289635	0.0122084
142	N	2.92708	0.0164831	0.0131557	0.0252492	0.0177505	0.0141536	0.0174449	0.0907248	0.0117815	0.0500738	0.0240905	0.0910059	0.492711	0.00799779	0.0102581	0.00631204	0.0189933	0.0150583	0.0386901	0.0217347	0.0163307
143	L	3.02527	0.00858473	0.00704411	0.00628792	0.00354357	0.0110618	0.030531	0.0229921	0.0182169	0.0648848	0.252693	0.0361732	0.0125589	0.0584025	0.00391802	0.0203556	0.346474	0.00791525	0.0188176	0.0634782	0.00606631
144	N	2.72787	0.29463	0.0090004	0.016236	0.0149953	0.0132218	0.00931847	0.0122056	0.048911	0.0275716	0.0164177	0.0709414	0.391873	0.00425953	0.00728968	0.00671495	0.00438489	0.0219582	0.00380448	0.0110531	0.0152129
145	D	2.99634	0.0461582	0.00852879	0.384971	0.038001	0.0107475	0.0156319	0.0114282	0.00428103	0.00645207	0.0442655	0.186123	0.01424	0.00477551	0.00536549	0.108855	0.00377521	0.0642171	0.0190688	0.0142006	0.00891456
146	T	1.48504	0.770508	0.00564751	0.0187577	0.0108819	0.00231203	0.00280731	0.00257207	0.00208468	0.0219203	0.00247702	0.010021	0.00147358	0.00100903	0.0114536	0.000291674	0.033969	0.0859205	0.000733154	0.0123343	0.00282534
147	T	2.99942	0.0022007	0.110622	0.00792909	0.0136437	0.0102125	0.00817898	0.0182109	0.274672	0.0068009	0.0173875	0.0152059	0.0552925	0.0133676	0.0101822	0.00416041	0.00249402	0.276671	0.029181	0.117663	0.00592431
148	Y	2.86845	0.0339992	0.0184689	0.0452192	0.012087	0.0173454	0.00761543	0.0474462	0.017017	0.0131448	0.00272796	0.0416435	0.0774096	0.0373381	0.0106595	0.0208481	0.00312348	0.0531171	0.0063962	0.0209323	0.513461
149	Q	2.84325	0.051311	0.0108408	0.0170001	0.0124193	0.013562	0.0139151	0.0156176	0.00643764	0.0542591	0.0185666	0.022934	0.0214996	0.0205243	0.525285	0.0222948	0.012847	0.0243873	0.0892961	0.00735892	0.0396437
150	R	3.05776	0.094	0.0472265	0.038663	0.0271519	0.0104796	0.00947239	0.0257077	0.00875562	0.0239692	0.0135643	0.0198745	0.0086975	0.177959	0.0156219	0.400558	0.00419088	0.00563879	0.00443756	0.0293135	0.0347183
151	T	2.64463	0.028591	0.031233	0.0439837	0.147086	0.0109326	0.0100035	0.021085	0.0110524	0.01855	0.00821284	0.0199184	0.00890698	0.0197506	0.0118248	0.0255631	0.00766123	0.540382	0.00383263	0.02076	0.01067
152	R	2.32931	0.00211948	0.0130697	0.00907144	0.0278104	0.0110378	0.00173752	0.0113051	0.00832969	0.0225876	0.0582156	0.0157097	0.00407699	0.0455832	0.0299391	0.63891	0.0265494	0.0335072	0.0156419	0.0190203	0.00577805
153	A	2.96817	0.489638	0.00328778	0.0178276	0.0447367	0.0164057	0.0176848	0.00292931	0.0255463	0.0370693	0.0298782	0.00739111	0.0114036	0.0275387	0.0469359	0.0130659	0.06057	0.0624592	0.0174032	0.00518629	0.0630429
154	L	2.41363	0.0036327	0.00552254	0.010402	0.00572565	0.00269298	0.00525579	0.00362249	0.436217	0.0189597	0.3154	0.0253263	0.0066219	0.0132882	0.0165388	0.00550304	0.00147831	0.0163025	0.0156894	0.077035	0.0147856
155	V	2.59602	0.0143131	0.012379	0.039472	0.00629933	0.00722947	0.105366	0.0021344	0.0627803	0.00860271	0.0250865	0.0204273	0.0446876	0.00401336	0.0110425	0.00650483	0.0332501	0.0206202	0.555847	0.0151414	0.00480289
156	R	2.65986	0.0347639	0.0627694	0.00754843	0.0486418	0.00868882	0.0114055	0.0430236	0.0328465	0.00390948	0.00902188	0.00542759	0.00787921	0.0187593	0.00428339	0.558586	0.0207163	0.0129976	0.0697732	0.0224297	0.0165275
157	T	3.31205	0.0766616	0.00938982	0.00400196	0.0299053	0.0048129	0.0146749	0.0215209	0.00204311	0.0796872	0.00968199	0.0142707	0.0218955	0.0248877	0.0753114	0.0717701	0.132318	0.340913	0.0351795	0.00867267	0.0224013
158	G	2.56574	0.0130276	0.00629794	0.0038907	0.00473775	0.0501018	0.581401	0.014736	0.00554286	0.0176449	0.0359637	0.0106076	0.0372903	0.0486167	0.0181847	0.0081104	0.0580992	0.0114767	0.0056833	0.0152917	0.0532952
159	M	3.09054	0.0234927	0.0367066	0.00328	0.00721566	0.0158653	0.00875133	0.0176075	0.0301582	0.044703	0.241477	0.341472	0.00198439	0.0102701	0.0429678	0.0500732	0.000742638	0.0481979	0.00921224	0.00952819	0.0562945
160	D	2.74118	0.00737106	0.0641331	0.492704	0.0150502	0.008922	0.0209488	0.00595151	0.0248365	0.0199073	0.0213362	0.00403003	0.00470302	0.00764466	0.0272999	0.0231812	0.00892896	0.0151706	0.167538	0.00915568	0.0511873
161	P	2.55329	0.475083	0.00470111	0.00431921	0.00226308	0.000761066	0.0754719	0.0100455	0.00861796	0.0201604	0.0178993	0.00162596	0.00779244	0.228116	0.0172574	0.0174047	0.044906	0.0184128	0.0318471	0.00610414	0.00721116
162	R	2.75745	0.00730236	0.0014542	0.00607379	0.0191202	0.197749	0.0761868	0.00718787	0.00322496	0.0152352	0.00433132	0.0134654	0.00941009	0.0772603	0.0263988	0.42456	0.0035543	0.0138779	0.00938852	0.0820012	0.00221878
163	M	3.27726	0.00421878	0.068147	0.00572588	0.00844607	0.00332148	0.0189944	0.0048083	0.172263	0.0472801	0.0215848	0.283722	0.007196	0.00466577	0.0428939	0.0128431	0.0183575	0.0612241	0.146994	0.0103062	0.0570088
164	C	2.56802	0.459709	0.189805	0.00146158	0.000705893	0.00255555	0.00787714	0.0134867	0.0140156	0.00129221	0.00723078	0.00339587	0.00590926	0.0435519	0.0295275	0.0238017	0.0161563	0.0299962	0.139961	0.00546538	0.00409598
165	S	2.56822	0.0336663	0.138892	0.00213759	0.012792	0.00180894	0.0362889	0.00136356	0.00135405	0.00118472	0.00417751	0.00492861	0.44941	0.0130293	0.00116425	0.00879655	0.190076	0.0272499	0.0559453	0.0101523	0.0055828
166	L	3.05255	0.00231884	0.00874508	0.0557323	0.00849512	0.0033463	0.00514269	0.130587	0.0111551	0.00427334	0.327598	0.225929	0.011985	0.0375301	0.00807024	0.00766915	0.0298313	0.0128911	0.0458761	0.0281962	0.0346284
167	M	2.76416	0.0111206	0.015445	0.0112553	0.00802138	0.0468938	0.0453368	0.0140996	0.02904	0.0115844	0.17698	0.480913	0.0123327	0.00450759	0.0366475	0.0175292	0.00686886	0.00665113	0.00491919	0.00754476	0.0523086
168	Q	2.95838	0.0425543	0.0351542	0.0159128	0.01778	0.00371378	0.00638319	0.0355082	0.00266773	0.0441585	0.0111873	0.0104215	0.0204713	0.00731127	0.299934	0.012934	0.335368	0.0350295	0.013199	0.00390325	0.0464075
169	G	2.48412	0.0235672	0.0483437	0.00947553	0.0170459	0.00884981	0.576174	0.0205023	0.00768242	0.00820739	0.01822	0.0187967	0.00585395	0.0419659	0.00628871	0.0305477	0.00562461	0.0102518	0.128946	0.00597689	0.00767979
170	S	2.61719	0.0126292	0.0065925	0.0136461	0.0127963	0.054482	0.012605	0.0119055	0.0206432	0.00887806	0.0445328	0.0167866	0.0241311	0.0216908	0.0383145	0.075739	0.577373	0.0163645	0.00953582	0.0164994	0.00485447
171	T	2.8729	0.0134965	0.018163	0.0179899	0.0157812	0.00771874	0.0633037	0.0189355	0.0370919	0.0154485	0.107176	0.0156659	0.00840653	0.00777491	0.0123443	0.0302584	0.0193411	0.497287	0.0747889	0.00991952	0.00910885
172	L	2.7198	0.0352506	0.110645	0.00404592	0.00378063	0.00699442	0.0379169	0.00802319	0.0278392	0.0889983	0.518257	0.0338916	0.017154	0.0140223	0.025632	0.00754784	0.0294026	0.00993455	0.00617181	0.00603272	0.00845927
173	P	3.08908	0.180503	0.00646066	0.0183052	0.00165265	0.0138662	0.00266458	0.00336885	0.0276213	0.0238944	0.0225518	0.0332104	0.05672	0.393885	0.021742	0.0286018	0.0669082	0.0549185	0.0120844	0.00868778	0.0223538
174	R	2.2944	0.00810479	0.0141761	0.00500841	0.027528	0.00381485	0.006318	0.003684	0.0144767	0.0048821	0.0154702	0.0222236	0.00298715	0.00455911	0.0155816	0.484218	0.00589612	0.310381	0.022144	0.0191862	0.00936049
175	R	2.79342	0.0516264	0.0118301	0.123497	0.0223677	0.0403847	0.0127353	0.00698292	0.00407891	0.0172434	0.00245795	0.0459501	0.00821462	0.0117018	0.0148496	0.513052	0.0258222	0.0160134	0.0203743	0.0355308	0.0152879
176	S	2.43674	0.482434	0.00739297	0.00355415	0.0146961	0.00585632	0.0101463	0.00296623	0.00279415	0.0364989	0.0133952	0.00365056	0.0141149	0.00292245	0.00385211	0.00436944	0.26108	0.0488944	0.0316796	0.0346496	0.0150527
177	G	2.79572	0.0103415	0.0512046	0.00773942	0.121175	0.0053626	0.504051	0.0118352	0.00549245	0.00573905	0.0217743	0.0244646	0.00636233	0.0213316	0.0109368	0.00875559	0.0625705	0.0284858	0.0358215	0.00927563	0.0472816
178	A	3.37074	0.35788	0.00937036	0.0222048	0.024993	0.00690985	0.0305251	0.018617	0.0367572	0.00259595	0.0418312	0.0118171	0.0588314	0.0229428	0.0500372	0.124876	0.04801	0.0380045	0.0768348	0.00787201	0.00909013
179	A	2.81172	0.399143	0.0261226	0.00734754	0.0684577	0.00892725	0.0243487	0.00404794	0.00473	0.255786	0.00886916	0.0266644	0.0121196	0.00769149	0.00481653	0.00973327	0.0653314	0.0316595	0.0129767	0.0153377	0.0058893
180	G	2.5032	0.047855	0.00869913	0.0251572	0.0148762	0.013053	0.613193	0.01123	0.0165184	0.0336801	0.0116134	0.0364288	0.0104868	0.00554781	0.0401769	0.00724417	0.0280323	0.0203972	0.0061808	0.0147972	0.0348317
181	A	2.70702	0.196799	0.00179571	0.00430299	0.00469932	0.00210417	0.00563678	0.0509702	0.00141775	0.0154105	0.00126905	0.091844	0.00460083	0.0115128	0.393276	0.00999434	0.0387311	0.0149941	0.00165554	0.00721093	0.141776
182	A	2.02837	0.700305	0.0128542	0.0227037	0.0112144	0.0158892	0.0104584	0.0119231	0.00776111	0.00804212	0.00752749	0.021365	0.0436254	0.00428694	0.00958784	0.00879643	0.00324723	0.00642148	0.0609428	0.01267	0.0203786
183	V	2.97815	0.0416379	0.0280693	0.00646769	0.00320329	0.00681331	0.0273602	0.00292082	0.103823	0.00326544	0.00654238	0.0107926	0.00591718	0.033308	0.0545821	0.00579201	0.0223407	0.0977969	0.418576	0.00864974	0.112141
184	K	2.25406	0.0445223	0.0055654	0.0100239	0.00503881	0.00706774	0.00374946	0.00686689	0.0157684	0.639858	0.00686374	0.00873291	0.0225463	0.0817686	0.0139788	0.00224225	0.0137796	0.0496321	0.0086726	0.0314255	0.0218963
