#SITE	WT_AA	SITE_ENTROPY	PI_A	PI_C	PI_D	PI_E	PI_F	PI_G	PI_H	PI_I	PI_K	PI_L	PI_M	PI_N	PI_P	PI_Q	PI_R	PI_S	PI_T	PI_V	PI_W	PI_Y
2	A	1.55481	0.780445	0.00829337	0.00656576	0.0121755	0.00869106	0.0117621	0.0062946	0.00646851	0.00802358	0.00367146	0.0223225	0.00663638	0.00249451	0.00894416	0.0145196	0.00280275	0.0033013	0.06811	0.0123991	0.00607799
3	S	3.35136	0.0219041	0.0030953	0.0165603	0.00284309	0.00453945	0.00249253	0.149217	0.00693459	0.0153875	0.0832905	0.0173669	0.218192	0.00304806	0.115384	0.0713677	0.169392	0.0470222	0.0285427	0.0130651	0.0103543
4	Q	3.63924	0.0369558	0.0262699	0.00149194	0.0290418	0.136755	0.022246	0.0118694	0.0578348	0.0125337	0.117833	0.0506328	0.110889	0.00058658	0.0508352	0.000598767	0.108094	0.0261989	0.0073425	0.0215755	0.170414
5	G	1.92726	0.603678	0.0169522	0.0090765	0.00165285	0.00186361	0.111197	0.000830025	0.00104755	0.00381687	0.00226537	0.00248655	0.0501658	0.00195609	0.0026249	0.00124411	0.00565739	0.168392	0.000482173	0.0102692	0.00434148
6	T	1.31978	0.00575388	0.0103836	0.00886694	0.0104238	0.00713358	0.00305455	0.0233473	0.0112421	0.00590687	0.00247692	0.0116381	0.0121748	0.00855899	0.0120003	0.00325342	0.0033108	0.832665	0.00406399	0.0193409	0.00440368
7	K	1.25983	0.0022407	0.014563	0.00558886	0.00582695	0.00825023	0.00277223	0.00621349	0.00480785	0.830729	0.00208616	0.00611678	0.0464419	0.0018765	0.0258444	0.00334038	0.0016932	0.00341604	0.00881052	0.0138571	0.00552422
8	R	2.1997	0.00649089	0.014467	0.00719103	0.00605516	0.00438817	0.0213164	0.00324774	0.00311445	0.00381552	0.00758126	0.0113533	0.00317277	0.130841	0.153654	0.572983	0.00602379	0.0145008	0.00399238	0.0206504	0.00516027
9	S	2.67162	0.022679	0.0130954	0.00892162	0.0179987	0.075764	0.00578057	0.00171118	0.0257235	0.0091749	0.0388432	0.012045	0.0897933	0.006184	0.128105	0.00521339	0.50552	0.0124384	0.00616961	0.00654819	0.00829161
10	Y	3.24299	0.0691527	0.00601028	0.0133849	0.00378116	0.00368286	0.00592405	0.114091	0.0321125	0.00417656	0.175273	0.068584	0.0293112	0.0278685	0.015934	0.0040234	0.0187903	0.0693244	0.0258156	0.00450103	0.308258
11	E	3.07882	0.00725574	0.0245537	0.0199311	0.39454	0.0129904	0.0360302	0.0224789	0.0469506	0.0157778	0.029952	0.161796	0.0304469	0.0093804	0.03368	0.00909496	0.00669493	0.00175269	0.117487	0.00740997	0.0117974
12	Q	3.68658	0.0293932	0.116647	0.0177393	0.00522565	0.0434989	0.00875603	0.00843491	0.0661184	0.0192806	0.0522553	0.00918583	0.210004	0.0125062	0.107555	0.0867939	0.0537501	0.0985024	0.00973169	0.0314014	0.0132201
13	M	1.53166	0.0157446	0.0418181	0.732019	0.00279701	0.000902569	0.0807972	0.0018112	0.0134648	0.000749072	0.000664303	0.0908244	0.00400944	0.000806176	0.00229862	0.00166327	0.00216836	0.000988573	0.00298925	0.000811251	0.00267298
14	E	0.795432	0.0180952	0.00232679	0.0298382	0.0457491	0.00112019	0.000256522	0.00153134	0.000759104	0.886953	0.00207629	0.00300785	0.00046415	0.000413091	0.00178034	0.00159532	0.000809449	0.000593196	0.00109613	0.000944744	0.000589633
15	T	0.610194	0.00219155	0.00532364	0.000207729	0.00143931	0.000257472	0.000361481	0.00152832	0.00134589	0.00146243	0.917708	0.00190676	0.009707	0.000178154	0.000380247	0.00114346	0.00828628	0.045415	0.000358985	0.000192207	0.000606096
16	D	1.53238	0.00305013	0.00116761	0.022633	0.00507336	0.00377721	0.508938	0.000712065	0.00611459	0.000847894	1.19343e-05	0.00636352	0.0147035	0.000134004	0.00171688	0.417432	0.0007292	0.00053994	0.000462078	0.00302413	0.00256879
17	G	2.92745	0.0126979	0.00962582	0.015695	0.00477684	0.00440051	0.331435	0.0165997	0.04816	0.0723023	0.00155647	0.0302125	0.00847248	0.270441	0.0541447	0.00310217	0.0127735	0.0840247	0.00565875	0.0117093	0.00221199
18	E	2.81695	0.00724321	0.00994893	0.0835045	0.0869328	0.0068789	0.00491542	0.00940213	0.036797	0.00364705	0.35193	0.00310447	0.00710427	0.0385507	0.0163784	0.00236895	0.00925984	0.0120894	0.276439	0.00355891	0.0299455
19	R	2.60005	0.0296576	0.0609529	0.00595485	0.0103686	0.0180898	0.0116697	0.0748878	0.00572761	0.00716954	0.00422269	0.0179452	0.00658846	0.0189825	0.00650363	0.55704	0.00930234	0.063796	0.0687432	0.010077	0.0123209
20	Q	2.54968	0.0102111	0.00927727	0.00295776	0.00630511	0.00794109	0.00591305	0.00978299	0.00582017	0.00470483	0.0106784	0.00956214	0.0040047	0.317272	0.352487	0.0496205	0.152369	0.0213114	0.00234856	0.00399105	0.013442
21	N	3.36742	0.0310267	0.00401668	0.0203523	0.00460896	0.00402107	0.0110361	0.00705069	0.0377727	0.0391469	0.248042	0.188672	0.146129	0.00226752	0.027698	0.0552829	0.0728349	0.0427871	0.0419783	0.0135614	0.00171498
22	A	2.38381	0.0707515	0.00584134	0.0012633	0.000925834	0.000668763	0.00521937	0.0394921	0.000753794	0.155079	0.0086142	0.00378732	0.00958454	0.0696891	0.00443623	0.0402715	0.029257	0.536353	0.0150155	0.00128517	0.00171179
23	T	3.29054	0.0149079	0.0482892	0.00212799	0.0428694	0.000808703	0.172482	0.337145	0.00470462	0.0067813	0.0351234	0.017397	0.0168807	0.0380627	0.0273212	0.0345852	0.0756415	0.0688518	0.0334011	0.0152733	0.00734569
24	E	3.24737	0.0134872	0.0432791	0.0174427	0.284096	0.00632172	0.00225178	0.0535367	0.108777	0.017656	0.0103069	0.00387146	0.00291004	0.0118553	0.0412401	0.0151035	0.00974068	0.153972	0.0506263	0.00157525	0.151952
25	I	1.79134	0.0184332	0.00939477	0.00572403	0.00846863	0.00386755	0.00712114	0.00110861	0.153934	0.0021943	0.00481661	0.0459247	0.00268571	0.0174668	0.00202576	0.00170886	0.00514483	0.00860196	0.683694	0.0105233	0.00716098
26	R	2.7523	0.236512	0.00497903	0.00488893	0.0104519	0.00624624	0.0174664	0.144261	0.00385115	0.253432	0.00827049	0.0108002	0.00035744	0.00636755	0.00643134	0.233295	0.008005	0.0188133	0.0219534	0.00175171	0.00186563
27	A	2.33603	0.023488	0.00106437	0.0012846	0.00958863	0.00435182	0.00229681	0.127292	0.0556421	0.00907516	0.162214	0.00998255	0.00373653	0.000321802	0.527023	0.00932896	0.00935817	0.0234883	0.0169427	0.000214759	0.00330515
28	S	3.42781	0.114563	0.0508619	0.012362	0.00243294	0.0058117	0.0960609	0.0595117	0.01186	0.182452	0.0037983	0.0393318	0.0433393	0.00272846	0.00605011	0.127503	0.169523	0.0618522	0.00121766	0.0020472	0.00669246
29	V	2.84382	0.269752	0.00652334	0.0371864	0.0525198	0.00614259	0.0125311	0.00253958	0.0792035	0.00893959	0.00208797	0.0145398	0.00414885	0.00273076	0.0604222	0.00824777	0.00746318	0.0525262	0.354724	0.0129385	0.00483367
30	G	3.07833	0.305088	0.00259569	0.0296753	0.0235228	0.00989782	0.283799	0.00880221	0.0168287	0.0168208	0.0068053	0.0626638	0.015555	0.0566305	0.0695958	0.0102277	0.0261994	0.00472156	0.0124311	0.0334601	0.00467877
31	K	2.29762	0.0101382	0.00103127	0.00741967	0.00369025	0.00231061	0.59478	0.0177786	0.0166647	0.0929136	0.0164776	0.0340656	0.0155937	0.00140926	0.0229934	0.119137	0.0133888	0.00383039	0.0142828	0.0076941	0.00440099
32	M	2.98624	0.0074255	0.0269375	0.0187434	0.00209675	0.00935763	0.00803006	0.0152381	0.0288353	0.051052	0.0262635	0.427377	0.0230435	0.0604345	0.00708802	0.016345	0.00552834	0.0189748	0.050269	0.0163475	0.180612
33	I	1.10803	0.0190642	0.0799106	0.00325702	0.0014198	0.00128135	0.00137361	0.000835144	0.0247236	0.000450523	0.00409281	0.827367	0.000542895	0.00118149	0.000488689	0.0008498	0.00154153	0.0238728	0.00542453	0.00131423	0.00100786
34	D	3.22923	0.0141368	0.289447	0.0748628	0.0218258	0.000514026	0.0145553	0.147879	0.0207598	0.0102893	0.177767	0.00392347	0.0320086	0.0013382	0.00316762	0.0552955	0.010934	0.0223734	0.00672053	0.0233566	0.068845
35	G	3.41194	0.153879	0.0470698	0.00470777	0.0175159	0.0129593	0.177706	0.0291043	0.0158581	0.0816858	0.0041373	0.0853798	0.0203921	0.00804283	0.00979644	0.0240872	0.231474	0.0454329	0.0194002	0.00597117	0.00539973
36	I	2.52633	0.0101147	0.015664	0.0366421	0.00441875	0.00496696	0.00290847	0.00335758	0.12599	0.0272392	0.0120061	0.0149626	0.00212173	0.00294941	0.217489	0.0223715	0.00641372	0.00347615	0.462806	0.0197529	0.00434895
37	G	3.15148	0.0115864	0.0578142	0.0809508	0.0119546	0.178377	0.31577	0.00726774	0.00689544	0.0114552	0.00569586	0.0114546	0.163293	0.0169861	0.0165683	0.00421979	0.0322914	0.0251685	0.0160378	0.0174405	0.00877388
38	R	3.23121	0.117891	0.0243444	0.0159197	0.0203768	0.00627731	0.0326805	0.0149994	0.0581344	0.00679038	0.248863	0.00726576	0.0084019	0.00398879	0.0938444	0.255119	0.0244723	0.0154897	0.0108737	0.0307787	0.00348921
39	F	2.67913	0.108247	0.0513263	0.0012969	0.179325	0.111661	0.00823017	0.00207532	0.0015179	0.00653254	0.000969736	0.00749585	0.00415592	0.0154765	0.000713918	0.00821489	0.0061427	0.012885	0.0129838	0.0379933	0.422755
40	Y	3.05385	0.263766	0.00418404	0.020429	0.00288376	0.00717161	0.0217289	0.0325717	0.0412364	0.00131244	0.0150973	0.00635167	0.00346379	0.0241519	0.072459	0.00141565	0.0092208	0.0930685	0.00677391	0.0893719	0.283342
41	I	3.68784	0.0329577	0.0476571	0.0260149	0.279816	0.0540026	0.063774	0.0109376	0.0604365	0.0149978	0.0340836	0.0439387	0.00238384	0.00764672	0.0548847	0.0178515	0.0636082	0.0225681	0.0112174	0.0943663	0.0568569
42	Q	3.24581	0.0163849	0.0991562	0.0273284	0.0501779	0.00759669	0.0539944	0.0959243	0.00877102	0.030022	0.0218065	0.00642503	0.006118	0.0497919	0.399594	0.0311555	0.00901985	0.0160579	0.0284757	0.0105188	0.0316817
43	M	3.246	0.0215276	0.0647816	0.0130462	0.0236954	0.00664439	0.0106677	0.00786209	0.132213	0.0270492	0.0861182	0.372669	0.0149255	0.00992228	0.0820973	0.0304277	0.00879285	0.0218621	0.0425102	0.0164663	0.00672234
44	C	3.565	0.0667585	0.199575	0.00861134	0.113603	0.0180661	0.00864354	0.00343795	0.189292	0.0351981	0.0115372	0.0202371	0.116023	0.0127944	0.0107518	0.0216705	0.0335634	0.0289947	0.0471716	0.0421625	0.0119098
45	T	2.25915	0.019326	0.106919	0.00876986	0.00103079	0.00196598	0.0185294	0.0127111	0.00603628	0.00141971	0.594453	0.0231773	0.00819283	0.00119366	0.020626	0.00615465	0.000747963	0.105474	0.0414819	0.00212605	0.019664
46	E	3.20205	0.00900209	0.0480741	0.025386	0.420491	0.00688244	0.0395962	0.0111188	0.0788863	0.0159408	0.020117	0.042651	0.0502676	0.00222162	0.0315496	0.00999145	0.0907714	0.0385012	0.00532529	0.0317952	0.0214313
47	L	3.13458	0.005546	0.0627524	0.0162131	0.00910003	0.0141936	0.0635876	0.0110147	0.0641766	0.0116058	0.411636	0.0110549	0.0492595	0.0478511	0.0124036	0.00783991	0.021524	0.127978	0.0304541	0.0177438	0.00406572
48	K	3.08961	0.010536	0.0336645	0.0527791	0.0137296	0.00585985	0.00605159	0.00639738	0.123	0.392862	0.0115489	0.0198432	0.0495357	0.00251546	0.0875699	0.00551023	0.0100811	0.0980084	0.0529851	0.0111511	0.0063714
49	L	3.11809	0.0528977	0.0220045	0.00654922	0.00393363	0.0341375	0.02935	0.0101145	0.064045	0.0155549	0.201816	0.0324549	0.00659361	0.0230991	0.0185245	0.00856917	0.0228434	0.0128984	0.370287	0.0633296	0.000997957
50	S	3.77515	0.127488	0.0416238	0.0541566	0.0179614	0.0210147	0.120239	0.0228338	0.0112314	0.0176852	0.0315485	0.00616377	0.0954061	0.112316	0.0129567	0.0166644	0.141391	0.0942067	0.0225738	0.00697087	0.0255679
51	D	2.48957	0.0467556	0.00204277	0.0791192	0.0192588	0.0207275	0.00919825	0.00155069	0.0585277	0.00983614	0.0159308	0.0184035	0.58683	0.0204466	0.0118534	0.00251061	0.0290039	0.023212	0.0397053	0.00242233	0.00266515
52	Y	3.46893	0.066341	0.0216454	0.0441622	0.0295997	0.0099134	0.186158	0.011201	0.0182237	0.139806	0.0199916	0.0311314	0.0181297	0.0023699	0.00765143	0.0168066	0.10194	0.0267505	0.0120795	0.0093924	0.226708
53	E	1.40328	0.00913782	0.0104576	0.00669603	0.0530351	0.000993676	0.00380807	0.000459219	0.0563649	0.00275084	0.00989723	0.010987	0.00558285	0.0083118	0.00163967	0.0174098	0.00607635	0.00167637	0.000148358	0.0016867	0.792881
54	G	3.33476	0.0398253	0.00922389	0.00700521	0.0988352	0.00617486	0.301915	0.0499556	0.024569	0.00699635	0.0087128	0.0201172	0.181317	0.0284632	0.0119346	0.00862956	0.102389	0.0226842	0.0220966	0.0170131	0.0321419
55	R	2.84916	0.00770675	0.00145309	0.0282794	0.00846	0.00664753	0.0145146	0.0566121	0.0108006	0.00578883	0.453837	0.00132305	0.00498519	0.11016	0.077966	0.0806131	0.00298516	0.0249832	0.0757267	0.00283683	0.0243204
56	L	3.59522	0.0420754	0.128156	0.00692239	0.00675392	0.0239238	0.0274183	0.0510363	0.0950954	0.046773	0.129978	0.0924687	0.0778161	0.0102408	0.00160302	0.00393643	0.0348941	0.192281	0.0086945	0.00100507	0.018927
57	I	3.05947	0.0101159	0.0572123	0.0138825	0.00955528	0.0083608	0.336644	0.0123975	0.232093	0.00247622	0.107232	0.0241898	0.00592257	0.0465481	0.00742773	0.00904968	0.0180852	0.0209588	0.0557724	0.0172841	0.00479169
58	Q	2.75203	0.0084188	0.00215032	0.0150103	0.00741187	0.0871556	0.0110768	0.46492	0.00662792	0.0462959	0.0151258	0.0095975	0.0275973	0.0118435	0.190495	0.0113015	0.0192432	0.023068	0.0251349	0.0144991	0.00302702
59	N	2.9083	0.0163532	0.00703315	0.0174464	0.0182548	0.00624172	0.0120998	0.196549	0.0161701	0.357531	0.01645	0.0376867	0.202223	0.0116836	0.00868365	0.00744353	0.00995111	0.0193704	0.0144207	0.00524347	0.0191645
60	S	3.00783	0.038504	0.0215552	0.0325157	0.0167352	0.00104626	0.132485	0.000317519	0.257991	0.0152763	0.0165153	0.0028883	0.0116037	0.00484212	0.0499137	0.0128346	0.0739858	0.293728	0.00131712	0.00824404	0.00770183
61	L	2.98337	0.0468463	0.00826823	0.000524626	0.000632838	0.00873594	0.0751428	0.00281222	0.0115482	0.00438454	0.115637	0.0301998	0.0351346	0.00409828	0.0137197	0.00682468	0.14815	0.108974	0.364746	0.00675373	0.00686692
62	T	2.1538	0.0540995	0.0406485	0.00144639	0.00116134	0.000292738	0.0309342	0.00572379	0.00150346	0.00912859	0.0206303	0.0242826	0.010048	0.00900663	0.00844664	0.00879669	0.645535	0.0915632	0.022723	0.0110489	0.00298061
63	I	2.69207	0.462117	0.120826	0.0464925	0.0160079	0.00516532	0.0177913	0.00905415	0.177158	0.0243866	0.029595	0.00468164	0.00216	0.0230633	0.0248889	0.00780483	0.00565114	0.00843705	0.00549085	0.00628813	0.00294097
64	E	3.57718	0.0191163	0.0124063	0.15622	0.23577	0.0248961	0.0178647	0.0135179	0.0519709	0.00318121	0.125292	0.0148713	0.0296342	0.0542237	0.0117916	0.0604729	0.0157566	0.0401067	0.00581508	0.0217021	0.08539
65	R	3.46826	0.0389753	0.00482421	0.0018395	0.057153	0.0267182	0.0760717	0.014864	0.00376141	0.0448661	0.0322018	0.00168023	0.101082	0.0514646	0.119986	0.289187	0.0500655	0.0552094	0.0114606	0.0162608	0.00232844
66	M	2.98167	0.0183355	0.0136204	0.0612654	0.0232046	0.383154	0.010142	0.00863399	0.0376302	0.0125005	0.0135036	0.251357	0.0198205	0.0162615	0.0113774	0.00789242	0.0458209	0.0279499	0.0149229	0.015062	0.00754427
67	V	3.12617	0.369483	0.0326206	0.0131745	0.0203012	0.0184399	0.0305886	0.0414098	0.0225985	0.0460802	0.0121054	0.0868571	0.033625	0.010058	0.0102289	0.00436322	0.0084034	0.0124298	0.206553	0.0100012	0.0106797
68	L	3.19598	0.0457342	0.028549	0.00352734	0.0145152	0.0522058	0.038494	0.0313276	0.403084	0.0250719	0.150089	0.00579277	0.0172562	0.0286312	0.0178359	0.0103756	0.0440193	0.0151549	0.00706007	0.0479392	0.0133359
69	S	2.89853	0.0503725	0.0412885	0.0118079	0.042824	0.012335	0.139447	0.00811894	0.00879709	0.00305047	0.0180258	0.00411234	0.014728	0.0213908	0.0169277	0.0033127	0.432142	0.135123	0.0233018	0.00847655	0.00441777
70	A	2.72304	0.133463	0.00965871	0.0263645	0.00833705	0.0103299	0.276908	0.00159202	0.00478196	0.00193414	0.0152816	0.00788989	0.0107175	0.00343854	0.00842416	0.00290094	0.228702	0.232783	0.00493676	0.00943634	0.00211935
71	F	3.4384	0.121403	0.0110081	0.152369	0.0155065	0.211877	0.00922418	0.00304994	0.00798941	0.00653705	0.0237487	0.00119328	0.0587459	0.0289375	0.0110754	0.036277	0.0678141	0.0354807	0.163546	0.00648858	0.0277308
72	D	3.11209	0.0228715	0.0753584	0.455762	0.039003	0.0531035	0.0343451	0.0321283	0.00651565	0.00721096	0.00791076	0.0269927	0.0552469	0.00890739	0.0297271	0.0255504	0.0450626	0.0498262	0.00391617	0.00868732	0.0118742
73	E	3.17644	0.0295778	0.0196897	0.00571023	0.0554575	0.0395859	0.0650694	0.00177241	0.394497	0.0162333	0.0857472	0.0208567	0.106691	0.00389702	0.00667997	0.0167352	0.0726219	0.0201123	0.0149671	0.0230227	0.00107445
74	R	3.17251	0.0134417	0.00768986	0.0196469	0.034854	0.110715	0.00530057	0.0070358	0.0129961	0.113829	0.0152314	0.0931471	0.0576107	0.00997106	0.00822637	0.384616	0.0337797	0.00997914	0.0229436	0.0274904	0.011495
75	R	2.7767	0.118721	0.00680255	0.00962545	0.0148433	0.00690478	0.0286234	0.0122357	0.00432565	0.151302	0.00280174	0.0166562	0.0298629	0.0123374	0.00500446	0.465267	0.0059037	0.00708073	0.0294873	0.0241265	0.0480891
76	N	1.33248	0.00668374	0.00447066	0.00133941	0.00842834	0.00872171	0.00806958	0.00406288	0.00921942	0.0134386	0.0209281	0.00156441	0.0422205	0.000181293	0.0030944	0.00902721	0.00750138	0.00031893	0.0195496	0.820615	0.0105649
77	K	2.22335	0.00577945	0.019909	0.0125002	0.00126024	0.00140304	0.0111388	0.0299939	0.00494467	0.0157349	0.0202299	0.290577	0.00563238	0.00129283	0.0118486	0.509329	0.0223062	0.00965897	0.0213815	0.00202023	0.00305903
78	Y	2.59384	0.00722983	0.00592551	0.00319454	0.00156885	0.416542	0.0181862	0.198156	0.0596418	0.00599187	0.00146129	0.0203072	0.0195787	0.00470308	0.00889218	0.00932242	0.00435512	0.00193842	0.0279811	0.00463104	0.180393
79	L	3.17709	0.000749065	0.14173	0.00282984	0.00496429	0.00918304	0.00876252	0.00473293	0.0306588	0.0308373	0.335516	0.103944	0.0121189	0.0481964	0.00748792	0.0262515	0.0225818	0.0309583	0.0404333	0.0054807	0.132583
80	E	3.57115	0.0495587	0.0124705	0.0782398	0.220695	0.0187392	0.0138256	0.0109494	0.0412998	0.059962	0.0331926	0.00497638	0.116011	0.001167	0.0178097	0.0130304	0.0535397	0.174989	0.0182058	0.00815629	0.0531809
81	E	3.51158	0.00900368	0.0494034	0.0143274	0.217845	0.173001	0.0675746	0.0234893	0.0370642	0.00654829	0.0670766	0.00298914	0.144068	0.0162736	0.0152919	0.0197525	0.0182125	0.0246037	0.0792953	0.00668867	0.00749253
82	H	3.50146	0.0139109	0.0913566	0.00237304	0.00359958	0.0562387	0.00470092	0.0700846	0.00877592	0.0221672	0.0636558	0.24053	0.0275526	0.00126736	0.140796	0.0443636	0.115756	0.00897492	0.0104142	0.0524273	0.0210554
83	P	3.41392	0.0744589	0.00428478	0.00195927	0.0143295	0.00777388	0.0657584	0.0594575	0.00483572	0.01169	0.0104252	0.00833577	0.0950792	0.111022	0.308234	0.00838527	0.0609975	0.0515103	0.0552542	0.0287662	0.0174433
84	S	3.12603	0.046315	0.144679	0.00324951	0.000789298	0.0154852	0.0688697	0.0110428	0.000396608	0.00257979	0.0298243	0.0224762	0.251891	0.0105826	0.018498	0.00478558	0.0888013	0.241737	0.0198796	0.00420583	0.0139129
85	A	3.04183	0.0512377	0.0413256	0.00217961	0.00323244	0.00291916	0.0279807	0.0177333	0.0120082	0.00881049	0.0172832	0.0194507	0.430417	0.0535732	0.0927811	0.0110601	0.0196995	0.0305503	0.0395275	0.001569	0.116661
86	G	3.06415	0.00920979	0.0237873	0.000295803	0.00608309	0.00954099	0.0656822	0.0339547	0.0196106	0.0357774	0.058072	0.00948427	0.40023	0.175777	0.0213731	0.00742612	0.0233527	0.0346718	0.00121848	0.0147513	0.0497013
87	K	2.52959	0.0150798	0.0263419	0.00536864	0.0227412	0.0223081	0.0105746	0.00718229	0.0516817	0.595306	0.00419804	0.0504734	0.00888659	0.023712	0.0056262	0.0357728	0.0535877	0.0293228	0.00506209	0.00525013	0.0215236
88	D	3.06555	0.00999588	0.210066	0.327713	0.0351522	0.0492496	0.00666831	0.0379762	0.0313767	0.00492429	0.0476553	0.00259658	0.145064	0.0146142	0.0151589	0.00741296	0.018397	0.0261135	0.00359487	0.00388799	0.00238339
89	P	3.74622	0.0659902	0.0387452	0.00838017	0.0132795	0.0404379	0.120306	0.0494405	0.0173881	0.010404	0.0364143	0.0113107	0.00641721	0.231569	0.0197595	0.0205568	0.0842864	0.0636765	0.0407136	0.0853615	0.0355633
90	K	2.97935	0.0172633	0.0459747	0.0151982	0.00322832	0.00810648	0.0139517	0.0157938	0.0423196	0.0821277	0.0104011	0.00183269	0.0613398	0.00121592	0.0244929	0.0644701	0.0198064	0.456733	0.085067	0.0276342	0.00304355
91	K	2.38089	0.00607903	0.0341004	0.00241669	0.00790553	0.0249997	0.00356202	0.00751264	0.00401085	0.31191	0.00317343	0.0397768	0.00559978	0.00289866	0.00995838	0.442852	0.0144003	0.0117051	0.0047735	0.0611717	0.00119233
92	T	3.03655	0.00295023	0.0553503	0.00599878	0.00730019	0.0502138	0.0284236	0.147159	0.00311543	0.0344934	0.0149909	0.0131595	0.0748147	0.00796664	0.0126682	0.00863912	0.0884179	0.404361	0.00706098	0.0263099	0.00660656
93	G	2.69475	0.0318134	0.00579189	0.0118315	0.0190157	0.0173978	0.55266	0.00536174	0.0145458	0.00902207	0.0351759	0.0582482	0.0340993	0.0829386	0.0145797	0.00693859	0.00938721	0.0267306	0.00979801	0.0458175	0.00884656
94	G	2.95905	0.0111266	0.0124209	0.226844	0.0154123	0.0117312	0.385684	0.0196042	0.016438	0.0165389	0.0252277	0.0150327	0.0971635	0.064318	0.0225471	0.0116519	0.00394606	0.018298	0.0050152	0.0108589	0.0101417
95	P	3.22683	0.00701688	0.014394	0.011643	0.018041	0.013203	0.0855018	0.0185308	0.0088656	0.013495	0.0104689	0.020506	0.154931	0.34128	0.00918938	0.0141071	0.111221	0.0244759	0.0858683	0.0284966	0.00876474
96	I	3.18237	0.0201982	0.0155603	0.0216553	0.00602123	0.0931335	0.0138803	0.0115232	0.417049	0.00934952	0.112954	0.0464648	0.0247094	0.0078232	0.0128429	0.0177723	0.0424233	0.0455188	0.0388137	0.0153318	0.0269758
97	Y	2.9214	0.0184755	0.155858	0.00649732	0.127429	0.00640132	0.0049165	0.00521489	0.0346862	0.344336	0.0194526	0.00197204	0.00995575	0.00250759	0.00646679	0.00512899	0.0229534	0.0287447	0.00180259	0.0210544	0.176148
98	K	3.52396	0.00694837	0.0308069	0.00281172	0.00480414	0.0903377	0.00384494	0.192349	0.00965339	0.218517	0.0850989	0.0616831	0.0223852	0.00717074	0.0145276	0.0621301	0.0130178	0.0638231	0.0375246	0.0509629	0.0216039
99	R	3.32595	0.00346624	0.0500104	0.00926471	0.014474	0.0143112	0.0127249	0.0103233	0.0166144	0.0560693	0.0287856	0.00498501	0.127005	0.00431984	0.180021	0.275548	0.0104197	0.0344824	0.0999708	0.0083866	0.0388178
100	V	3.67229	0.141158	0.0128545	0.0294426	0.00474732	0.0010508	0.0191421	0.0319533	0.16325	0.000958703	0.0284844	0.0228148	0.0856854	0.13584	0.0671806	0.0237979	0.112536	0.0187939	0.0564631	0.0160262	0.0278202
101	D	3.52041	0.0617851	0.0205856	0.213385	0.124004	0.00227898	0.0567954	0.0020966	0.0105113	0.0130969	0.0170275	0.0249962	0.114778	0.159182	0.0136567	0.0115237	0.0190176	0.0368952	0.0760759	0.00855184	0.0137574
102	R	2.89899	0.0169488	0.0320841	0.0047054	0.00149352	0.406856	0.00751773	0.00651676	0.0150846	0.0324168	0.0774731	0.00379851	0.00308472	0.01029	0.0115667	0.176397	0.00755872	0.0113568	0.017581	0.0443229	0.112946
103	K	2.26213	0.00128526	0.0149779	0.00488175	0.0123376	0.00316463	0.00338153	0.0665291	0.0011151	0.049885	0.0787654	0.032147	0.0165028	0.000977439	0.00352273	0.00242434	0.0681757	0.0222532	0.606956	0.0101258	0.000592049
104	W	3.009	0.00718145	0.00460966	0.00428513	0.00306559	0.3239	0.00328885	0.0131867	0.0331711	0.0282671	0.0398359	0.0254648	0.00260554	0.0142191	0.0138163	0.0104157	0.0479962	0.0118966	0.064654	0.2726	0.0755412
105	M	3.553	0.0120182	0.0480408	0.217926	0.0418405	0.037853	0.00190753	0.0398383	0.0272249	0.00551295	0.0297114	0.155607	0.149728	0.00822313	0.0290142	0.0827518	0.00241562	0.0525494	0.00371495	0.0377065	0.0164147
106	R	3.02388	0.0400184	0.01937	0.028127	0.048235	0.0232366	0.0136541	0.0119555	0.0196892	0.0235366	0.0452333	0.0250578	0.0952421	0.0248093	0.0239905	0.489401	0.0127275	0.00930455	0.0140926	0.0176407	0.0146784
107	E	3.26746	0.0182791	0.00880462	0.048851	0.371732	0.0221513	0.018884	0.024149	0.00643007	0.0211983	0.1375	0.0248308	0.0951133	0.0141194	0.0128869	0.00508466	0.0459601	0.0469308	0.0575822	0.0102066	0.00930683
108	L	3.07173	0.00464418	0.00191284	0.00131263	0.00480635	0.0455053	0.116155	0.0148344	0.00309788	0.0068067	0.139298	0.027838	0.00766689	0.350254	0.0811056	0.0302332	0.112239	0.0252748	0.0109772	0.00511774	0.0109202
109	V	2.92933	0.00850549	0.0118259	0.00700782	0.00427597	0.152584	0.0148769	0.00883339	0.245605	0.0160421	0.00556094	0.0766751	0.00606271	0.0247918	0.0238839	0.0232141	0.0133391	0.00850544	0.329516	0.0094878	0.00940604
110	L	3.06709	0.0127379	0.058243	0.00475936	0.0125651	0.0294684	0.003262	0.0562628	0.016139	0.0101329	0.453736	0.0331208	0.00359793	0.0417808	0.0407586	0.0178409	0.0070033	0.0459304	0.0663797	0.0107642	0.0755171
111	Y	2.77703	0.0182589	0.00993535	0.00455848	0.467245	0.0113129	0.0278967	0.00163456	0.0285338	0.00325754	0.0437034	0.0313849	0.112262	0.0095601	0.00269071	0.00244086	0.0131203	0.113795	0.00987713	0.00335378	0.0851791
112	D	2.98408	0.0991434	0.0245253	0.199751	0.0229677	0.00301426	0.0762183	0.022101	0.00588004	0.0102172	0.0115813	0.00837271	0.379347	0.0407271	0.0052575	0.0360765	0.0271077	0.0126401	0.00148639	0.00259719	0.010988
113	K	2.9905	0.00566913	0.013228	0.0185384	0.0373027	0.0300031	0.0054021	0.0102679	0.00553316	0.461537	0.0400624	0.0179504	0.0348802	0.00993939	0.0733844	0.0419816	0.0876544	0.0776316	0.00208895	0.0219734	0.00497168
114	E	3.50686	0.186884	0.0566877	0.041203	0.186903	0.0226882	0.0153877	0.0238013	0.0323042	0.147389	0.00348337	0.0730883	0.00897901	0.00710094	0.0961635	0.0265741	0.0152408	0.00632205	0.00186939	0.00429333	0.0436373
115	E	2.80964	0.0214534	0.0140858	0.103299	0.49674	0.00985107	0.021078	0.0053647	0.0106848	0.0182007	0.00945556	0.112872	0.0510899	0.0239077	0.0228552	0.0140623	0.00840088	0.00923865	0.00466088	0.0123576	0.0303427
116	I	2.27071	0.0114227	0.474604	0.00168784	0.00342658	0.00119428	0.00722781	0.00461184	0.104625	0.0142413	0.0148361	0.00141338	0.00961699	0.00343927	0.000942034	0.00151425	0.00433014	0.081402	0.250829	0.00326893	0.00536594
117	R	3.46345	0.0335757	0.241535	0.0166628	0.030456	0.000333106	0.0104038	0.0483127	0.00971796	0.0465303	0.160181	0.0442882	0.00517794	0.00994463	0.0709962	0.0815901	0.136852	0.00489827	0.0301256	0.00481616	0.0136016
118	R	3.30165	0.0347538	0.0373695	0.00498363	0.206869	0.00272845	0.00398691	0.00715783	0.138505	0.111924	0.0165208	0.0258212	0.00793168	0.0077514	0.184268	0.135941	0.0230272	0.00230452	0.0135583	0.0326664	0.00193255
119	I	2.99542	0.00413369	0.00735811	0.0106769	0.0076016	0.0104166	0.00915958	0.0525994	0.20312	0.0158893	0.00878179	0.0257575	0.0194736	0.0153861	0.0253887	0.0224037	0.0468595	0.0778217	0.404608	0.0193545	0.0132096
120	W	3.05945	0.025658	0.0223602	0.0105848	0.0374887	0.0839984	0.0111874	0.0563885	0.0409015	0.0229657	0.0244138	0.0153738	0.0174179	0.013638	0.0117287	0.01404	0.0508857	0.00366738	0.0109183	0.470868	0.0555145
121	R	3.42342	0.00770973	0.012943	0.0594797	0.00555049	0.00837935	0.0312949	0.0239434	0.0143465	0.0156495	0.215609	0.0483119	0.246631	0.0115985	0.00644889	0.130873	0.0403913	0.0360782	0.016447	0.0420495	0.0262658
122	Q	3.64074	0.0401455	0.0143989	0.00532486	0.0719629	0.0254792	0.0268916	0.117092	0.148023	0.0552343	0.0255693	0.0837232	0.00282186	0.0126784	0.202848	0.0856948	0.0120958	0.0186961	0.0346913	0.00858644	0.00804324
123	A	3.42652	0.272676	0.0548031	0.0437901	0.0270101	0.00283122	0.0338937	0.0184357	0.0811498	0.0259471	0.0222918	0.0433011	0.0088707	0.0557046	0.038617	0.00646934	0.212385	0.0220011	0.0211484	0.00440276	0.00427236
124	N	3.6278	0.0255882	0.0254511	0.0165918	0.0810017	0.0422104	0.0353834	0.0695997	0.0233897	0.0434735	0.0210788	0.013439	0.309505	0.109298	0.0318174	0.0280742	0.024099	0.0266863	0.0388177	0.00351769	0.0309774
125	N	3.4672	0.00964513	0.0550008	0.000650174	0.00599024	0.225556	0.0421658	0.0087826	0.0504374	0.00411319	0.181165	0.0393064	0.13879	0.00153724	0.073402	0.0326406	0.0214475	0.0162278	0.044928	0.0071868	0.041027
126	G	3.60007	0.0728834	0.0235471	0.0325969	0.025864	0.0128312	0.151464	0.0275762	0.0176448	0.0225967	0.237825	0.0600164	0.00624514	0.00221164	0.0526707	0.0247611	0.13999	0.0202254	0.033525	0.0136156	0.0219101
127	D	3.11786	0.0408492	0.0293579	0.0603227	0.0971248	0.0436069	0.036476	0.0444201	0.0569375	0.00377395	0.410956	0.0861248	0.0153351	0.00680707	0.0120184	0.00440182	0.0125871	0.00430354	0.0337477	0.000518692	0.000330446
128	D	3.14786	0.128477	0.0335003	0.036878	0.0212233	0.00291418	0.0338817	0.248755	0.00591893	0.00145477	0.246973	0.0031711	0.0911313	0.00669677	0.0026854	0.00175366	0.0257045	0.0674248	0.0159936	0.00138226	0.0240812
129	A	3.50238	0.092814	0.0328016	0.000713898	0.0354791	0.00367571	0.128405	0.00540509	0.026268	0.144722	0.0135307	0.00172186	0.0277919	0.0244348	0.123077	0.0393205	0.0223947	0.0294003	0.213749	0.00108604	0.0332092
130	T	3.33492	0.00169983	0.0256803	0.00395458	0.059506	0.0039642	0.00288257	0.28926	0.00617714	0.025969	0.0145763	0.0394965	0.0352527	0.00669739	0.0637944	0.127208	0.0798936	0.13248	0.0701384	0.00432238	0.00704831
131	A	2.86112	0.135158	0.00154438	0.00647475	0.0172049	0.00411926	0.0103938	0.00933876	0.00507949	0.00398018	0.00310567	0.238955	0.0313212	0.359109	0.0456767	0.0011848	0.0284957	0.0282736	0.0378944	0.00521368	0.0274768
132	G	3.20811	0.164296	0.0166637	0.0370351	0.00756544	0.0207643	0.36082	0.0264856	0.108825	0.00576357	0.0151999	0.0236324	0.0681922	0.0296709	0.021162	0.00490343	0.0250347	0.0387094	0.0104652	0.010864	0.00394879
133	L	3.18307	0.00693633	0.0513453	0.0446241	0.0104898	0.0646926	0.00650457	0.0298656	0.122511	0.00890309	0.317999	0.0341071	0.0130315	0.018137	0.0123302	0.00778854	0.0173033	0.0120814	0.207682	0.00779512	0.00587221
134	T	3.14648	0.0178852	0.0675618	0.137677	0.00270223	0.00463489	0.0143521	0.0300476	0.0339737	0.00293008	0.00525488	0.105693	0.0572861	0.0150683	0.0288024	0.00458406	0.0739173	0.36832	0.00865212	0.00922581	0.0114316
135	H	3.03203	0.0165259	0.0239478	0.0112023	0.00571019	0.157518	0.00834105	0.434548	0.00826538	0.00742805	0.0124477	0.0124512	0.00959978	0.0339422	0.0635449	0.0153154	0.0278441	0.0255834	0.0309629	0.0363906	0.0584317
136	M	3.32338	0.0185269	0.246361	0.00803029	0.0233782	0.0223908	0.0339589	0.0112212	0.0487061	0.000205974	0.111096	0.12903	0.0137499	0.0073492	0.0193664	0.00490281	0.0195887	0.0139121	0.218224	0.0274211	0.0225798
137	M	2.76322	0.00248454	0.0409679	0.0085202	0.00518045	0.213687	0.00919902	0.00344616	0.0222809	0.00509134	0.0281568	0.428656	0.00418213	0.0196654	0.0225869	0.0102127	0.00305062	0.0186673	0.103859	0.00937332	0.0407322
138	I	2.87458	0.0320956	0.0208902	0.0158122	0.00900247	0.0141673	0.023397	0.00651892	0.495157	0.00912157	0.0899651	0.0862827	0.020259	0.0604361	0.0246738	0.00276632	0.0139546	0.0320283	0.00621305	0.033013	0.00424575
139	W	2.88421	0.00421146	0.0157348	0.021012	0.0111496	0.0117907	0.0459852	0.00473457	0.0600311	0.00706399	0.206691	0.00793989	0.00736528	0.0107835	0.00789665	0.014165	0.00763563	0.00876923	0.00394532	0.269608	0.273487
140	H	3.35187	0.0284845	0.0146089	0.0144777	0.0198568	0.0239256	0.0108919	0.229443	0.0900443	0.00695055	0.00896444	0.017301	0.0162263	0.0225355	0.150646	0.0018864	0.207462	0.00770623	0.0254691	0.0135753	0.0895444
141	S	3.41625	0.0076317	0.0896157	0.0487363	0.0560897	0.0126605	0.0747968	0.0198977	0.00591071	0.0132631	0.035547	0.0119552	0.0264834	0.0153005	0.0375217	0.0142809	0.352017	0.0719327	0.0128826	0.0148391	0.0786375
142	N	3.22334	0.0717209	0.0076645	0.0154466	0.00553952	0.0142363	0.0399389	0.0661282	0.0122075	0.0457001	0.0172237	0.023828	0.383431	0.00947064	0.0250372	0.0108568	0.0222109	0.00691631	0.0301132	0.152903	0.0394254
143	L	2.26802	0.0237003	0.0179668	0.00809204	0.0133794	0.0120473	0.00393801	0.0062416	0.6028	0.0124142	0.157748	0.0112609	0.00274662	0.00456932	0.018641	0.00395008	0.00952516	0.00252758	0.0368599	0.0224891	0.0291027
144	N	3.13626	0.0750731	0.0815257	0.0362041	0.00699803	0.0179678	0.0370481	0.00879995	0.00586715	0.0209743	0.0115577	0.0202085	0.438323	0.019486	0.0433226	0.00351063	0.048254	0.0259264	0.069887	0.0188756	0.0101905
145	D	2.93731	0.0125682	0.00707673	0.27657	0.0105033	0.00371734	0.0279439	0.337085	0.0213119	0.0894224	0.0141859	0.0209168	0.0106457	0.032532	0.00411912	0.00374375	0.0202382	0.0782093	0.00841945	0.00787622	0.0129152
146	T	3.00128	0.0559563	0.0147812	0.0165791	0.00587356	0.00967599	0.0459135	0.0148381	0.00371728	0.00872736	0.0119462	0.00453753	0.00961311	0.0330913	0.0256837	0.00232595	0.340924	0.184966	0.184605	0.0138136	0.0124313
147	T	3.33637	0.0236847	0.144484	0.00636303	0.0055374	0.0433251	0.0255818	0.0789876	0.0865228	0.0219217	0.0240912	0.0165567	0.033171	0.0107468	0.0316625	0.0126907	0.00496931	0.343936	0.0604931	0.0120688	0.0132063
148	Y	2.56206	0.00895111	0.00851113	0.0239291	0.0122074	0.012511	0.0019175	0.0152445	0.0885167	0.0093805	0.0127965	0.0286925	0.0161689	0.00901498	0.0529171	0.00886152	0.00780052	0.104343	0.00984163	0.0115721	0.556823
149	Q	2.82499	0.013698	0.0326272	0.0105333	0.0157898	0.00944901	0.00550269	0.0103428	0.00958095	0.0565791	0.0231999	0.0312013	0.00464198	0.0136331	0.459759	0.0175562	0.0281679	0.041746	0.00684364	0.197305	0.0118427
150	R	2.90928	0.0116491	0.0202751	0.0115238	0.0351032	0.00694911	0.0026249	0.0302865	0.0108415	0.0398284	0.340159	0.0142791	0.0111669	0.00325128	0.00418866	0.283327	0.0887429	0.00564233	0.00824316	0.0591651	0.0127536
151	T	2.6727	0.00845275	0.00673582	0.0124716	0.0221671	0.00848851	0.00668547	0.0577965	0.00352581	0.0208786	0.0411914	0.0331375	0.00951624	0.00524919	0.00366419	0.0110978	0.339215	0.366189	0.00779225	0.0107422	0.0250027
152	R	2.83429	0.0320889	0.0081818	0.00284582	0.0166392	0.00681377	0.00144453	0.0436604	0.00691346	0.204188	0.00713202	0.0149174	0.0851654	0.0494737	0.055885	0.417462	0.00524712	0.0041886	0.02328	0.00931369	0.00516044
153	A	3.17779	0.437009	0.0714952	0.03036	0.04202	0.00462443	0.032168	0.0133909	0.00923685	0.0125024	0.0111064	0.0145199	0.0182846	0.0386547	0.0714472	0.0288776	0.0249578	0.0250697	0.0745554	0.00464824	0.0350709
154	L	2.89964	0.0255577	0.131115	0.0208034	0.0484606	0.00709114	0.00493617	0.00407131	0.0886001	0.03298	0.430389	0.00626399	0.00132776	0.0203757	0.00332631	0.00961749	0.0167626	0.0158136	0.11451	0.0130542	0.00494458
155	V	3.2984	0.0194966	0.00826403	0.00994959	0.00220186	0.0175651	0.0268289	0.0391596	0.161398	0.106644	0.0379442	0.00725684	0.0255697	0.0100863	0.000819062	0.0333724	0.103347	0.0278688	0.316421	0.00963018	0.0361769
156	R	2.86676	0.0183583	0.0288436	0.0132365	0.0244438	0.00420581	0.0254854	0.005342	0.0330653	0.0461275	0.0136893	0.00435829	0.0209068	0.0262963	0.00903828	0.485584	0.0144035	0.12035	0.0895113	0.00827135	0.00848307
157	T	3.34757	0.0442529	0.103657	0.0281134	0.00133988	0.00358611	0.0118842	0.00321928	0.157144	0.0204947	0.0132102	0.00565577	0.0815792	0.00286319	0.0349664	0.0119453	0.0573849	0.222252	0.175625	0.0120664	0.00876034
158	G	2.66281	0.036456	0.0327074	0.00384751	0.0113629	0.00204624	0.118157	0.0469348	0.000519923	0.00287166	0.0115379	0.452341	0.00203885	0.00406294	0.0266843	0.00174035	0.10972	0.12739	0.00428724	0.000863784	0.00443107
159	M	2.43682	0.0256742	0.0143614	0.000359947	0.00581704	0.00644257	0.010134	0.00176532	0.108274	0.0109734	0.502613	0.209064	0.0201671	0.00806461	0.0219626	0.00805497	0.00976896	0.00165824	0.0189831	0.00922713	0.00663499
160	D	3.02965	0.00450286	0.0460247	0.335029	0.255319	0.00875389	0.00764404	0.0194598	0.00799101	0.0164865	0.0143798	0.00351545	0.00924715	0.0311476	0.0995463	0.0178362	0.012287	0.0602321	0.0215959	0.022933	0.00606854
161	P	3.36603	0.234262	0.0300202	0.0199894	0.0165881	0.00755099	0.191712	0.0125417	0.0110645	0.0808278	0.00770387	0.036221	0.0209355	0.160187	0.0318482	0.0182121	0.0846635	0.0200492	0.0100762	0.00441549	0.00113283
162	R	3.0748	0.171601	0.00437406	0.0264397	0.0374823	0.00439657	0.0236374	0.00952356	0.024755	0.0399171	0.0173922	0.0114819	0.0193631	0.0464066	0.0207156	0.421728	0.0459673	0.00200916	0.0292326	0.0222712	0.0213059
163	M	3.55013	0.0387751	0.0161509	0.0158066	0.0388974	0.094775	0.0206824	0.0335045	0.232307	0.0058035	0.0355981	0.155535	0.000336183	0.00117693	0.0285543	0.00433845	0.0223906	0.043036	0.107456	0.0860274	0.0188487
164	C	3.10892	0.232439	0.194565	0.00117173	0.0049021	0.00348091	0.0198105	0.0102649	0.018246	0.0529166	0.00440295	0.0160226	0.0806374	0.0311944	0.0109989	0.0128504	0.00632024	0.0195767	0.249347	0.0124285	0.0184239
165	S	2.9112	0.0932615	0.0987296	0.0268891	0.00240675	0.00884184	0.0469632	0.00892606	0.00888618	0.00180505	0.00608193	0.00653242	0.0356977	0.0717036	0.0155565	0.00680374	0.391498	0.162329	0.0026938	0.00143874	0.00295447
166	L	3.32008	0.00736451	0.00915332	0.0825147	0.0861451	0.00480874	0.0140129	0.0367006	0.00875431	0.0122045	0.147536	0.106667	0.0456011	0.00369404	0.243372	0.00108382	0.142733	0.025914	0.0173629	0.00321724	0.00115965
167	M	3.30781	0.00633171	0.0660913	0.00546321	0.0138719	0.0467874	0.0180422	0.0243727	0.0728064	0.00331213	0.0676219	0.324731	0.0245124	0.0137654	0.0996834	0.0191508	0.149867	0.00483993	0.0202197	0.00585388	0.0126755
168	Q	3.37618	0.0436067	0.0315926	0.012315	0.0209712	0.0284515	0.0133847	0.0119678	0.0143237	0.0183142	0.0438625	0.0028311	0.0974691	0.0674276	0.291961	0.0718788	0.186345	0.00419158	0.0200092	0.0128074	0.00628948
169	G	2.35524	0.0267841	0.0224319	0.00480144	0.585288	0.00751922	0.138825	0.0441973	0.0114458	0.00568821	0.00562725	0.00256803	0.0496578	0.00657601	0.022863	0.00499605	0.0144304	0.0089146	0.0330428	0.00258157	0.00176168
170	S	2.98658	0.00984878	0.026652	0.0118029	0.0257638	0.0792903	0.0610228	0.143623	0.0288338	0.00895901	0.0272586	0.00868515	0.0239428	0.00800159	0.0174167	0.0274119	0.448362	0.00897068	0.00900574	0.019801	0.00534707
171	T	3.11727	0.00163804	0.229544	0.246983	0.0231815	0.0455225	0.0343876	0.00722848	0.0347335	0.00872591	0.0195759	0.0704185	0.0169007	0.00404846	0.00736476	0.00832866	0.00354931	0.200934	0.0159676	0.00309739	0.0178699
172	L	2.36503	0.108887	0.0274325	0.00381879	0.000669598	0.0103307	0.0029833	0.00288287	0.0549731	0.0130069	0.147966	0.00751248	0.00774661	0.00364778	0.547956	0.00435334	0.0120146	0.00970873	0.0210168	0.0081148	0.00497859
173	P	3.16069	0.0602016	0.00269407	0.00331093	0.019481	0.0226647	0.00996841	0.185979	0.0101397	0.0200816	0.0282156	0.0107483	0.012517	0.243555	0.167495	0.00876488	0.160893	0.0125757	0.00887601	0.00706894	0.00476999
174	R	2.67384	0.00324643	0.0172358	0.00540483	0.0137306	0.00323301	0.115451	0.0131357	0.00967239	0.0712468	0.0051165	0.0206108	0.136508	0.0268388	0.0092201	0.476456	0.00207002	0.00312269	0.00132347	0.0565084	0.00986809
175	R	2.58637	0.0134927	0.00576292	0.0119608	0.0699825	0.00534473	0.0128648	0.0125078	0.00404652	0.209989	0.0181067	0.0183098	0.0234278	0.00527674	0.00360677	0.496562	0.00570882	0.0156025	0.0280222	0.02547	0.0139547
176	S	3.20102	0.098921	0.0547747	0.0225932	0.0323159	0.00932307	0.179956	0.0199859	0.022687	0.0150821	0.0165823	0.0157816	0.00924085	0.0033906	0.0110811	0.0032483	0.341879	0.0923327	0.0262208	0.0144998	0.0101037
177	G	2.54226	0.0104529	0.00680667	0.00587655	0.0471812	0.177551	0.536244	0.0123075	0.0108766	0.0184678	0.0243865	0.0149262	0.014045	0.00506679	0.0087275	0.0356505	0.00819539	0.0118483	0.00555385	0.0343019	0.0115342
178	A	3.3893	0.349332	0.0604728	0.00434609	0.028956	0.00681554	0.0160107	0.00749362	0.0395094	0.0709013	0.0294311	0.00798837	0.0241162	0.0402608	0.105298	0.0645429	0.00801953	0.0827299	0.0102827	0.0213955	0.0220979
179	A	2.394	0.609827	0.013205	0.00794357	0.014397	0.00765241	0.0521753	0.00875749	0.0132068	0.0111707	0.01185	0.0198256	0.0121116	0.0104994	0.0305038	0.00337782	0.104397	0.00929164	0.0367066	0.011075	0.0120265
180	G	2.48473	0.019505	0.0106545	0.0645829	0.0302373	0.222703	0.509787	0.00721059	0.00765583	0.0117788	0.00753148	0.0124029	0.0162585	0.00338152	0.00836362	0.025656	0.00618358	0.00505009	0.00836773	0.0120413	0.010648
181	A	3.36872	0.185574	0.203285	0.0122108	0.0146105	0.0187209	0.00225863	0.111389	0.00754789	0.0282053	0.0953809	0.0111048	0.0151097	0.00171719	0.158918	0.0165947	0.0587506	0.030485	0.008291	0.00893447	0.0109103
182	A	3.44223	0.364779	0.0324747	0.0245286	0.00725071	0.00375348	0.0552502	0.0495388	0.0247569	0.00914829	0.0301157	0.0138171	0.0700598	0.0447938	0.0426083	0.0222811	0.0434781	0.0141687	0.0230922	0.0261898	0.0979148
183	V	3.21659	0.133927	0.0554168	0.00329598	0.0185078	0.0100469	0.0269103	0.0125039	0.198459	0.0356472	0.00443128	0.00414004	0.00509385	0.041772	0.0105423	0.0161837	0.0264562	0.0370037	0.310422	0.00625379	0.0429865
184	K	2.90487	0.0983684	0.0138402	0.00528114	0.00440538	0.0151314	0.0116805	0.00416605	0.028393	0.447413	0.00844208	0.00667053	0.00696503	0.0192647	0.0534924	0.0590106	0.0121039	0.0129453	0.0257701	0.144822	0.0218334
185	G	3.13138	0.0862076	0.0192441	0.0513368	0.0786007	0.00936182	0.312991	0.172005	0.00236703	0.00118432	0.00569233	0.0185219	0.11108	0.00711074	0.00858761	0.00441209	0.0461074	0.00187791	0.00344662	0.0021829	0.0576835
