# POSITION WT SITE_ENTROPY PI_A PI_C PI_D PI_E PI_F PI_G PI_H PI_I PI_K PI_L PI_M PI_N PI_P PI_Q PI_R PI_S PI_T PI_V PI_W PI_Y
1 M 3.54596 0.0221025 0.0306854 0.0598541 0.0271311 0.0342763 0.01369 0.0819489 0.0217346 0.0317726 0.0162724 0.365486 0.0401502 0.0408832 0.0271045 0.0545026 0.0203378 0.0203092 0.0237838 0.0357217 0.0322537
2 A 1.42582 0.805139 0.00849838 0.00876071 0.0128038 0.00604493 0.00290425 0.0186441 0.00313731 0.0082364 0.00266066 0.0553152 0.00684049 0.00326712 0.0123706 0.00530421 0.00567799 0.00245835 0.00676156 0.0182165 0.00695861
3 S 2.70612 0.0175401 0.00130559 0.00526497 0.0028778 0.0203079 0.0114831 0.00675046 0.0487785 0.00772665 0.266216 0.0194484 0.0260141 0.00654538 0.00183432 0.00636979 0.194859 0.0157484 0.00509654 0.00467967 0.331153
4 Q 3.30899 0.0173649 0.0500288 0.00876386 0.0452766 0.143945 0.00339527 0.00479484 0.0435492 0.00594178 0.275209 0.011188 0.0502015 3.99921e-05 0.0566801 0.000308227 0.0218766 0.0216254 0.0977392 0.00158588 0.140486
5 G 2.19352 0.010441 0.0105102 0.0350755 0.00812888 0.00486727 0.603721 0.00444379 0.00573152 0.0108762 0.144803 0.0241469 0.00827809 0.00271315 0.00367355 0.00728409 0.0851644 0.00521732 0.00509737 0.0148716 0.00495439
6 T 1.11942 0.00796793 0.00521496 0.00489493 0.0063372 0.00580849 0.00388082 0.0199519 0.00542936 0.00371747 0.00419475 0.0190323 0.00846617 0.00440798 0.00718285 0.00281623 0.00308096 0.863124 0.00476914 0.0150691 0.00465317
7 K 1.19347 0.0022782 0.0267705 0.00671079 0.00907931 0.00278575 0.00365821 0.00264662 0.00634067 0.840852 0.0019264 0.0090047 0.0401242 0.00121843 0.00647674 0.00274209 0.00179391 0.00232314 0.00352756 0.0191661 0.0105748
8 R 1.70959 0.00424494 0.0203718 0.00887428 0.00752144 0.00787194 0.00884811 0.00475254 0.00325778 0.00327157 0.0428349 0.0105238 0.0077976 0.0208294 0.0275556 0.761414 0.00555646 0.0146275 0.00632795 0.0269126 0.00660656
9 S 2.68718 0.0238443 0.0118087 0.00318814 0.00423863 0.0164719 0.00966939 0.00960522 0.0691081 0.00245862 0.0716952 0.0944409 0.100714 0.00151074 0.0484714 0.00102338 0.494631 0.00660816 0.0185108 0.0067276 0.00527421
10 Y 3.12062 0.35152 0.0170752 0.0158218 0.00926491 0.0719024 0.00341005 0.0774468 0.00958577 0.0373714 0.0131496 0.0559146 0.0350205 0.00176753 0.00370062 0.000753239 0.0308264 0.0129838 0.0531008 0.00658151 0.192803
11 E 2.44965 0.00989359 0.0039414 0.0706354 0.379033 0.0111736 0.00304737 0.00413103 0.0264234 0.0142635 0.00412087 0.0198566 0.00546642 0.00232295 0.0123353 0.0179627 0.00160712 0.0118798 0.0296804 0.367868 0.00435644
12 Q 2.72364 0.0784151 0.0433968 0.0178415 0.000282539 0.0119157 0.00190334 0.00924172 0.0564054 0.491935 0.00944073 0.00184923 0.0321307 0.000913957 0.0767311 0.0119668 0.108606 0.0236405 0.0140464 0.00835876 0.000978816
13 M 2.70389 0.00617022 0.188729 0.0799753 0.0102447 0.00434257 0.000836952 0.0408993 0.0213966 0.00300405 0.0023313 0.464987 0.0576314 0.0167212 0.00788109 0.00419329 0.00774865 0.0286532 0.0136263 0.0151617 0.0254664
14 E 2.20415 0.0180908 0.00715247 0.0434042 0.629237 0.0152362 0.0137536 0.00385516 0.0150016 0.129675 0.00899549 0.0134416 0.00543363 0.00200575 0.0234079 0.00771294 0.0023997 0.00394871 0.0255887 0.0263965 0.00526396
15 T 2.82895 0.00406341 0.0199913 0.00564829 0.0574885 0.0112703 0.00464624 0.0620384 0.0154899 0.00817038 0.0178297 0.0104259 0.065659 0.0144929 0.0418957 0.00543273 0.103146 0.492623 0.00738428 0.0453088 0.00699475
16 D 2.80646 0.0422096 0.00787005 0.489579 0.14503 0.00899759 0.00596863 0.0202993 0.0264347 0.00749744 0.00309964 0.0296487 0.0153577 0.00611822 0.00815156 0.013969 0.0543264 0.0043772 0.0394847 0.0221857 0.0493943
17 G 2.27731 0.00312861 0.0125708 0.00452174 0.00817951 0.00450249 0.574311 0.00276529 0.0129486 0.0448536 0.00864376 0.0214011 0.0131688 0.188166 0.0274264 0.00206079 0.0337777 0.00488374 0.00680107 0.0213162 0.00457167
18 E 3.41229 0.0530254 0.0318344 0.0129754 0.272552 0.00681937 0.0434682 0.00409007 0.00402616 0.0203166 0.0676817 0.00885422 0.126914 0.0775611 0.0617934 0.00644677 0.0166149 0.0137437 0.00162422 0.0231234 0.146535
19 R 2.45964 0.013557 0.0211363 0.0151353 0.0113474 0.0299636 0.00509174 0.0538917 0.00904959 0.00652617 0.00243371 0.0300839 0.0633773 0.0198718 0.0117464 0.604485 0.00456172 0.0263644 0.00545514 0.0103358 0.0555859
20 Q 1.40709 0.000486968 0.00239933 0.0002544 0.0017118 0.0006998 0.00148436 0.000853013 0.00111249 0.000381731 0.00169402 0.00325955 0.00111259 0.162026 0.115036 0.00363978 0.693809 0.005178 0.00262981 0.00129694 0.000933655
21 N 0.989463 0.000183355 0.00316687 0.00117833 0.854711 0.000171807 0.00263053 0.00246008 0.000356372 0.0391205 0.0016562 0.000915393 0.0444973 0.00219718 0.0014734 0.00260477 0.0182098 0.0236095 0.000382916 0.000305505 0.000168695
22 A 3.31819 0.243968 0.0323193 0.243574 0.00336542 0.0107981 0.00484686 0.0254261 0.0418142 0.0911271 0.00972825 0.00704148 0.00917284 0.0129958 0.0721392 0.0571341 0.0401053 0.0553811 0.0355642 0.00224863 0.0012498
23 T 3.19383 0.0125027 0.0140619 0.00636261 0.0141028 0.00849784 0.00554413 0.0749952 0.00709402 0.00800558 0.0110128 0.0123252 0.234417 0.00952756 0.207962 0.00971316 0.0670766 0.168046 0.00704402 0.110496 0.0112136
24 E 2.50097 0.00668076 0.00327012 0.0349978 0.597477 0.00375367 0.0112621 0.0221921 0.0085828 0.0180932 0.0206737 0.0115158 0.0226355 0.00329668 0.0235078 0.02627 0.0743684 0.0484867 0.0160908 0.00557054 0.0412739
25 I 2.83063 0.00382542 0.00261396 0.006261 0.00374229 0.0077913 0.01304 0.00323112 0.266806 0.141588 0.013533 0.0195098 0.00241564 0.0403559 0.263042 0.166755 0.0016775 0.00340168 0.02052 0.0117502 0.00814074
26 R 2.38629 0.147322 0.00821705 0.00844159 0.00973072 0.00962407 0.00339627 0.00234352 0.0113394 0.0237879 0.0138552 0.0274898 0.00295658 0.00637498 0.00833942 0.571623 0.072574 0.0129666 0.0117682 0.00574473 0.042106
27 A 2.56535 0.197294 0.0174245 0.00227235 0.0112518 0.00222777 0.0171736 0.0479386 0.00597097 0.0196859 0.00209924 0.0277926 0.0338846 0.00229217 0.0209592 0.503941 0.0055678 0.0483051 0.00641558 0.0230891 0.00441422
28 S 2.75444 0.0635654 0.0324429 0.00472251 0.0138272 0.23867 0.037686 0.0225279 0.00783592 0.0314223 0.00649507 0.0216715 0.0429068 0.00335896 0.00704714 0.0141625 0.429071 0.00219402 0.00300272 0.00585066 0.0115405
29 V 2.44985 0.0134961 0.030527 0.0220291 0.0159396 0.00882261 0.00435038 0.00250553 0.395152 0.0119398 0.00846465 0.0128095 0.00544094 0.0155456 0.00725203 0.00301584 0.0558692 0.00748574 0.363449 0.011647 0.00425898
30 G 0.745677 0.00293254 0.00117319 0.00108487 0.0046673 0.000304526 0.0287995 0.000778106 0.000493037 0.00188175 0.003619 0.000789759 0.00113695 0.00576094 0.894876 0.000195517 0.00293197 0.000287065 0.000124418 0.0477218 0.000442002
31 K 1.78382 0.00138751 0.00503843 0.00431566 0.662033 0.00184956 0.00547786 0.00824651 0.00226398 0.17148 0.00123677 0.0395358 0.0047191 0.000751738 0.0353173 0.0371259 0.000790401 0.00772262 0.000809883 0.00621273 0.00368528
32 M 1.57912 0.000843249 0.000159913 0.00322294 0.000595793 0.000295279 0.000550298 0.00102659 0.00727075 0.00333018 0.000408022 0.0347954 0.0424129 0.000737158 0.000571483 0.000390399 0.401659 0.00098955 0.499465 0.000310686 0.000964908
33 I 1.45845 0.0036122 0.0069334 0.00715631 0.00127049 0.00128606 0.00377352 0.00177452 0.0833878 0.000823745 0.762755 0.0099759 0.00172282 0.00189162 0.00116434 0.000465443 0.000191387 0.0409856 0.0217192 0.0472503 0.00186044
34 D 3.2896 0.0686605 0.0113147 0.0833579 0.132511 0.0719942 0.00678355 0.0159116 0.0125888 0.0103015 0.0156474 0.0205441 0.00388786 0.00718181 0.297833 0.034919 0.122528 0.0759487 0.00142224 0.00501481 0.00164772
35 G 3.08393 0.00463936 0.0864841 0.0478282 0.0118411 0.0412943 0.431079 0.00738569 0.0694455 0.00542501 0.015584 0.014454 0.0901604 0.00559656 0.00709643 0.00985511 0.0623015 0.0167922 0.0114505 0.0288249 0.0324622
36 I 2.94233 0.00560607 0.0117581 0.0101084 0.0102783 0.203854 0.00448002 0.1274 0.353982 0.00852693 0.0195169 0.0492013 0.00539556 0.0082488 0.0604848 0.083728 0.00408095 0.00327924 0.0063128 0.0178209 0.00593757
37 G 2.60144 0.00666549 0.00802572 0.0341052 0.226853 0.0125606 0.485308 0.0448757 0.00620993 0.0306966 0.016535 0.0190168 0.00567987 0.00297577 0.0359062 0.00856833 0.0125023 0.00290849 0.0175185 0.0108212 0.0122673
38 R 3.14487 0.0102848 0.0380134 0.0207063 0.00884248 0.0624185 0.0855551 0.00413899 0.00911908 0.0105634 0.0106537 0.0239209 0.0772683 0.0127954 0.0223343 0.366844 0.0151709 0.00283101 0.0144016 0.177206 0.026931
39 F 2.30317 0.579593 0.0202294 0.0050018 0.00672486 0.178077 0.0423942 0.00182852 0.00541947 0.01549 0.00974146 0.0237187 0.0253103 0.0105832 0.0130038 0.0189383 0.00268876 0.0272191 0.00576795 0.00337145 0.00489833
40 Y 2.46454 0.00366698 0.00614784 0.0256251 0.00634458 0.0131825 0.00972779 0.129629 0.0152793 0.0220217 0.00470983 0.0115571 0.0233985 0.0110948 0.0433074 0.0335761 0.0064704 0.036075 0.00304599 0.0155609 0.579579
41 I 3.19618 0.0180519 0.141563 0.00222277 0.0575646 0.00312878 0.0175265 0.0318693 0.152631 0.00633377 0.0901263 0.0467878 0.00560509 0.00502582 0.00350819 0.00390381 0.146533 0.251274 0.00626707 0.00377092 0.00630635
42 Q 1.84062 0.0216328 0.00607054 0.00335267 0.00605829 0.00633525 0.00391488 0.0203385 0.00367502 0.617947 0.00361073 0.00779268 0.00974614 0.00865941 0.247508 0.00916006 0.00431003 0.00544334 0.00337029 0.00753885 0.00353455
43 M 2.96805 0.030337 0.00696256 0.00556241 0.00353725 0.00555785 0.00644048 0.0562045 0.0190343 0.327452 0.185203 0.17067 0.00860417 0.0141604 0.0137858 0.104609 0.00919352 0.00859604 0.00357704 0.0170272 0.0034853
44 C 2.97718 0.0107507 0.251571 0.00822783 0.0147034 0.0192421 0.00600831 0.00283016 0.200967 0.280996 0.0208614 0.019022 0.0507889 0.00563426 0.0284997 0.0169678 0.00757218 0.00200568 0.0132779 0.0315667 0.00850615
45 T 2.90983 0.00557499 0.100718 0.0276806 0.0205156 0.00946498 0.0218141 0.00507476 0.00640627 0.00764596 0.124624 0.0140013 0.0357613 0.00227318 0.00422192 0.00598385 0.0353966 0.414258 0.137981 0.0157532 0.00484914
46 E 2.88082 0.042613 0.050213 0.0467883 0.223526 0.0454145 0.00293459 0.00422172 0.00919363 0.0460351 0.00550353 0.00357876 0.0251752 0.0103567 0.0196491 0.406521 0.00613607 0.0032986 0.00763405 0.0347625 0.00644421
47 L 2.94901 0.00663407 0.0395138 0.0127529 0.0113564 0.0266246 0.0102735 0.0135629 0.00797283 0.143276 0.427823 0.0241655 0.0174372 0.00930124 0.00984965 0.146814 0.0142336 0.0272998 0.0219279 0.0206453 0.00853557
48 K 2.4526 0.514208 0.0078833 0.00637499 0.00607408 0.0118372 0.00245271 0.00463367 0.00722164 0.142673 0.00434683 0.0110257 0.0204701 0.0291604 0.0131437 0.000993179 0.134514 0.0672202 0.00366477 0.00980182 0.00229871
49 L 2.55665 0.51219 0.0031719 0.000612057 0.00334827 0.0102537 0.0173068 0.00885318 0.00211277 0.00709858 0.111582 0.0365245 0.00870261 0.0215807 0.00963727 0.123639 0.00318144 0.0257132 0.0206435 0.0734192 0.000427662
50 S 2.97591 0.108629 0.00407073 0.0227819 0.257251 0.000217335 0.28939 0.0569523 0.00724242 0.0120766 0.00357618 0.0044684 0.000942995 0.00868728 0.0324445 0.00903779 0.0793497 0.083616 0.00480184 0.00910623 0.00535732
51 D 3.19719 0.02637 0.0192956 0.242971 0.0146145 0.00588056 0.249405 0.00176086 0.0392121 0.00550097 0.140545 0.0712548 0.00386827 0.0798431 0.00718554 0.0133802 0.0277247 0.0256102 0.00646542 0.00966097 0.00945168
52 Y 2.74945 0.0593782 0.000880122 0.00703734 0.00223907 0.0825182 0.00585381 0.056357 0.005404 0.00196144 0.0110963 0.0114923 0.00381045 0.00213725 0.000432632 0.0102515 0.225975 0.363775 0.000755877 0.0243043 0.12434
53 E 2.61251 0.0252377 0.00833164 0.118162 0.50539 0.0131508 0.00596882 0.0247595 0.0126123 0.0233023 0.0120504 0.0623894 0.0110771 0.00177057 0.00694708 0.133332 0.0153258 0.00187189 0.00774141 0.00688911 0.00369126
54 G 3.37746 0.126649 0.0568997 0.00660245 0.0422198 0.0083922 0.319812 0.0321946 0.0191265 0.0257988 0.0063981 0.027542 0.0146999 0.0275787 0.0197307 0.0319824 0.154181 0.0106357 0.0305774 0.0341613 0.00481708
55 R 3.18719 0.0314589 0.0889266 0.0452868 0.0184674 0.00559119 0.00398108 0.0749135 0.0377843 0.0309879 0.00760791 0.0332254 0.0131776 0.0266916 0.150754 0.375508 0.00981239 0.0270987 0.00783555 0.00435772 0.00653333
56 L 2.88813 0.020418 0.298318 0.0367395 0.00205817 0.0109863 0.0160628 0.00359604 0.00962114 0.00157727 0.135523 0.184915 0.20886 0.00687627 0.00765447 0.00809431 0.00422852 0.0229421 0.00796834 0.00730649 0.00625214
57 I 1.62953 0.00456305 0.00100835 0.0426601 0.0117849 0.000440133 0.00536729 0.000542415 0.0827092 0.0015744 0.713285 0.0977964 0.000508272 0.0037229 0.00085001 0.00801713 0.00260751 0.000732669 0.014915 0.00143803 0.00547703
58 Q 2.94201 0.0768529 0.0187618 0.00499379 0.0234546 0.0127261 0.011593 0.0168165 0.00157763 0.0132631 0.0220684 0.0234075 0.105477 0.0161605 0.467404 0.0665474 0.0645609 0.00673619 0.0282995 0.0151009 0.00419785
59 N 2.62349 0.0528414 0.0235685 0.049596 0.0324391 0.0203354 0.0283301 0.00531229 0.00512451 0.0133035 0.0304868 0.00985126 0.567711 0.0082478 0.0185771 0.0769941 0.00229219 0.0224805 0.0220798 0.00353119 0.00689765
60 S 2.98975 0.00880018 0.190198 0.00906291 0.0175071 0.00907122 0.0310655 0.0105204 0.0049981 0.0140757 0.0187076 0.0631652 0.0300023 0.00695145 0.0117806 0.0205339 0.409759 0.0903033 0.0173942 0.0117738 0.0243301
61 L 3.09365 0.0187356 0.0060923 0.00130048 0.00321386 0.0185616 0.0133149 0.0073015 0.0120681 0.00911628 0.279779 0.0194805 0.015923 0.0794022 0.0196114 0.00455827 0.20999 0.129622 0.13397 0.00758372 0.0103751
62 T 0.606878 0.00251115 0.00243261 0.000324216 0.00018775 0.00429991 0.00140708 0.000495541 0.00551318 0.00112054 0.00114271 0.00321582 0.927239 0.0175901 0.00113308 0.00254506 0.0038078 0.0225188 0.00126447 0.00113143 0.000120021
63 I 2.54574 0.0192206 0.00431506 0.0106847 0.0035699 0.0317716 0.0109175 0.00238273 0.423191 0.00710053 0.0361346 0.00476382 0.010246 0.309851 0.00921931 0.0396805 0.00681146 0.0424315 0.00713717 0.00989731 0.010674
64 E 3.15164 0.0391145 0.0106342 0.0148359 0.415184 0.0727909 0.00724156 0.0276934 0.0341807 0.0143151 0.0221848 0.0123226 0.101779 0.0840432 0.00441116 0.0197034 0.00907294 0.0535158 0.00310291 0.00931856 0.0445559
65 R 2.90368 0.0156272 0.00617155 0.0637361 0.0982628 0.0125115 0.00544004 0.0285341 0.00535355 0.225694 0.00382685 0.00643431 0.0361183 0.02099 0.00869701 0.389606 0.0177035 0.00973819 0.00875985 0.026965 0.00983027
66 M 3.09344 0.0135033 0.0157199 0.0667653 0.0219866 0.0268335 0.0172333 0.0193614 0.0589614 0.0160757 0.0108137 0.458355 0.0935009 0.00569165 0.0314771 0.0297469 0.0148354 0.0135848 0.018799 0.0542446 0.0125111
67 V 3.4691 0.0601459 0.0698952 0.037325 0.0334525 0.0234908 0.0229788 0.0311066 0.0387906 0.024416 0.024605 0.0479097 0.0461255 0.0105579 0.025735 0.0232801 0.0120398 0.0393645 0.388083 0.0156559 0.025042
68 L 3.20829 0.0883956 0.0440817 0.0244443 0.0232739 0.0572411 0.00719265 0.00924988 0.225362 0.017159 0.333965 0.0224117 0.0181427 0.0232994 0.00643284 0.0203832 0.0111621 0.014056 0.00906913 0.0263779 0.0183007
69 S 3.11968 0.0294086 0.0309747 0.00275609 0.00636379 0.0101929 0.0762368 0.177844 0.0963464 0.0157063 0.00954328 0.0120481 0.0138634 0.0292407 0.00809598 0.0106111 0.337864 0.11181 0.00382425 0.0107287 0.00654034
70 A 2.52796 0.166919 0.0165852 0.263671 0.00811904 0.00408595 0.381844 0.0276062 0.00967809 0.00294655 0.00108355 0.0199413 0.0288767 0.000176979 0.000557977 0.00140451 0.0496081 0.00502855 0.00333676 0.00307533 0.0054552
71 F 2.27358 0.0275395 0.00561209 0.0533055 0.00552973 0.0969653 0.0954844 0.00203869 0.0108359 0.0158573 0.000612853 0.00413806 0.00183173 0.0626756 0.00228224 0.00166857 0.0059917 0.00168631 0.0131465 0.00737911 0.585419
72 D 2.20301 0.00614409 0.0176698 0.205975 0.0235542 0.00806741 0.0111684 0.00814341 0.00190856 0.0142162 0.00829084 0.00783769 0.0114309 0.00441753 0.00238919 0.0630373 0.00429971 0.0228973 0.00176385 0.571504 0.00528375
73 E 2.14105 0.0335198 0.0541246 0.00492017 0.0276906 0.00207782 0.000566718 0.00884722 0.000826225 0.0146075 0.000355804 0.00602436 0.000658171 0.000211118 0.00667646 0.00219667 0.00778661 0.0447276 0.516755 0.267079 0.000347678
74 R 3.12908 0.00749197 0.0068146 0.00548898 0.0176969 0.00944894 0.00660487 0.0140591 0.0143678 0.156267 0.188462 0.0254085 0.0104861 0.0141885 0.0180855 0.304344 0.044157 0.0129725 0.0214984 0.115455 0.00670233
75 R 2.93613 0.0434709 0.114199 0.00125959 0.0255435 0.0377325 0.00343639 0.0246207 0.00574464 0.0162911 0.00279039 0.0126108 0.0854487 0.00349014 0.00392324 0.190086 0.00959646 0.376779 0.00916926 0.031197 0.00261025
76 N 3.21929 0.0793945 0.15949 0.0105646 0.127975 0.00604995 0.00307409 0.00612412 0.038702 0.00978803 0.123012 0.00834745 0.29578 0.00091088 0.00894701 0.0261853 0.0242512 0.0272611 0.019649 0.0134223 0.0110719
77 K 3.34501 0.0160258 0.177513 0.0143438 0.0407211 0.0142113 0.00940736 0.0696496 0.126161 0.0541331 0.0658258 0.000297242 0.0454648 0.0429531 0.014628 0.263817 0.011699 0.000759768 0.0311383 0.000452257 0.000799257
78 Y 2.72689 0.0577398 0.0709169 0.0790476 0.0041523 0.421008 0.00757534 0.0129336 0.021049 0.00926485 0.00267885 0.0100184 0.00407727 0.0148718 0.00292546 0.0200023 0.00649222 0.00622335 0.00411019 0.0158007 0.229113
79 L 3.00177 0.0940854 0.0937038 0.00744632 0.0151127 0.00649749 0.00430849 0.00323324 0.0208982 0.0587188 0.431969 0.0564899 0.00614163 0.00778485 0.0939799 0.0147217 0.0326297 0.0108378 0.00841571 0.0184383 0.0145861
80 E 3.4333 0.0160197 0.00249375 0.0361002 0.244439 0.0127098 0.0151334 0.0691416 0.0151788 0.0172134 0.0228095 0.0228912 0.161016 0.000834074 0.00407958 0.00741109 0.0116878 0.120294 0.114665 0.0479673 0.0579148
81 E 3.27514 0.00684582 0.0526075 0.0199518 0.40684 0.0393419 0.0416202 0.015644 0.0299576 0.0440528 0.0457408 0.00582665 0.0281341 0.0228369 0.00716594 0.0348892 0.0474364 0.0113923 0.108459 0.00560003 0.0256565
82 H 3.31293 0.0336312 0.00321233 0.000806665 0.00792417 0.0332907 0.00187536 0.0917919 0.00546883 0.135946 0.0114186 0.0963103 0.00543785 0.00764504 0.287929 0.0450448 0.00542181 0.0261695 0.0216594 0.106283 0.0727344
83 P 2.18421 0.0305635 0.0178621 0.000553595 0.000401333 0.00897468 0.0113195 0.00119851 0.0660314 0.00462596 0.0108896 0.0636581 0.00560772 0.110217 0.616196 0.0239621 0.00214011 0.0117606 0.00810928 0.00162846 0.00430068
84 S 2.90141 0.0220605 0.349208 0.00706943 0.00124756 0.000327955 0.149973 0.000395323 0.000437661 0.00390494 0.00472555 0.0704233 0.0627158 0.00427389 0.0215344 0.00453304 0.0839133 0.168607 0.0171067 0.0251877 0.00235433
85 A 2.74059 0.130887 0.00492014 0.00387708 0.00226064 0.0104148 0.0303649 0.0194731 0.00553627 0.0184799 0.00513202 0.013643 0.0110313 0.0141388 0.00480231 0.26867 0.132894 0.318398 0.00214388 0.0017942 0.00113991
86 G 2.67167 0.031469 0.0102244 0.00140902 0.00673336 0.00536942 0.123716 0.339063 0.00106427 0.00571768 0.0337538 0.025395 0.312119 0.040614 0.00996142 0.00425231 0.0142016 0.0314439 0.000973845 0.00126365 0.00125552
87 K 2.02528 0.00150841 0.00600233 0.0311081 0.031987 0.00589423 0.00698803 0.00985674 0.0060016 0.701511 0.00463218 0.0510425 0.0277534 0.0187047 0.0100568 0.00980418 0.0270131 0.00951402 0.0158514 0.0185441 0.00622601
88 D 3.02499 0.00122177 0.0222471 0.425685 0.0258398 0.0110174 0.0326936 0.0275829 0.0623835 0.00923846 0.0178319 0.0636486 0.161659 0.00727985 0.0096033 0.00844461 0.0431217 0.02121 0.0341469 0.00818208 0.00696247
89 P 2.8173 0.0771608 0.0122874 0.00133052 0.0081579 0.237117 0.0278646 0.00398109 0.00379158 7.9826e-05 0.00697419 0.00562495 0.00308937 0.0929124 0.00818077 0.0108385 0.33822 0.00189326 0.122268 0.00630144 0.0319268
90 K 3.51417 0.02922 0.0135191 0.0256396 0.0471716 0.00136485 0.0220515 0.230451 0.0327985 0.137189 0.0657688 0.0788978 0.0603345 0.001806 0.00525401 0.0295912 0.100635 0.107669 0.00426992 0.00575811 0.000609917
91 K 2.14193 0.0192587 0.00747093 0.00531078 0.0101646 0.071355 0.00761666 0.0179358 0.0101229 0.674247 0.00967425 0.00917664 0.0214442 0.00654753 0.00556719 0.0496749 0.0229483 0.00842461 0.0150422 0.0205708 0.00744681
92 T 2.80154 0.110222 0.0110978 0.00840855 0.00620171 0.0110538 0.114982 0.0249034 0.00427432 0.00494994 0.0375118 0.0165105 0.0470565 0.0473623 0.0214469 0.00198736 0.0165708 0.482419 0.0197016 0.0087316 0.00460721
93 G 2.68419 0.00394266 0.0116071 0.00609889 0.028872 0.0102795 0.488712 0.00604056 0.00622508 0.0181827 0.00293199 0.0176938 0.0168466 0.194654 0.0591823 0.010142 0.0362641 0.0229246 0.0065201 0.0238851 0.0289956
94 G 2.84243 0.00854802 0.0117263 0.0440991 0.0397264 0.021542 0.52334 0.097056 0.012178 0.0110588 0.0129281 0.0282439 0.0174934 0.0102208 0.0265857 0.0111121 0.0113701 0.0376417 0.00748909 0.0281955 0.0394449
95 P 3.0663 0.00939221 0.115926 0.0128476 0.0117351 0.00695973 0.0132759 0.0115458 0.0802424 0.199597 0.00851079 0.0164752 0.0134534 0.229175 0.0162483 0.00176923 0.224567 0.00923853 0.00375795 0.00791839 0.00736501
96 I 3.17087 0.0267705 0.00735304 0.160844 0.00634645 0.00480446 0.00307643 0.015579 0.289383 0.0259895 0.142884 0.0234607 0.00767378 0.0180778 0.0230565 0.00351946 0.00983663 0.00174466 0.0557595 0.0254619 0.148377
97 Y 2.80762 0.0337754 0.174939 0.0291725 0.0090884 0.00737203 0.0515806 0.0112729 0.0356573 0.00495878 0.00335076 0.0086136 0.0115129 0.00572522 0.0747197 0.0121367 0.0265452 0.0232644 0.00320858 0.0107429 0.462363
98 K 2.55434 0.00321001 0.0084422 0.00588126 0.0119957 0.00573029 0.00260141 0.0961906 0.0129705 0.438797 0.0223959 0.0100294 0.0117952 0.021608 0.26765 0.0358556 0.00678532 0.0218731 0.00566794 0.00618137 0.00433899
99 R 1.81023 0.0019801 0.0186123 0.00208526 0.00689838 0.027501 0.0203117 0.00822692 0.00671181 0.688776 0.000985613 0.00439848 0.0012098 0.00294954 0.0128611 0.147557 0.00348944 0.0200583 0.010681 0.00708244 0.00762445
100 V 3.65815 0.0240397 0.0240321 0.049336 0.0352944 0.0346231 0.00642941 0.057006 0.0254155 0.0319803 0.118226 0.197961 0.00877721 0.14838 0.00985585 0.00185358 0.021256 0.00674596 0.110829 0.0192232 0.0687349
101 D 2.74534 0.00575586 0.00669862 0.328147 0.013594 0.0070783 0.0057104 0.0182821 0.00410162 0.00395515 0.230646 0.0103124 0.00625057 0.00952115 0.0623409 0.226054 0.0100207 0.0116972 0.0251557 0.00829099 0.00638775
102 R 2.75308 0.00246524 0.0134056 0.00189803 0.00391234 0.00481542 0.321337 0.00353775 0.00243565 0.144634 0.232205 0.00318906 0.00540139 0.00520408 0.00541773 0.134549 0.059492 0.0115475 0.00118572 0.0339125 0.00945512
103 K 3.15775 0.328747 0.0146702 0.00531049 0.0181128 0.00500739 0.0315134 0.0265181 0.0123498 0.163398 0.0123008 0.0329223 0.026571 0.0142931 0.0455983 0.0208083 0.00201703 0.0386997 0.183275 0.00952944 0.00835758
104 W 2.76422 0.0117889 0.0135801 0.0257735 0.0210283 0.0776011 0.00830167 0.00699389 0.0289513 0.0153292 0.00799165 0.0122734 0.0104098 0.00689417 0.006846 0.0992561 0.0705463 0.00999839 0.032665 0.517581 0.0161903
105 M 3.65265 0.0265336 0.0537537 0.0370844 0.0398614 0.0605378 0.00716711 0.0532884 0.112513 0.0026802 0.00618509 0.171692 0.0196598 0.205345 0.0300705 0.0475179 0.0119983 0.033292 0.0650765 0.00381411 0.0119294
106 R 2.71155 0.0766226 0.0103158 0.0323696 0.0584598 0.0297132 0.0254763 0.0142818 0.00845763 0.0145643 0.00389142 0.0204178 0.00861517 0.00622438 0.0154098 0.549102 0.0488973 0.00565269 0.0125075 0.0452305 0.0137908
107 E 2.89601 0.0192888 0.0295667 0.175684 0.453321 0.0297072 0.0110707 0.0152649 0.0109145 0.0124875 0.014537 0.0150664 0.0364076 0.00301278 0.0214452 0.00637205 0.00758692 0.00647077 0.0467829 0.0158032 0.0692104
108 L 3.17001 0.0102863 0.0264673 0.00665656 0.00814926 0.0306993 0.121547 0.0133059 0.0225348 0.00917954 0.364142 0.0269034 0.00784165 0.0147343 0.169359 0.0318083 0.00661702 0.0633704 0.020476 0.0326731 0.0132485
109 V 2.96406 0.0336964 0.325129 0.025511 0.00651385 0.0267762 0.0214505 0.0423917 0.00851709 0.00954742 0.0206263 0.0134313 0.00623332 0.0133189 0.0396401 0.00994435 0.0419836 0.0107718 0.319952 0.00455125 0.0200149
110 L 2.77314 0.00271199 0.00908251 0.0175713 0.0391341 0.00898748 0.0263958 0.0533651 0.0968717 0.00586486 0.523688 0.0138525 0.0259724 0.0028532 0.0167787 0.0203114 0.0183521 0.0445616 0.0542279 0.00474318 0.0146744
111 Y 0.505397 0.000414327 0.000943305 0.00224099 0.000747268 0.000508309 0.000517789 0.00158803 0.00378659 0.000393565 0.0021481 0.939385 0.00168259 0.000883717 0.00208179 0.000202295 0.000161265 0.00556306 0.00748406 0.0013617 0.0279065
112 D 2.95651 0.0145325 0.00364858 0.228997 0.0414131 0.00824607 0.00207585 0.00501641 0.00372415 0.00273865 0.117968 0.0355284 0.294705 0.0761407 0.0063045 0.00365034 0.0143048 0.00468279 0.00282223 0.125077 0.00842263
113 K 2.43216 0.00291705 0.00781671 0.0179627 0.0202735 0.0102841 0.0040359 0.0043752 0.00750209 0.568452 0.00494415 0.0159425 0.0250224 0.00342392 0.0326908 0.0687814 0.0100695 0.00512475 0.0187147 0.14227 0.0293966
114 E 3.36024 0.00763327 0.0038678 0.0431556 0.287385 0.0504843 0.0245834 0.00412575 0.0455676 0.192404 0.0134182 0.01032 0.0233732 0.0481318 0.0730688 0.00689024 0.0219498 0.103357 0.00830382 0.0127134 0.0192664
115 E 2.72009 0.0800401 0.00943469 0.110839 0.529803 0.0126899 0.0100379 0.027347 0.00589442 0.0148583 0.00918698 0.0221383 0.0176757 0.0258996 0.0120507 0.0378784 0.014418 0.036185 0.00741093 0.00926377 0.00694799
116 I 2.6662 0.0074923 0.139326 0.00730882 0.00897866 0.0492247 0.0032179 0.0164207 0.518721 0.0356414 0.0114799 0.00676347 0.0430829 0.0100661 0.0178042 0.00633694 0.00812625 0.00928083 0.0488032 0.0491306 0.00279484
117 R 3.15197 0.0337535 0.0983197 0.0651433 0.0259799 0.0108333 0.00355169 0.00517671 0.00287036 0.0698893 0.0075878 0.0272676 0.00733019 0.018197 0.0273629 0.389909 0.00803411 0.0165222 0.130933 0.0237615 0.0275768
118 R 3.02176 0.00943889 0.0224331 0.0177482 0.0680885 0.00957252 0.0195735 0.00850404 0.0121167 0.020566 0.0186762 0.0307852 0.0150465 0.0363295 0.0177431 0.438132 0.00546849 0.0261444 0.015256 0.167699 0.0406779
119 I 3.16124 0.00799879 0.0142136 0.0472988 0.0118866 0.0115615 0.0165801 0.0173847 0.407802 0.00685538 0.0218097 0.0300943 0.0232976 0.00863944 0.112838 0.0141041 0.014976 0.110423 0.0230555 0.0280475 0.0711333
120 W 2.55692 0.026204 0.025066 0.0755801 0.0101302 0.0130564 0.00866149 0.0158193 0.0656247 0.0201743 0.0300648 0.0135028 0.0144687 0.00919217 0.0110536 0.00961432 0.0190322 0.0255478 0.00592613 0.59045 0.010831
121 R 2.41393 0.0257933 0.00911155 0.00342199 0.00433291 0.00563598 0.022001 0.0259054 0.0159521 0.00675381 0.0315027 0.0116664 0.0224895 0.00299086 0.00429923 0.257471 0.501224 0.0103414 0.0291501 0.00593922 0.00401661
122 Q 1.81041 0.00136199 0.0252351 7.12234e-05 0.00143349 0.5672 0.00225063 0.00729231 0.0709178 0.00201035 0.00500204 0.0011077 0.000292528 8.71147e-05 0.013535 0.000587379 0.00171332 0.0280676 0.270952 0.00062759 0.000254943
123 A 2.94713 0.454368 0.0144878 0.00652446 0.0897511 0.0242202 0.026846 0.00549903 0.00691658 0.00534742 0.00935698 0.0226056 0.0124711 0.0086524 0.00504224 0.0498956 0.0553206 0.0135903 0.0740874 0.104971 0.0100475
124 N 3.00096 0.0179421 0.015354 0.00422487 0.00340307 0.0642776 0.0997364 0.0164504 0.0266938 0.0172868 0.0115687 0.0147902 0.407161 0.0061712 0.0389959 0.0121601 0.0433711 0.0102454 0.0115161 0.172366 0.00628476
125 N 3.49332 0.0379591 0.0102932 0.033287 0.0286724 0.0122284 0.0914518 0.0514203 0.0169235 0.00822081 0.0740227 0.024046 0.35177 0.0155492 0.0447092 0.0283162 0.0512521 0.020078 0.0213251 0.012444 0.0660304
126 G 2.99501 0.0862805 0.00315979 0.00679991 0.179737 0.00830598 0.210595 0.00465961 0.0127664 0.00438919 0.034783 0.00308625 0.223341 0.000796476 0.00832569 0.0237944 0.160621 0.00296139 0.00193395 0.0140415 0.00962243
127 D 3.17589 0.00682293 0.00136904 0.057279 0.0103667 0.188834 0.00392993 0.0155971 0.0113501 0.000330877 0.0319024 0.0131445 0.0315487 0.000927156 0.146528 0.0608046 0.00656746 0.196103 0.195281 0.0200762 0.00123812
128 D 3.30758 0.0425653 0.0255539 0.115815 0.0183013 0.0103231 0.003151 0.0195856 0.0386216 0.0255336 0.0207464 0.00595327 0.243029 0.00959097 0.0595928 0.00801771 0.0428722 0.0541188 0.250751 0.00257177 0.00330566
129 A 3.43322 0.28784 0.00930811 0.00800994 0.0686215 0.00601653 0.100687 0.0113968 0.0241188 0.0179277 0.10317 0.010597 0.0353795 0.00772876 0.0450344 0.0265186 0.129302 0.0695216 0.02801 0.00661517 0.00419656
130 T 2.51918 0.0101272 0.00554559 0.00300958 0.000949399 0.00653015 0.00645879 0.00575798 0.000395106 0.072297 0.0108342 0.159935 0.0635033 0.00163565 0.00474494 0.00268723 0.000171068 0.0481616 0.45732 0.138269 0.00166765
131 A 2.94018 0.484302 0.0529448 0.0113742 0.00718236 0.00823972 0.0820653 0.0375523 0.00548285 0.0145592 0.0174368 0.0504686 0.0467932 0.0224355 0.0354486 0.0043614 0.0731974 0.00707944 0.0146587 0.0156705 0.00874755
132 G 2.88781 0.0154265 0.0108735 0.01156 0.0126153 0.0118455 0.486359 0.0452395 0.058485 0.0140465 0.0165912 0.0220938 0.00793076 0.0240005 0.102894 0.00507229 0.0658023 0.00307489 0.0120599 0.00960905 0.0644212
133 L 2.8036 0.168541 0.00855931 0.0126962 0.0149287 0.00730726 0.00603666 0.00788194 0.0877924 0.0116803 0.457041 0.0341195 0.00583904 0.0203593 0.0695626 0.0204738 0.00352916 0.0373215 0.00635097 0.00769871 0.0122803
134 T 2.83422 0.0327843 0.082123 0.00645992 0.0870592 0.00680658 0.00256048 0.012609 0.00599967 0.00216239 0.0100338 0.0245243 0.00660174 0.00354557 0.0145122 0.0144739 0.0729812 0.446037 0.141484 0.0208892 0.0063527
135 H 2.84592 0.0902004 0.0939136 0.00291725 0.0378084 0.0862864 0.00831844 0.456019 0.0189853 0.0206813 0.00460222 0.0178939 0.00867461 0.00697426 0.0980542 0.00543301 0.00586857 0.018159 0.00715102 0.00802454 0.00403493
136 M 2.10757 0.00730927 0.000511995 0.00687315 0.00307123 0.048444 0.00603696 0.0080582 0.5746 0.00471128 0.0518188 0.2168 0.00671929 0.00235936 0.00669173 0.00462 0.00252444 0.00232848 0.0112084 0.00931459 0.0259987
137 M 2.53146 0.00472698 0.00638853 0.0668895 0.00590217 0.0186212 0.00699215 0.0186132 0.0259689 0.00645946 0.0285809 0.581442 0.0164914 0.00989059 0.0287088 0.0229443 0.0107265 0.0218304 0.00898483 0.0128322 0.0970061
138 I 2.85763 0.0660874 0.00873697 0.00396777 0.00335036 0.0437694 0.0425449 0.0116935 0.462287 0.0312537 0.0490294 0.160751 0.0161838 0.00351278 0.011403 0.00388349 0.0178994 0.0215098 0.0214344 0.0147646 0.00593752
139 W 2.64809 0.027526 0.0212416 0.0139665 0.0183199 0.02338 0.0809797 0.0148691 0.0267603 0.0156622 0.0279019 0.0472052 0.0113091 0.0210389 0.00929785 0.0231075 0.00715236 0.0100902 0.00801736 0.577488 0.0146866
140 H 2.84532 0.0196124 0.0339867 0.0156479 0.0157736 0.0185448 0.0229535 0.532481 0.0422253 0.00906772 0.0118152 0.0132436 0.0163883 0.0126399 0.0495969 0.0103785 0.0286679 0.0716932 0.00528418 0.0475694 0.0224306
141 S 2.48574 0.0314184 0.0241091 0.0125021 0.00842497 0.0227291 0.0213013 0.0238209 0.00998574 0.022013 0.0143366 0.0252446 0.00976408 0.0399464 0.0173198 0.0146513 0.62776 0.00799663 0.0151194 0.0236765 0.02788
142 N 2.53076 0.0087908 0.0146248 0.0131509 0.0132089 0.00993756 0.00469284 0.0119609 0.0147689 0.0673217 0.00623576 0.0389954 0.477336 0.00583164 0.0113811 0.00772404 0.250518 0.00969967 0.00541787 0.0190636 0.00933849
143 L 2.55336 0.00682452 0.0107128 0.0209147 0.00660859 0.0309395 0.0243813 0.00607331 0.0161304 0.0163545 0.60033 0.0563732 0.0274578 0.0252804 0.0173368 0.00384235 0.0153041 0.0162095 0.0203819 0.0543844 0.0241602
144 N 2.71033 0.0673021 0.0117964 0.0127595 0.0248388 0.0128573 0.00974081 0.0122156 0.00750681 0.0390253 0.0124461 0.0452772 0.535442 0.00724362 0.10966 0.00355234 0.0295036 0.0169141 0.0162069 0.0131104 0.0126008
145 D 2.44666 0.0578217 0.0113605 0.606353 0.089292 0.0094436 0.0131042 0.0246968 0.0141161 0.0078079 0.00401684 0.0284832 0.0239757 0.0112904 0.0213997 0.0102473 0.00559719 0.00627182 0.015085 0.0251392 0.0144976
146 T 3.17818 0.0593582 0.00797129 0.112653 0.00535375 0.0080307 0.00356743 0.0164601 0.0225654 0.0192318 0.021794 0.0320952 0.0248745 0.00736733 0.0305085 0.00834213 0.29378 0.25112 0.049472 0.0118174 0.0136369
147 T 2.73559 0.00443828 0.0137755 0.0321396 0.0702398 0.0130225 0.003747 0.0347338 0.0598921 0.0207117 0.00352736 0.0194962 0.0218243 0.0144808 0.0181271 0.0390455 0.0102263 0.551631 0.0289957 0.0139808 0.0259642
148 Y 2.48547 0.00704643 0.0179006 0.0338841 0.0075795 0.0305124 0.00592153 0.0357826 0.0408247 0.00800781 0.0031025 0.0463424 0.0147748 0.0198599 0.0180987 0.00637225 0.0444102 0.0185931 0.00633371 0.0235548 0.611098
149 Q 2.32219 0.00294077 0.0810112 0.0024202 0.00338911 0.00719436 0.00673568 0.0113663 0.0250839 0.0188108 0.0121308 0.0102924 0.00358256 0.0106687 0.277863 0.485111 0.0044146 0.0177945 0.00908229 0.0051976 0.00491027
150 R 2.46038 0.0175139 0.0145932 0.0159949 0.0188181 0.017694 0.0419437 0.0284683 0.0106481 0.0247952 0.00742326 0.0148822 0.0142062 0.015738 0.0505812 0.620159 0.00535438 0.010422 0.00588656 0.0529739 0.0119036
151 T 2.56663 0.00702894 0.00768335 0.05486 0.00890628 0.00928542 0.0196872 0.0052147 0.00324779 0.0585976 0.00400096 0.0177639 0.016605 0.00480841 0.0077484 0.080438 0.109459 0.543953 0.00853771 0.0219937 0.0101797
152 R 2.69774 0.00159609 0.00524012 0.00378793 0.0152504 0.1323 0.170315 0.00851199 0.0107523 0.0149083 0.00364459 0.0259406 0.00461269 0.0103619 0.0615507 0.431008 0.0122866 0.00219249 0.00317094 0.0796064 0.00296402
153 A 2.09264 0.688783 0.0118332 0.0405874 0.00839145 0.00553492 0.027209 0.00584778 0.0117218 0.0100642 0.0397548 0.0233941 0.00652592 0.0228784 0.00970829 0.0016965 0.0445792 0.0152405 0.0130489 0.0044339 0.00876637
154 L 2.59262 0.0079442 0.00913649 0.010251 0.0269019 0.0172867 0.00519427 0.0139335 0.12281 0.0144668 0.554183 0.0131384 0.0265062 0.0054392 0.0137121 0.0779104 0.017775 0.0248256 0.00769949 0.013473 0.0174118
155 V 2.66309 0.00854802 0.00743185 0.0135654 0.0096783 0.0298319 0.0196588 0.00735595 0.0140094 0.0106919 0.0172543 0.00671134 0.0125283 0.00399077 0.15888 0.0109238 0.373898 0.0152113 0.274561 0.00401524 0.0012535
156 R 2.83394 0.0112565 0.00914101 0.0158951 0.167476 0.0170803 0.0412167 0.00356232 0.00158374 0.0083892 0.00608126 0.00370981 0.00326041 0.0397846 0.00502386 0.444815 0.0436264 0.00309335 0.0573168 0.0720823 0.0456064
157 T 2.34237 0.0607338 0.0789095 0.00055183 0.000591713 0.000545417 0.00436961 0.00380273 0.554045 0.00775522 0.00249102 0.00550642 0.00466998 0.00123315 0.0290337 0.007769 0.0589797 0.136689 0.0197564 0.0181048 0.0044625
158 G 2.38408 0.0264816 0.00942163 0.00352047 0.0423961 0.0103652 0.518425 0.00748204 0.0387909 0.00923975 0.0126567 0.00551981 0.236643 0.012488 0.00239569 0.00582087 0.0307571 0.0125086 0.00409992 0.00801771 0.00297106
159 M 2.61182 0.0439523 0.0246638 0.00645666 0.0278831 0.00271867 0.00360654 0.0060748 0.0272878 0.00340786 0.219103 0.458505 0.00307748 0.00935163 0.0147844 0.00588701 0.0084983 0.00719143 0.10202 0.0119356 0.0135942
160 D 2.28765 0.012988 0.021889 0.493996 0.03114 0.00429571 0.0193154 0.00286214 0.00943903 0.00326244 0.00661217 0.301099 0.00619554 0.00381522 0.0170115 0.0152125 0.00499799 0.0148008 0.0140612 0.00755228 0.00945508
161 P 1.09711 0.843665 0.00114395 0.00337574 0.00277723 0.000357149 0.0287398 0.000115991 0.00690583 0.00479148 0.00279986 0.000918961 0.0070466 0.0565733 0.000496797 0.00406998 0.0177723 0.00484181 0.0121882 0.000540002 0.000880248
162 R 2.37617 0.0110211 0.0284914 0.00280311 0.0143235 0.0110281 0.0490908 0.00213944 0.0123608 0.0922075 0.00528767 0.036781 0.00456776 0.0103761 0.00227448 0.610094 0.0157486 0.0136596 0.00910899 0.0284019 0.0402339
163 M 3.1063 0.00110281 0.0704471 0.00270099 0.0103259 0.0309601 0.0189581 0.00289476 0.165677 0.0131659 0.208691 0.265379 0.011158 0.001824 0.0498147 0.0029846 0.0396636 0.00483049 0.0131749 0.0837373 0.00251034
164 C 1.42073 0.753757 0.0449339 0.000428181 0.00208361 0.00106662 0.0240454 0.00043895 0.00161284 0.0046621 0.00118289 0.0022848 0.119684 3.5347e-05 0.0049932 0.00187739 0.000393223 0.00206666 0.00681025 0.0194658 0.00817772
165 S 3.01445 0.165611 0.0149415 0.0244333 0.00330703 0.00878817 0.129842 0.0229057 0.00297654 0.00221438 0.0192806 0.0607833 0.0407694 0.0142228 0.00851269 0.0051074 0.386246 0.0239689 0.0209407 0.00368534 0.0414636
166 L 2.64945 0.0576111 0.00539722 0.0270074 0.0322104 0.0138155 0.00719707 0.00385523 0.0112531 0.00334268 0.513906 0.0919242 0.00428196 0.00764837 0.105432 0.00726985 0.0111905 0.0689869 0.0031096 0.0204179 0.00414375
167 M 2.61913 0.0297888 0.00694085 0.0197404 0.0214148 0.00526013 0.306099 0.00437593 0.0125229 0.0027806 0.0127049 0.407295 0.0693383 0.0170121 0.0265365 0.00167746 0.00392822 0.0113308 0.0168671 0.0125522 0.0118334
168 Q 2.92888 0.0897784 0.0041033 0.00624154 0.00926584 0.0791564 0.00449658 0.0090339 0.125071 0.0162252 0.0161329 0.0150441 0.0188409 0.00370979 0.424344 0.0095809 0.030737 0.00360955 0.100059 0.00488658 0.0296824
169 G 2.57913 0.0703427 0.0189013 0.00908881 0.00515712 0.00893647 0.460006 0.00716651 0.026354 0.258968 0.0255004 0.00827063 0.00418477 0.0175719 0.00774511 0.0173433 0.0114066 0.00902423 0.0065986 0.00668825 0.0207442
170 S 2.31442 0.0110988 0.00732221 0.0206795 0.00891771 0.0841477 0.00725388 0.0124583 0.00840022 0.0232939 0.0107654 0.013332 0.0200369 0.0148868 0.00689874 0.0411537 0.636974 0.0200539 0.00526628 0.0402225 0.0068374
171 T 2.16197 0.00548904 0.0155791 0.0104066 0.0282381 0.0239986 0.00369836 0.0076138 0.0201068 0.00903839 0.0184712 0.0888223 0.0249686 0.00443801 0.0161195 0.0093827 0.00510122 0.667176 0.0130683 0.0176794 0.0106045
172 L 2.407 0.014191 0.0215818 0.0206263 0.0265395 0.0115715 0.0137352 0.0302848 0.0791839 0.00749468 0.623 0.0322391 0.0083263 0.0200951 0.0240562 0.00688081 0.014339 0.0311369 0.005283 0.00477595 0.00465956
173 P 2.56043 0.0739083 0.0294908 0.00785313 0.0208067 0.0109534 0.0132624 0.0216135 0.0039535 0.0251981 0.0191988 0.00443773 0.0418841 0.588935 0.0130431 0.0127447 0.0161376 0.0507308 0.0300342 0.0108066 0.00500736
174 R 2.62455 0.00837563 0.0088024 0.135753 0.0172023 0.032727 0.0104504 0.0087321 0.00860287 0.0435588 0.00436415 0.0497088 0.00560472 0.00984215 0.0452022 0.534279 0.00424801 0.0266695 0.0100406 0.0327825 0.00305377
175 R 1.73185 0.000562634 0.0020743 0.00384885 0.00151007 0.00267214 0.0294132 0.00209981 0.00102606 0.679605 0.00379108 0.0112507 0.00789067 0.000721873 0.0303783 0.169216 0.00121264 0.00919659 0.00437018 0.0233065 0.0158526
176 S 2.48469 0.0962465 0.00595408 0.00737426 0.00449806 0.019695 0.070635 0.0434514 0.00398598 0.0185221 0.0179809 0.00988529 0.0157293 0.0110113 0.00586166 0.0100311 0.58397 0.0379805 0.011252 0.00866638 0.0172696
177 G 1.98759 0.013499 0.00630277 0.0104447 0.0366031 0.00678245 0.716531 0.0218455 0.0245896 0.0163318 0.0190413 0.0362952 0.0136017 0.00541941 0.0102633 0.0221929 0.00295796 0.0105018 0.0125966 0.0063327 0.00786792
178 A 2.71039 0.272728 0.0128672 0.0122791 0.0150964 0.00246626 0.00560851 0.00435901 0.00197801 0.0688141 0.0475425 0.0254826 0.00810784 0.00829146 0.00285501 0.00905611 0.0107636 0.0998145 0.00842185 0.00437635 0.379092
179 A 2.44841 0.563715 0.0182984 0.0110437 0.0479859 0.00695969 0.109789 0.011251 0.00439748 0.00407701 0.0145124 0.0170719 0.00488524 0.00841402 0.0122923 0.0101748 0.0133026 0.0103244 0.114386 0.0109352 0.00618279
180 G 2.61498 0.0445785 0.00875569 0.0439917 0.0108151 0.00261498 0.575719 0.00855226 0.0402466 0.0562004 0.0145863 0.0287695 0.00988953 0.0130883 0.04385 0.0292044 0.0182858 0.00393281 0.00439859 0.0340402 0.00847989
181 A 1.92914 0.122963 0.00256068 0.00166832 0.000816505 0.00113668 0.147348 0.00515489 0.00217066 0.00164667 0.0106692 0.615545 0.00121495 0.00106058 0.0136871 0.0342323 0.0209289 0.000874899 0.00186294 0.00790496 0.00655355
182 A 3.01207 0.38285 0.00945607 0.00757962 0.00325586 0.0315268 0.0156882 0.101258 0.0128494 0.00970821 0.0182249 0.00413778 0.0219726 0.0151739 0.01432 0.00411382 0.0856997 0.174023 0.0684444 0.00497778 0.0147399
