#SITE	WT_AA	SITE_ENTROPY	PI_A	PI_C	PI_D	PI_E	PI_F	PI_G	PI_H	PI_I	PI_K	PI_L	PI_M	PI_N	PI_P	PI_Q	PI_R	PI_S	PI_T	PI_V	PI_W	PI_Y
2	A	1.64649	0.762557	0.00540351	0.00418268	0.0355541	0.00699842	0.0145412	0.00336417	0.00469522	0.0082642	0.0024832	0.0340444	0.00945991	0.0046812	0.00362769	0.00186414	0.0148293	0.0139517	0.0546903	0.00891124	0.00589592
3	S	3.55333	0.314223	0.0562952	0.00629642	0.00786828	0.0823364	0.0283349	0.0556771	0.0456218	0.0272298	0.0704657	0.0295111	0.0216407	0.00986764	0.0686666	0.00854226	0.0828717	0.0145993	0.00696874	0.0421099	0.0208736
4	Q	3.59135	0.0301141	0.0421002	0.00107076	0.0479444	0.0890051	0.00506188	0.0125492	0.0710674	0.00704504	0.0477668	0.0521632	0.146899	0.00227524	0.026026	0.00174946	0.0727998	0.0298032	0.0514361	0.022702	0.240421
5	G	3.02178	0.116627	0.0335582	0.0182413	0.0184699	0.00492266	0.32942	0.00299254	0.00305307	0.0192778	0.00100053	0.0207264	0.00517801	0.0279885	0.00459509	0.246646	0.0476676	0.0470235	0.0131543	0.00984935	0.029607
6	T	1.55903	0.0763061	0.00654141	0.00525621	0.00490627	0.0073435	0.00346247	0.00558919	0.0254952	0.0121635	0.002015	0.00901323	0.0254882	0.00224129	0.00465017	0.00433699	0.0122954	0.77193	0.002984	0.0117349	0.0062473
7	K	2.04563	0.00362349	0.00876507	0.00371573	0.104256	0.00512862	0.00254445	0.00324306	0.0230005	0.649343	0.00338323	0.0106594	0.0896293	0.0018096	0.0164428	0.0268856	0.00307734	0.00954354	0.00339621	0.0120034	0.0195505
8	R	1.72913	0.00506728	0.0124214	0.00924049	0.00538279	0.00611852	0.0195155	0.00418861	0.00344876	0.00474641	0.0199243	0.00688642	0.0110358	0.03155	0.0393444	0.756593	0.00510079	0.0148827	0.00487281	0.0335845	0.00609534
9	S	3.31412	0.0366414	0.0239309	0.00520024	0.00617145	0.0337425	0.015278	0.00560244	0.128882	0.00216415	0.101343	0.0511885	0.145569	0.00815261	0.042716	0.0125509	0.303513	0.0422281	0.00655464	0.0133575	0.0152135
10	Y	3.52435	0.0134249	0.0187804	0.0270707	0.00641102	0.0924111	0.0148179	0.175148	0.0616835	0.00684189	0.061095	0.0116791	0.119595	0.021978	0.0169377	0.00123704	0.0191416	0.0446936	0.0696635	0.00322421	0.214166
11	E	3.28216	0.00968284	0.0183435	0.0479423	0.347982	0.0133128	0.184818	0.0242014	0.0433305	0.0246807	0.0197693	0.0570616	0.0214067	0.0119767	0.033776	0.00852826	0.00880205	0.0137151	0.0797224	0.00644295	0.0245046
12	Q	3.83331	0.0956648	0.0263993	0.0917624	0.00389226	0.0285147	0.00231946	0.0740752	0.0260077	0.0122733	0.0683694	0.0209724	0.0659011	0.00784166	0.0728753	0.129729	0.15599	0.0330241	0.0350267	0.030741	0.0186202
13	M	2.46709	0.00567003	0.0112805	0.00891625	0.0533056	0.0196704	0.0132962	0.00559983	0.0265986	0.0913508	0.0331437	0.601815	0.0094525	0.00618233	0.0116724	0.0203665	0.00852513	0.0188387	0.0276029	0.00806478	0.0186481
14	E	2.85727	0.00914848	0.033677	0.206283	0.272379	0.0056449	0.0138535	0.012322	0.0134374	0.0173052	0.294214	0.0139971	0.0169412	0.00468195	0.0178198	0.0029338	0.0208329	0.00393178	0.0253557	0.00775318	0.00748778
15	T	3.23655	0.0160698	0.244281	0.00558493	0.0117324	0.0076429	0.00382197	0.11169	0.0407337	0.0036621	0.0546439	0.0617769	0.0263644	0.0512889	0.00242505	0.00635022	0.0173104	0.262205	0.0499978	0.00999371	0.0124247
16	D	2.81912	0.00986691	0.0625593	0.518444	0.0533935	0.0136067	0.0712914	0.0227376	0.00645391	0.0087056	0.0165548	0.0709551	0.0317872	0.00423612	0.0131022	0.00721941	0.00740975	0.0199383	0.0274648	0.0115585	0.022715
17	G	3.36674	0.0215257	0.0904323	0.0104758	0.0170116	0.0073941	0.197199	0.00484977	0.0106326	0.0189378	0.0124536	0.0451998	0.27673	0.046604	0.0723518	0.00656467	0.0825599	0.0377497	0.0233338	0.0164284	0.00156576
18	E	3.89792	0.0763433	0.0527315	0.0960215	0.112307	0.0637882	0.0124842	0.0618253	0.128174	0.00901473	0.0279538	0.00880942	0.0208409	0.0425382	0.039235	0.00599747	0.04615	0.0611158	0.113006	0.0110337	0.0106299
19	R	2.73967	0.0175277	0.0157067	0.00738241	0.0167131	0.0863352	0.007676	0.0252282	0.00440087	0.0953918	0.0297577	0.0103025	0.0173555	0.0410634	0.00708878	0.532197	0.0193391	0.0155765	0.0108074	0.0132106	0.0269399
20	Q	2.49111	0.0100298	0.00344479	0.00355144	0.0117294	0.0104477	0.00249778	0.0195545	0.00855564	0.0191677	0.0360351	0.0236809	0.0179416	0.429144	0.317261	0.0521238	0.00722435	0.00705463	0.0101973	0.00728438	0.00307402
21	N	3.22023	0.0144098	0.251783	0.00749699	0.00156552	0.00354926	0.0237006	0.0122058	0.023809	0.0652247	0.0132723	0.00752577	0.090602	0.0119906	0.0165415	0.0276411	0.175168	0.207471	0.00992091	0.00748502	0.0286374
22	A	2.79276	0.143504	0.00422432	0.0035975	0.00649464	0.0130239	0.0105157	0.0153779	0.0102	0.0662052	0.00898224	0.0095036	0.00670675	0.0194281	0.00564734	0.455742	0.0492904	0.0419604	0.11428	0.0114957	0.0038207
23	T	3.84394	0.0571062	0.0463945	0.00631402	0.0068513	0.00650638	0.0717939	0.187379	0.0376845	0.0193233	0.034005	0.055481	0.0469914	0.0140101	0.0522139	0.0315087	0.112614	0.116356	0.0588988	0.0220754	0.0164925
24	E	3.72602	0.0274463	0.024081	0.0903708	0.252597	0.0300774	0.0182774	0.0112527	0.0759018	0.034452	0.0482822	0.038077	0.0102362	0.00416908	0.0954756	0.0720139	0.0246554	0.0734463	0.0356607	0.0253204	0.00820685
25	I	2.90925	0.020093	0.0112624	0.0187658	0.006776	0.0269148	0.0174961	0.0117278	0.489371	0.0176549	0.0220754	0.0262938	0.013479	0.141016	0.0117368	0.0460574	0.00918885	0.0449559	0.0293218	0.0155054	0.0203074
26	R	2.83594	0.0132249	0.0154941	0.0124987	0.00577175	0.098423	0.0668188	0.0140859	0.040126	0.0413257	0.0128107	0.028333	0.0124222	0.0111941	0.0235695	0.518092	0.0268601	0.0142061	0.00593179	0.0133159	0.0254955
27	A	3.52676	0.161063	0.00710806	0.00450605	0.0160234	0.0597087	0.0334189	0.0915595	0.0234908	0.282063	0.0166964	0.0274402	0.033249	0.00302865	0.0442976	0.0568787	0.0179966	0.0487657	0.0316782	0.00784487	0.0331833
28	S	3.42813	0.0138241	0.0470529	0.00254597	0.0455647	0.0208987	0.0727826	0.119535	0.00274597	0.16264	0.0103791	0.0242623	0.242087	0.00430432	0.0284407	0.0500514	0.114115	0.0115241	0.00732694	0.00520762	0.0147111
29	V	3.09909	0.013037	0.0454832	0.0549614	0.00963048	0.036288	0.0142857	0.0162112	0.249705	0.00598174	0.0269825	0.0310272	0.018656	0.0152401	0.00384584	0.0232594	0.0194576	0.0145622	0.356042	0.0356373	0.00970614
30	G	3.18571	0.057779	0.0526862	0.0142324	0.0325438	0.0252372	0.465842	0.0283366	0.0184401	0.0250246	0.0147091	0.0434365	0.0308782	0.0100052	0.0450657	0.0237912	0.0201095	0.0182781	0.0296756	0.0305729	0.0133563
31	K	3.23095	0.0161606	0.0119121	0.0197397	0.0272495	0.0150341	0.0129916	0.0603862	0.00979348	0.437507	0.0310621	0.0441458	0.0554012	0.010081	0.031205	0.0837311	0.028046	0.0339522	0.0159015	0.0290068	0.0266929
32	M	2.96807	0.0119186	0.036407	0.0301942	0.016527	0.0110441	0.0118857	0.034552	0.0228339	0.0448094	0.0260278	0.513087	0.070629	0.0243755	0.0188183	0.0271274	0.00852077	0.0331323	0.0285851	0.0186532	0.0108717
33	I	3.41301	0.0592499	0.143098	0.0340063	0.0127505	0.0426125	0.0314275	0.0109133	0.353074	0.0205427	0.015048	0.0326927	0.0204183	0.0274866	0.00563727	0.0103214	0.0153586	0.0529913	0.0585888	0.0308193	0.0229637
34	D	3.85962	0.0755624	0.0191971	0.110436	0.212366	0.0502528	0.0275422	0.0244079	0.0860532	0.0451668	0.0726775	0.0406347	0.0409514	0.00513342	0.0318753	0.0429533	0.0454852	0.0189612	0.0264489	0.0102848	0.0136102
35	G	3.57986	0.044159	0.0210077	0.0460274	0.0357907	0.0228244	0.338446	0.0647912	0.0549405	0.0377301	0.0269442	0.0194951	0.101572	0.0157302	0.0191149	0.0294975	0.0507523	0.0219468	0.0196403	0.0139998	0.0155906
36	I	3.42085	0.0995435	0.0277475	0.0218993	0.0513555	0.038179	0.0151053	0.0100986	0.379097	0.0221959	0.0301584	0.0430292	0.0570271	0.0158437	0.00973995	0.00863552	0.0163452	0.044808	0.0434502	0.0442942	0.0214466
37	G	3.5332	0.0541821	0.0370027	0.0153152	0.0558827	0.033937	0.378578	0.0158772	0.0319234	0.0354738	0.0429801	0.027148	0.018134	0.0246961	0.0200408	0.0470111	0.0183428	0.0275061	0.0444711	0.0417441	0.0297541
38	R	3.82625	0.0342694	0.0456226	0.0125215	0.0250896	0.0275258	0.0460793	0.0287658	0.112474	0.0184147	0.0385375	0.0444173	0.0438112	0.00463907	0.0400212	0.240387	0.0397709	0.0990958	0.0351225	0.0438965	0.0195384
39	F	3.25056	0.0179803	0.287379	0.0136072	0.00746168	0.200628	0.00353099	0.0091583	0.0205042	0.054659	0.0136167	0.168972	0.00935287	0.00783979	0.0380142	0.0233735	0.0145782	0.0228314	0.0194428	0.0400366	0.0270337
40	Y	3.20823	0.0345745	0.0422977	0.0163094	0.0174969	0.0623121	0.00574051	0.0633473	0.00523596	0.00737777	0.0255792	0.024231	0.0357227	0.0089263	0.0422974	0.0177148	0.0139591	0.0688849	0.0054251	0.0837125	0.418855
41	I	4.051	0.0707412	0.0442626	0.0293468	0.0222506	0.0194933	0.0595282	0.0105716	0.117954	0.00875997	0.096816	0.0527859	0.0531477	0.0277837	0.0445197	0.0831982	0.0427825	0.102954	0.0469674	0.0135108	0.0526256
42	Q	3.42299	0.020428	0.00710783	0.0282477	0.0394522	0.0409138	0.0328747	0.0873892	0.0943275	0.0274283	0.0212194	0.0281623	0.0106794	0.022148	0.377956	0.0387746	0.0178488	0.0182408	0.0188563	0.019728	0.0482172
43	M	3.55442	0.0096787	0.0252542	0.00779219	0.100063	0.0546344	0.0572165	0.0182913	0.0361642	0.0298706	0.0357541	0.315126	0.0294987	0.00958433	0.0195557	0.0262578	0.0168084	0.0244315	0.106683	0.0143432	0.0629924
44	C	2.97634	0.0395661	0.0742044	0.00611112	0.0135011	0.014266	0.0336225	0.00550119	0.0126903	0.364619	0.0274578	0.00773853	0.00756241	0.0204719	0.0114701	0.0215718	0.00736559	0.011814	0.258799	0.0504443	0.0112229
45	T	3.60784	0.0312154	0.00960465	0.052698	0.00821985	0.0344734	0.0242873	0.0302558	0.045391	0.0342657	0.0141655	0.0207697	0.0348624	0.0207268	0.0256688	0.0676553	0.0189302	0.288974	0.165594	0.0411404	0.0311014
46	E	3.55367	0.0417443	0.0371368	0.053242	0.347306	0.0401434	0.0303045	0.0579364	0.0175651	0.031857	0.056214	0.0729568	0.00570762	0.0185736	0.029553	0.02447	0.014341	0.0561516	0.0128909	0.0448552	0.00705065
47	L	3.84211	0.0295264	0.0464824	0.0378304	0.0210391	0.0511891	0.00789277	0.0491301	0.0286002	0.0316821	0.224209	0.160749	0.0452969	0.0220699	0.0384573	0.0162763	0.0315443	0.0489207	0.0442621	0.0373657	0.0274767
48	K	3.25107	0.0243279	0.0249882	0.0992951	0.0110127	0.0166276	0.41591	0.0266767	0.0234774	0.0979676	0.0242285	0.0112616	0.0199392	0.0183354	0.037781	0.0251002	0.0438063	0.0371178	0.0107619	0.0139395	0.0174449
49	L	3.58683	0.0326805	0.016946	0.0567485	0.0350489	0.0567078	0.0208005	0.0115787	0.113624	0.0166971	0.339316	0.0257409	0.0302866	0.026862	0.0370485	0.0276362	0.0296557	0.0366469	0.0318587	0.0329167	0.0211989
50	S	3.67512	0.120266	0.0568271	0.0208284	0.0320502	0.00755421	0.169511	0.0595698	0.00572557	0.0999161	0.00755779	0.0145196	0.0137684	0.10301	0.045251	0.032274	0.0782962	0.11682	0.011065	0.00209362	0.00309605
51	D	3.60878	0.0380559	0.0133429	0.0822733	0.03058	0.0283734	0.0424272	0.0205161	0.0285195	0.00812257	0.00972767	0.00301176	0.320157	0.0547311	0.035426	0.0331141	0.0595146	0.0621564	0.07063	0.0220126	0.0373081
52	Y	3.01675	0.0340175	0.0288815	0.00714408	0.00875046	0.0312817	0.0235679	0.0229705	0.00997166	0.0105811	0.00686919	0.207328	0.0260928	0.00369316	0.00315497	0.0175959	0.0240096	0.385629	0.0319512	0.0109986	0.105511
53	E	3.23145	0.0260425	0.0219409	0.0257363	0.45987	0.0342864	0.0364801	0.0105519	0.0598153	0.0424757	0.0246082	0.0195409	0.0294165	0.0243583	0.0211711	0.0284437	0.0357587	0.0294745	0.0248893	0.00905903	0.0360812
54	G	3.56858	0.149349	0.0170992	0.0144616	0.014475	0.0218784	0.250615	0.0703338	0.00533839	0.03814	0.012312	0.0114385	0.0116787	0.0217106	0.0846917	0.0593724	0.0982102	0.0693073	0.0191536	0.0240113	0.00642372
55	R	3.53478	0.0458517	0.0237827	0.0485819	0.0147713	0.0314915	0.0169587	0.148461	0.0201575	0.0415673	0.024395	0.039663	0.0260197	0.0135238	0.0458375	0.332422	0.0243857	0.0350902	0.0262605	0.0126376	0.0281419
56	L	3.63029	0.0490381	0.0286505	0.0453765	0.0167648	0.0300716	0.0211845	0.0315018	0.100353	0.0180751	0.332071	0.0431713	0.0341293	0.0245314	0.0274369	0.00853526	0.0302557	0.0525263	0.0435152	0.0216325	0.0411789
57	I	3.33382	0.0161628	0.0132966	0.0133897	0.00506807	0.0535682	0.0241323	0.0219058	0.290801	0.00761539	0.200955	0.0197279	0.122101	0.043599	0.00495932	0.0152068	0.0159274	0.0206414	0.0652987	0.0327787	0.0128651
58	Q	2.99533	0.0333029	0.0320442	0.0165322	0.0194698	0.0394464	0.0185349	0.0222441	0.00624553	0.019984	0.0192358	0.0474499	0.0583957	0.0248247	0.510069	0.0232168	0.00680799	0.0295477	0.0368357	0.0210277	0.0147854
59	N	3.16742	0.0172467	0.0132142	0.0480252	0.0219107	0.0384394	0.0248375	0.0334425	0.0124935	0.0194013	0.121534	0.0302355	0.441242	0.00813898	0.0161108	0.046549	0.0143422	0.0340027	0.0152456	0.0173011	0.0262867
60	S	3.35899	0.00786334	0.0389346	0.0250174	0.00681032	0.0214918	0.0725996	0.0157721	0.0339243	0.107875	0.0110274	0.0260866	0.0242523	0.00705812	0.0163923	0.0147195	0.333596	0.109732	0.0201717	0.102222	0.00445315
61	L	3.36345	0.00513858	0.0860515	0.00206512	0.128328	0.0887113	0.00766931	0.0306203	0.0410311	0.0174866	0.129297	0.00881385	0.0267118	0.00558686	0.00780135	0.00425605	0.0127947	0.016471	0.262414	0.0105683	0.108184
62	T	3.17147	0.0985979	0.0635413	0.00553073	0.0184652	0.019733	0.015944	0.0239361	0.0164693	0.0125022	0.0114029	0.0197084	0.0525544	0.015252	0.0147461	0.019052	0.309678	0.249776	0.0177747	0.0125695	0.00276557
63	I	2.68986	0.00618055	0.0716076	0.510297	0.00730239	0.00774337	0.0065272	0.015648	0.140638	0.015234	0.0368928	0.0475875	0.00195824	0.00788955	0.0119176	0.00592452	0.00935014	0.0120094	0.0297575	0.0110385	0.0444964
64	E	3.41931	0.0123116	0.0647614	0.0399914	0.400501	0.0103689	0.0303796	0.0156479	0.0246367	0.0337029	0.0239877	0.0185104	0.0187539	0.0457998	0.0429667	0.0292934	0.0488218	0.0260285	0.0612264	0.0183475	0.0339624
65	R	3.32615	0.0221311	0.0491812	0.0579097	0.0195107	0.0332815	0.041292	0.0154355	0.0206292	0.0663136	0.00750374	0.0705309	0.0454925	0.0152211	0.0123953	0.410204	0.0444835	0.0170241	0.022122	0.00938842	0.0199501
66	M	3.67281	0.0103451	0.0411234	0.0359351	0.0588596	0.0157673	0.0527342	0.017066	0.0302896	0.0459493	0.0390913	0.312622	0.0210692	0.0180643	0.0212506	0.101604	0.0212851	0.0368875	0.0564329	0.032269	0.0313543
67	V	3.71346	0.0599973	0.022443	0.0269822	0.0482088	0.0404956	0.160238	0.0202826	0.0137351	0.0405163	0.023713	0.052689	0.0436321	0.0068978	0.0168737	0.00674825	0.0634313	0.0354632	0.24593	0.0536492	0.0180737
68	L	3.70395	0.0532719	0.0229493	0.0145088	0.0124989	0.0574975	0.108531	0.0179669	0.0423934	0.0113493	0.295369	0.0359402	0.0241244	0.0423482	0.0243605	0.0373777	0.0440902	0.068295	0.0291672	0.0296073	0.0283534
69	S	3.28376	0.0981923	0.0168777	0.00875197	0.0170108	0.0300174	0.140357	0.0263575	0.0299713	0.00957729	0.0156304	0.0154849	0.0760572	0.0149974	0.0355908	0.0134097	0.368	0.0128694	0.00629598	0.0298361	0.034715
70	A	3.3327	0.369362	0.0791908	0.0251122	0.0622708	0.0127045	0.0292945	0.0110256	0.033909	0.0149069	0.0125121	0.00997747	0.0139345	0.00787114	0.0140517	0.0161103	0.0676843	0.111898	0.0325545	0.0648838	0.010746
71	F	3.5552	0.0352358	0.0379906	0.00654536	0.0196206	0.262906	0.0222655	0.0494217	0.0301883	0.0252245	0.0423654	0.0864062	0.00513828	0.00545495	0.0285075	0.035291	0.0249015	0.0156225	0.0106373	0.181884	0.074393
72	D	2.93065	0.0150793	0.0220942	0.518167	0.0488123	0.01381	0.0660464	0.0256792	0.0110603	0.0108029	0.0203712	0.0252931	0.0275324	0.0302458	0.013212	0.0204381	0.0153648	0.00837887	0.0208325	0.026881	0.0598983
73	E	3.98663	0.0485191	0.0602424	0.0119691	0.0668479	0.0389701	0.0280145	0.0601827	0.0984618	0.0223755	0.0819625	0.00656075	0.0300239	0.00115693	0.0473296	0.0423479	0.115415	0.122302	0.0376883	0.0190671	0.0605626
74	R	3.6237	0.0647908	0.0223419	0.00912362	0.0434382	0.0279968	0.0183889	0.0816931	0.0204991	0.0890887	0.0315019	0.011925	0.0427467	0.0657091	0.00854294	0.298187	0.0829721	0.0280792	0.0159815	0.0211078	0.0158861
75	R	3.20185	0.013748	0.00817684	0.0261165	0.0241463	0.00786652	0.0128789	0.0393417	0.197798	0.0487691	0.0125475	0.0193968	0.0377228	0.0138708	0.0227979	0.376798	0.0383315	0.0129857	0.0285	0.0459253	0.0122812
76	N	3.60779	0.0467007	0.00720994	0.0543813	0.0598296	0.00540581	0.0194483	0.0234119	0.0770356	0.0295592	0.0345129	0.0317131	0.122527	0.00220542	0.0238041	0.0243152	0.0223553	0.0266315	0.0740023	0.290022	0.0249288
77	K	3.58908	0.028291	0.0461959	0.0152288	0.0126232	0.0148938	0.065549	0.146379	0.0723724	0.04894	0.100853	0.0168642	0.0181746	0.000801675	0.019243	0.210163	0.0353466	0.0100569	0.126855	0.00304088	0.00812897
78	Y	2.79139	0.0166606	0.0390294	0.0266003	0.00528325	0.0166675	0.0152422	0.395314	0.00651646	0.00870555	0.00748875	0.00466303	0.0178686	0.00552842	0.00380981	0.0113343	0.00675864	0.0164882	0.0202289	0.183194	0.192618
79	L	3.18069	0.0144598	0.0289109	0.0118808	0.024527	0.0263955	0.0279444	0.0283183	0.069819	0.0106045	0.457247	0.0296714	0.0204864	0.0150295	0.0693938	0.0181356	0.0178126	0.0344446	0.028803	0.0140138	0.0521018
80	E	3.72558	0.0229604	0.174488	0.035417	0.147483	0.0411727	0.109102	0.0273995	0.11322	0.0217483	0.00989681	0.0122795	0.0192367	0.00247542	0.0759492	0.00449797	0.0543541	0.0361417	0.0587857	0.00948866	0.0239025
81	E	3.86042	0.0194488	0.0469276	0.0664832	0.175497	0.0780634	0.0839872	0.0485806	0.0462399	0.0159706	0.0215277	0.0133514	0.0289569	0.00375587	0.037449	0.0164568	0.0160952	0.0234661	0.143025	0.0372667	0.0774508
82	H	3.60746	0.0382646	0.151724	0.00268	0.00905141	0.134599	0.00483889	0.0488969	0.0118287	0.0350631	0.0119646	0.0202622	0.0217761	0.00245155	0.110176	0.0489039	0.0526992	0.0386636	0.0129645	0.0447605	0.198431
83	P	3.91051	0.0688513	0.0939611	0.0115203	0.0635927	0.00515993	0.132117	0.0442627	0.0211936	0.0120756	0.0136731	0.0355676	0.116995	0.107764	0.0293409	0.0500774	0.0721671	0.0587258	0.0175546	0.00753454	0.0378655
84	S	3.81339	0.0833292	0.0527824	0.00395624	0.000879674	0.00490304	0.0894678	0.0584089	0.124413	0.0147836	0.103791	0.0589268	0.146024	0.0194288	0.0550892	0.00876107	0.0630957	0.0176918	0.0232906	0.0516495	0.0193273
85	A	3.70622	0.0725096	0.00566598	0.00701939	0.00569452	0.0102174	0.0616145	0.0953323	0.0582042	0.092896	0.0594227	0.00348812	0.0103551	0.0846596	0.0292072	0.020762	0.0286229	0.0366624	0.167225	0.00496184	0.145479
86	G	3.48064	0.0196864	0.00449694	0.0233965	0.00671115	0.0896024	0.046676	0.260313	0.00210469	0.172246	0.0760023	0.0783426	0.0401498	0.0102387	0.0429819	0.0355243	0.0292436	0.0396239	0.00340281	0.00641765	0.0128391
87	K	2.51676	0.00914134	0.0558961	0.00989483	0.0454497	0.00920616	0.0114722	0.00629716	0.0152703	0.605572	0.0134501	0.0496824	0.0275977	0.013837	0.0175517	0.0314636	0.0137968	0.0157294	0.00685328	0.0312094	0.0106284
88	D	1.96411	0.00471908	0.19378	0.0770201	0.00599393	0.0059912	0.00613299	0.0185374	0.00103542	0.0198367	0.00418028	0.00781162	0.614357	0.00241389	0.0051493	0.00340325	0.0110067	0.00213773	0.00481205	0.00442068	0.0072609
89	P	3.57085	0.237133	0.0924071	0.0169969	0.0134663	0.134307	0.0456882	0.0242818	0.0143909	0.020391	0.00523015	0.0179673	0.00414492	0.130684	0.0156273	0.0141067	0.052582	0.00890837	0.0190295	0.0720925	0.0605658
90	K	3.80371	0.0452065	0.0157137	0.0114105	0.0665214	0.00799908	0.115004	0.123013	0.0115159	0.138417	0.0192343	0.0434636	0.0605315	0.00341831	0.0377469	0.0700978	0.0236141	0.13889	0.0176991	0.0315595	0.0189436
91	K	2.52982	0.00108463	0.0132406	0.0174492	0.0385008	0.0226201	0.00623833	0.0106308	0.00659136	0.272036	0.0113282	0.0747054	0.0160226	0.019804	0.00747834	0.451008	0.00818591	0.00329694	0.00954318	0.00717925	0.00305638
92	T	3.11232	0.0585694	0.0315558	0.0620419	0.0121941	0.0133269	0.0313241	0.0112995	0.0241367	0.0161688	0.0137908	0.044894	0.026731	0.0195743	0.0327826	0.0448674	0.0224769	0.477977	0.0153126	0.0274427	0.0135331
93	G	3.09791	0.0301553	0.00854949	0.0250661	0.040426	0.0111049	0.474524	0.00541882	0.0111884	0.0482321	0.016411	0.0408613	0.0189205	0.0564815	0.0682679	0.0337794	0.0199997	0.0125301	0.0227592	0.0241628	0.0311613
94	G	3.1149	0.0238246	0.0197466	0.0376041	0.0337248	0.0528364	0.489136	0.0272928	0.0219658	0.0221313	0.00956251	0.0327804	0.0381732	0.0160211	0.0173833	0.0358199	0.0178321	0.022298	0.0415794	0.0207811	0.019507
95	P	3.08453	0.261442	0.0259357	0.00769167	0.300335	0.0118568	0.00314465	0.0155474	0.0134353	0.00662931	0.0105259	0.0769007	0.00799096	0.111408	0.0296257	0.0323242	0.0415036	0.009718	0.0114419	0.0188428	0.0037004
96	I	3.13849	0.010908	0.0460647	0.0162078	0.0134796	0.0139573	0.0228522	0.0135399	0.21548	0.0467641	0.126684	0.0475908	0.023124	0.00669708	0.00400982	0.0101873	0.0210903	0.0134661	0.331161	0.00977991	0.00695579
97	Y	3.22141	0.00931871	0.0431133	0.0365757	0.0302965	0.12692	0.00854017	0.0357973	0.0185182	0.0507067	0.00959299	0.0173809	0.0292881	0.0105527	0.0130028	0.0417548	0.0135528	0.0235745	0.0244056	0.0373426	0.419765
98	K	3.37432	0.0158393	0.00939813	0.00351488	0.0344282	0.0292919	0.00425637	0.0956669	0.0498732	0.191319	0.0323054	0.250819	0.0142276	0.00765665	0.0123668	0.146311	0.0129152	0.0262622	0.0398283	0.0122809	0.0114385
99	R	3.25669	0.0585052	0.0258601	0.00938443	0.00983692	0.0111192	0.0562966	0.0458657	0.0330492	0.0406734	0.0220663	0.0351098	0.0963893	0.00352713	0.0168936	0.412679	0.0586398	0.0192332	0.0183347	0.0157932	0.0107433
100	V	3.90463	0.0272378	0.0661295	0.0123299	0.113964	0.109996	0.0951629	0.036918	0.0353639	0.003029	0.0204232	0.0205478	0.0276242	0.0192479	0.0447665	0.0621651	0.0298386	0.110732	0.0439267	0.00347376	0.117123
101	D	3.83353	0.105712	0.0179534	0.2335	0.034786	0.0171723	0.0614972	0.0245261	0.0260206	0.0307557	0.015569	0.0814831	0.0337297	0.0505429	0.0756138	0.00977358	0.0447015	0.0421271	0.0579045	0.0125217	0.0241093
102	R	3.73645	0.0461629	0.014497	0.037117	0.00890175	0.063542	0.0957329	0.173535	0.0276902	0.0437073	0.0773865	0.0310006	0.0167418	0.0257917	0.00631748	0.201451	0.0198079	0.0343513	0.0152654	0.012744	0.0482555
103	K	3.77334	0.0491323	0.126076	0.0568807	0.0552607	0.00355787	0.0587294	0.00513758	0.0355687	0.103721	0.043257	0.0513763	0.0225731	0.00198536	0.0089288	0.146732	0.0283604	0.0611959	0.126821	0.00864901	0.0060563
104	W	3.32283	0.0291031	0.14824	0.00625731	0.0131605	0.0539642	0.0164313	0.0237591	0.0237171	0.0306988	0.0161796	0.0382622	0.0487446	0.0130023	0.0533565	0.0543018	0.0110201	0.00739558	0.0105366	0.371034	0.0308348
105	M	3.85583	0.142918	0.00266009	0.00312203	0.0558794	0.13316	0.0984012	0.0318804	0.0375644	0.0551626	0.0869737	0.0881805	0.0257081	0.00187121	0.021861	0.0357288	0.0258136	0.0659552	0.0444539	0.0159768	0.0267285
106	R	3.43715	0.0171717	0.0139095	0.0224025	0.0105677	0.0296838	0.0487286	0.0740546	0.0124646	0.0382118	0.00902765	0.0233659	0.0953913	0.0310454	0.0549961	0.372343	0.0429127	0.013752	0.0195238	0.0350557	0.0353912
107	E	3.6492	0.0633358	0.0196881	0.0499476	0.29046	0.0235169	0.0256787	0.0814692	0.0463588	0.0235511	0.00869942	0.0376054	0.106692	0.00912429	0.0390613	0.011935	0.0676357	0.00833968	0.0415751	0.0254873	0.0198384
108	L	3.7671	0.010992	0.0286697	0.0544334	0.0492529	0.0225697	0.0489465	0.0227711	0.0442463	0.011486	0.2573	0.0338452	0.0123078	0.079933	0.0527703	0.0416827	0.0538304	0.111966	0.0375747	0.012748	0.0126742
109	V	3.82383	0.138971	0.0212569	0.0518802	0.0120571	0.032663	0.0234785	0.013701	0.0492877	0.0269717	0.0197695	0.0488251	0.0219014	0.0293155	0.083177	0.026965	0.0332214	0.124861	0.195167	0.0241451	0.0223844
110	L	3.35481	0.00511672	0.0241194	0.0198749	0.0141057	0.0496707	0.00766725	0.0254686	0.0317219	0.0763149	0.359309	0.0378676	0.0214164	0.016132	0.00703562	0.0455167	0.0131105	0.0953404	0.111765	0.0318912	0.00655618
111	Y	3.47107	0.00188734	0.0227408	0.0269755	0.0174611	0.181386	0.00321257	0.0297179	0.222892	0.00949161	0.0527805	0.0131084	0.0143318	0.00350874	0.0324736	0.00331245	0.0477496	0.0603271	0.147261	0.0328422	0.0765393
112	D	3.81925	0.0530208	0.0242131	0.258394	0.0286756	0.0118805	0.0521763	0.0793366	0.0175807	0.0106341	0.0200544	0.0365316	0.0431283	0.0307066	0.0743093	0.0623815	0.0470471	0.0152837	0.036839	0.0703855	0.0274218
113	K	2.81024	0.0109306	0.0218589	0.02015	0.038925	0.00976848	0.0123426	0.0592949	0.0419898	0.551233	0.0115918	0.0187007	0.0243235	0.0248301	0.0218184	0.0305758	0.033768	0.0203939	0.0112536	0.0286217	0.00762924
114	E	3.79484	0.0438871	0.0241773	0.055839	0.13065	0.125697	0.0202739	0.00598181	0.0124638	0.0625476	0.0904955	0.146649	0.0945305	0.00320503	0.0454355	0.0195024	0.0287653	0.0069302	0.00782806	0.0319889	0.043152
115	E	3.34646	0.0129357	0.0117528	0.0593185	0.333432	0.0150329	0.136709	0.0706567	0.00762141	0.0287771	0.00454525	0.0202235	0.0407648	0.00876486	0.0317582	0.0131994	0.120092	0.013032	0.0253966	0.032688	0.0132995
116	I	3.35378	0.00318695	0.0514613	0.0230567	0.0396456	0.0154987	0.0348912	0.0046632	0.275192	0.0307575	0.0832833	0.0190487	0.02242	0.0258113	0.0547725	0.00775331	0.0144705	0.0185299	0.243592	0.0139479	0.0180169
117	R	3.44622	0.0326718	0.0311385	0.00468708	0.0188841	0.0202315	0.061574	0.0146173	0.0465902	0.026416	0.092635	0.0190778	0.0107796	0.0103777	0.297826	0.165523	0.0112488	0.0128934	0.069884	0.0468352	0.0061086
118	R	3.40179	0.0341813	0.218625	0.00286425	0.0169576	0.0198273	0.0236263	0.0132101	0.0951115	0.164915	0.0161867	0.03077	0.0463339	0.014328	0.0373552	0.208564	0.00889261	0.0180574	0.0083899	0.0113226	0.010481
119	I	3.20055	0.123342	0.393317	0.0121747	0.0378346	0.0531973	0.0400274	0.0147905	0.095229	0.0167875	0.0245547	0.0154306	0.0539022	0.00432792	0.0111298	0.00702144	0.00718569	0.0115772	0.0516443	0.0124791	0.0140465
120	W	3.39242	0.0650584	0.0293167	0.0321832	0.0126178	0.0359008	0.0237944	0.0315064	0.0267715	0.0158499	0.0359325	0.0332844	0.0315182	0.0247648	0.024208	0.0485718	0.0167971	0.00701895	0.0180285	0.4003	0.0865771
121	R	3.82448	0.102252	0.0325493	0.0247743	0.026861	0.0622597	0.0257664	0.0457234	0.0328857	0.11239	0.0532664	0.0328723	0.00278312	0.00452269	0.0630819	0.201046	0.0162868	0.00577237	0.074647	0.0516321	0.028627
122	Q	3.37224	0.0298518	0.16233	0.0216576	0.013181	0.0127314	0.0224074	0.0980796	0.0456323	0.00971403	0.0662674	0.0210611	0.00400728	0.00151099	0.0932543	0.0171021	0.0152873	0.0705487	0.286004	0.0045164	0.00485508
123	A	3.51159	0.259029	0.0325812	0.0312367	0.041208	0.0180566	0.133466	0.0244582	0.016042	0.0206036	0.0399401	0.0399506	0.00407187	0.00573247	0.00836999	0.0340983	0.184073	0.0198726	0.0466809	0.023034	0.0174944
124	N	3.64714	0.013766	0.0975937	0.054949	0.0598683	0.0102752	0.00637007	0.0558916	0.0329496	0.0427394	0.0202797	0.0224851	0.286764	0.0160141	0.106504	0.0244501	0.0535651	0.0147922	0.0343022	0.0177396	0.0287015
125	N	4.01083	0.0162098	0.09633	0.0119676	0.0796016	0.0225667	0.0541108	0.0427708	0.004456	0.0344749	0.0776735	0.109064	0.0962463	0.0283381	0.0313713	0.0909256	0.0437269	0.0673469	0.00623708	0.0416278	0.0449545
126	G	3.85042	0.0515995	0.0295429	0.0224428	0.0753445	0.0209366	0.141453	0.0312682	0.042315	0.0689851	0.160129	0.0151358	0.0178275	0.0139282	0.131054	0.049754	0.0513555	0.0241811	0.0185484	0.00387327	0.0303261
127	D	3.82466	0.0767069	0.0313483	0.0736033	0.0646613	0.00586891	0.0454467	0.00818667	0.0387027	0.0280136	0.0691377	0.00568307	0.049779	0.00858546	0.0868519	0.0507705	0.0490705	0.0553131	0.219796	0.0222056	0.010269
128	D	3.85739	0.0870095	0.0528375	0.0408048	0.0597197	0.0646429	0.0874905	0.0121445	0.00375439	0.0473405	0.0383245	0.00874113	0.169858	0.0273948	0.0154596	0.0333166	0.131673	0.0614682	0.0313568	0.00353687	0.0231264
129	A	3.81587	0.177144	0.0209996	0.0109911	0.0170631	0.0218517	0.0637908	0.0548113	0.0222653	0.0444819	0.0153188	0.060251	0.0326463	0.012957	0.0389458	0.0986666	0.146646	0.0506115	0.0912418	0.0104919	0.00882447
130	T	3.77664	0.0846889	0.0184234	0.0052075	0.00373332	0.00974839	0.00808761	0.071748	0.0172403	0.0570289	0.0763549	0.117629	0.0282299	0.0465779	0.143058	0.0441102	0.0267161	0.103928	0.118672	0.00950272	0.0093154
131	A	3.19926	0.166038	0.00710179	0.0144116	0.00699864	0.0185849	0.0110479	0.144973	0.0441323	0.00683973	0.00300535	0.015463	0.0287494	0.280982	0.00818222	0.00917162	0.147473	0.0250901	0.0474197	0.0085822	0.00575349
132	G	3.23829	0.0719176	0.0293446	0.0433925	0.0307777	0.0107998	0.43915	0.0269796	0.00757949	0.0124404	0.0289622	0.0210453	0.0351493	0.00824614	0.0122012	0.0256944	0.0398555	0.0282825	0.0225828	0.0693016	0.0362973
133	L	3.34064	0.0147432	0.029655	0.0267557	0.031675	0.0141868	0.0124247	0.0277318	0.222086	0.0205882	0.324391	0.0364588	0.00992663	0.0123564	0.0293331	0.0567205	0.0192764	0.0119902	0.0331743	0.0476872	0.0188391
134	T	3.3095	0.0822587	0.0803047	0.0110971	0.00636539	0.0166647	0.0138504	0.00759701	0.0199875	0.0181332	0.0106443	0.0271251	0.0302735	0.0120465	0.0127975	0.0158369	0.221698	0.292289	0.0742747	0.0195593	0.0271965
135	H	3.2184	0.0320468	0.00896758	0.047292	0.0209822	0.0317702	0.00999502	0.444991	0.0201126	0.0155648	0.0166161	0.013022	0.0362708	0.0179804	0.0249072	0.0793123	0.0305943	0.0136281	0.0355165	0.0562242	0.0442063
136	M	3.30273	0.00801378	0.0240705	0.0089725	0.01372	0.134225	0.0226696	0.00170673	0.110553	0.0160467	0.221753	0.197687	0.0177868	0.021276	0.00916238	0.0101437	0.00359235	0.0191556	0.129433	0.0180647	0.0119671
137	M	3.30961	0.0217933	0.046638	0.0268992	0.114448	0.0133428	0.00940571	0.0159749	0.0237923	0.0322938	0.0330655	0.401706	0.0548725	0.0209429	0.0153925	0.0188656	0.00786356	0.028221	0.0654164	0.0324624	0.0166032
138	I	3.28248	0.0194488	0.00942875	0.0204551	0.0204481	0.0506153	0.0159545	0.00929074	0.408761	0.034448	0.099469	0.0504841	0.027001	0.028065	0.0193328	0.00763275	0.0213629	0.0493598	0.073471	0.0237597	0.0112118
139	W	3.18117	0.0134953	0.0361252	0.0347209	0.0168284	0.0698785	0.0267222	0.0293288	0.0220319	0.0119994	0.0257343	0.0150527	0.0235521	0.0144096	0.0440918	0.0174864	0.0387102	0.0158518	0.0661456	0.459129	0.0187055
140	H	3.6289	0.00456812	0.0126268	0.0485665	0.0412489	0.0485238	0.0719234	0.335712	0.0177079	0.0353106	0.0413881	0.020698	0.031592	0.0294408	0.0363928	0.0481409	0.0423292	0.037165	0.0121337	0.054751	0.0297803
141	S	3.62688	0.143241	0.04162	0.113015	0.024176	0.0396898	0.0934238	0.0219416	0.0146015	0.00890841	0.0295503	0.0360482	0.0126195	0.0431022	0.0108568	0.00961942	0.255877	0.0301538	0.0248769	0.0254143	0.021265
142	N	3.33308	0.0811028	0.0670234	0.0477073	0.0280277	0.0216085	0.0221909	0.0395571	0.0646902	0.0471222	0.00704328	0.0253708	0.400473	0.0274944	0.0132373	0.00397172	0.0200691	0.0129913	0.00956914	0.0270137	0.0337359
143	L	3.3887	0.024675	0.0110495	0.0311316	0.0566656	0.0250706	0.0463875	0.0902018	0.0162626	0.0295231	0.394829	0.0501177	0.0190186	0.00858196	0.021403	0.0200852	0.0248395	0.0381582	0.0388031	0.0456229	0.00757295
144	N	3.44641	0.0624611	0.0485074	0.0244622	0.0143466	0.0131157	0.0342236	0.0305849	0.0720602	0.0190064	0.0525294	0.010272	0.367749	0.0089836	0.0166627	0.0188212	0.035308	0.0340699	0.0888155	0.00980622	0.0382141
145	D	2.98619	0.0577858	0.0206171	0.496803	0.0488077	0.0153607	0.0532546	0.0294702	0.0122525	0.0100557	0.0154485	0.0323196	0.0371977	0.00887295	0.0130738	0.00646813	0.009521	0.00694895	0.0353129	0.0426478	0.0477816
146	T	3.25881	0.0488466	0.035478	0.0411033	0.0238992	0.0309184	0.00323595	0.0147626	0.0394624	0.0185104	0.0116284	0.0183378	0.00976477	0.0210996	0.0331022	0.0114011	0.337758	0.222876	0.014996	0.0110548	0.0517647
147	T	3.56043	0.0303485	0.010208	0.0401714	0.0446608	0.0135586	0.0567286	0.0387446	0.054613	0.031597	0.0152895	0.0350152	0.0261284	0.0333801	0.0153214	0.0171741	0.0966102	0.346899	0.0514585	0.0207562	0.0213371
148	Y	2.83468	0.0298524	0.0476705	0.0178871	0.0174769	0.0443378	0.0139708	0.0299394	0.0406598	0.0325753	0.00736601	0.0414074	0.0528881	0.0144028	0.0105597	0.00675632	0.0169407	0.0200416	0.00771714	0.00913787	0.538412
149	Q	3.13182	0.0206241	0.0214748	0.0180073	0.0297346	0.0208469	0.00911655	0.0329128	0.0169162	0.0533169	0.0380525	0.0560413	0.0213101	0.019357	0.473478	0.0169337	0.0680038	0.0159068	0.0326727	0.0182816	0.0170121
150	R	3.33829	0.00636147	0.0354068	0.027735	0.0263685	0.0309519	0.0875759	0.00775419	0.0610071	0.0351248	0.0190267	0.0171592	0.0808932	0.00904329	0.0122716	0.387879	0.0323868	0.021414	0.00874982	0.0686278	0.0242627
151	T	3.16047	0.139602	0.0207788	0.0173156	0.0102905	0.0185415	0.0153708	0.0128092	0.0354869	0.0181108	0.0048376	0.0375255	0.00978045	0.0111895	0.0245194	0.0217156	0.106221	0.390978	0.00891893	0.0808251	0.015183
152	R	2.66595	0.0259335	0.00974306	0.0108164	0.0189809	0.00919707	0.0244986	0.0251086	0.0177103	0.0662109	0.00705177	0.0220266	0.0377784	0.0258149	0.0148593	0.577212	0.0164279	0.0145578	0.0133118	0.0518793	0.0108808
153	A	3.41577	0.393649	0.0761426	0.0285027	0.0364775	0.01851	0.0481579	0.0332448	0.0164758	0.00893198	0.0325618	0.030624	0.0383583	0.0122959	0.0190937	0.0271777	0.021161	0.0488834	0.0678998	0.010818	0.0310345
154	L	2.85977	0.00686269	0.0224321	0.00774296	0.0069169	0.0201138	0.00308824	0.0349325	0.352577	0.00177467	0.212559	0.0120471	0.00271822	0.0102909	0.0526059	0.00778469	0.0079585	0.0060553	0.183176	0.0260207	0.0223425
155	V	3.49041	0.0730616	0.010303	0.0388891	0.0133204	0.0217273	0.0100581	0.012397	0.0238134	0.194838	0.0154344	0.0386881	0.0268708	0.00585998	0.00947703	0.0778282	0.0855806	0.0658053	0.249656	0.00551642	0.0208747
156	R	3.07903	0.0263489	0.0249199	0.0305775	0.00744035	0.00726052	0.0424687	0.0476338	0.0578745	0.0217	0.0152974	0.0285574	0.011845	0.0145395	0.0340965	0.487476	0.021435	0.0144927	0.0417459	0.0400885	0.0242022
157	T	3.35613	0.0934022	0.0623521	0.00713937	0.00773405	0.0282251	0.0114461	0.0155937	0.0480276	0.00864249	0.0430791	0.0351717	0.00943696	0.00207798	0.0348488	0.00556261	0.110661	0.120044	0.322619	0.0112445	0.0226912
158	G	3.64408	0.0688091	0.0210197	0.0319922	0.0152789	0.0284679	0.297648	0.0328026	0.0183234	0.0178439	0.0680955	0.072763	0.0488577	0.00800903	0.0392649	0.00841435	0.0991986	0.046831	0.0153977	0.0139186	0.0470636
159	M	2.96946	0.00346881	0.0522048	0.00432365	0.0131267	0.0151024	0.0201581	0.00996331	0.0407899	0.0258109	0.124843	0.471173	0.0143174	0.0105263	0.0314531	0.00900134	0.0426764	0.0510322	0.0293381	0.0195967	0.0110937
160	D	3.34139	0.0109075	0.0984252	0.374015	0.0812887	0.0200626	0.0122115	0.0510194	0.0382504	0.0175992	0.00975613	0.0118935	0.0558787	0.00670448	0.058399	0.0156281	0.00949572	0.0334905	0.0106028	0.0622773	0.0220939
161	P	3.25597	0.0770838	0.0248119	0.00326856	0.00395097	0.00711704	0.0642598	0.0255961	0.00649497	0.0167841	0.0319649	0.00955468	0.0221804	0.186011	0.0623475	0.0232743	0.319852	0.0210691	0.084034	0.00684529	0.00349955
162	R	3.34487	0.0324742	0.0352937	0.0150232	0.0173385	0.0143145	0.0128748	0.0251403	0.046994	0.0360854	0.0303682	0.0239923	0.00624155	0.0475239	0.0359224	0.408822	0.0191291	0.0255147	0.0910528	0.018713	0.0571813
163	M	3.22595	0.0579087	0.0296436	0.020051	0.00646892	0.343574	0.0110486	0.0161022	0.0554204	0.0219222	0.0524971	0.209328	0.00667245	0.0158317	0.0114516	0.0140865	0.015029	0.051525	0.0415809	0.00407671	0.0157821
164	C	3.37704	0.332898	0.132045	0.00617709	0.00300799	0.0124015	0.0327291	0.0196524	0.0383888	0.0698357	0.00986316	0.0103197	0.0982143	0.0252761	0.0260882	0.0131306	0.0444054	0.0208281	0.074786	0.012082	0.0178709
165	S	3.24586	0.136298	0.035099	0.262062	0.00556156	0.0101033	0.0248842	0.00278044	0.00274538	0.0089362	0.00346351	0.123738	0.0868899	0.029565	0.0060118	0.0040627	0.164883	0.0489233	0.0132761	0.00350981	0.0272076
166	L	3.18575	0.0128156	0.0149842	0.0632832	0.112033	0.0154107	0.0073136	0.0126613	0.203421	0.00437808	0.323553	0.0346833	0.00629636	0.0169802	0.0621376	0.0105237	0.0166029	0.0521796	0.010202	0.0114377	0.00910394
167	M	2.92955	0.00549626	0.00959983	0.00459669	0.0104953	0.00957325	0.0151941	0.0100142	0.03591	0.0432179	0.164646	0.439258	0.0253212	0.0105427	0.0183058	0.015369	0.00296229	0.0579143	0.0341706	0.0085017	0.0789109
168	Q	3.27624	0.17324	0.03245	0.0474272	0.0186007	0.00729609	0.0307564	0.017387	0.0146287	0.0243046	0.0329849	0.0152438	0.0396931	0.0321984	0.369615	0.0285112	0.0669104	0.00414572	0.00974938	0.0107594	0.024098
169	G	3.12182	0.0381896	0.0246159	0.0270179	0.0248958	0.0103634	0.470472	0.0193833	0.0400774	0.0392332	0.0337804	0.0633133	0.0345492	0.0129686	0.0155181	0.00727524	0.016411	0.0621789	0.0167447	0.0368	0.00621151
170	S	3.25213	0.0351115	0.0187157	0.0408318	0.0194286	0.0286867	0.0310404	0.00993843	0.0124345	0.00831207	0.0267255	0.0186182	0.0785804	0.0172567	0.062025	0.0324844	0.439673	0.0342205	0.0221647	0.035599	0.0281525
171	T	3.27334	0.0423066	0.274751	0.0334376	0.0196205	0.0265253	0.0272628	0.0293466	0.0219224	0.00655445	0.0224169	0.0161292	0.0274543	0.0103541	0.0767593	0.00450226	0.0324966	0.281639	0.0262578	0.0137227	0.00654096
172	L	3.35777	0.0496296	0.0345764	0.0257318	0.00833521	0.0821831	0.0181678	0.02703	0.0569894	0.0347881	0.345861	0.144385	0.00951008	0.0481447	0.00718829	0.00652837	0.0123942	0.0132068	0.0184402	0.0512237	0.00568602
173	P	3.36752	0.09272	0.0213005	0.0909143	0.0138019	0.00491808	0.0080211	0.0318101	0.0187304	0.0117486	0.0337415	0.0253697	0.0141046	0.310927	0.175939	0.0132756	0.0342338	0.0358595	0.0141181	0.00574718	0.0427189
174	R	3.17404	0.013234	0.0141058	0.0155129	0.00944378	0.0179138	0.0741411	0.0342708	0.0231521	0.0230725	0.0243556	0.0346755	0.0335106	0.0052721	0.0201102	0.449594	0.0473189	0.0574242	0.0348146	0.0600877	0.00799023
175	R	2.40282	0.00791004	0.0112662	0.00820671	0.00433334	0.00892269	0.0214455	0.0104907	0.0120423	0.530676	0.00358665	0.0415718	0.00676038	0.00610456	0.00465676	0.218121	0.0131941	0.0437703	0.011987	0.030588	0.00436586
176	S	3.30287	0.142656	0.0263737	0.0340676	0.035276	0.024518	0.0902474	0.0069086	0.00942082	0.0240138	0.00237979	0.0210396	0.0306496	0.0324024	0.0241696	0.0113871	0.373741	0.043365	0.0180804	0.012013	0.0372902
177	G	3.14386	0.0297501	0.0412157	0.0110258	0.0414656	0.0415119	0.477545	0.0346408	0.0137752	0.0250055	0.0320459	0.0574568	0.0223285	0.0319095	0.0297534	0.0181859	0.0189403	0.0100365	0.0300033	0.0211193	0.012285
178	A	3.81969	0.166552	0.0187244	0.0198975	0.0156905	0.00883691	0.0204775	0.113435	0.020933	0.036044	0.132108	0.0135113	0.0547412	0.0840225	0.0208962	0.10489	0.0494122	0.0214356	0.058187	0.0153449	0.0248601
179	A	3.30552	0.431719	0.0413437	0.0214546	0.0264434	0.041825	0.0418495	0.0262937	0.017764	0.0416444	0.00557399	0.0202927	0.0181459	0.0307811	0.0269483	0.0176475	0.0536458	0.0250776	0.0695106	0.0179416	0.0240973
180	G	3.02922	0.0264927	0.0284621	0.0459257	0.0577404	0.025628	0.48906	0.0286847	0.0157956	0.0860317	0.00834812	0.0210386	0.0195926	0.0126615	0.0254097	0.0122705	0.0269592	0.0105849	0.0307696	0.0106342	0.0179099
181	A	3.19995	0.127045	0.0241373	0.0428938	0.0142917	0.00924784	0.186853	0.0683346	0.00401479	0.00281297	0.0116905	0.00843842	0.0537028	0.00316869	0.314696	0.0117501	0.0277039	0.0108946	0.0167399	0.0558327	0.00575191
182	A	3.25947	0.268335	0.00574278	0.00418756	0.0240736	0.0333611	0.0336461	0.240013	0.0255676	0.0287839	0.0162825	0.0107958	0.144911	0.009537	0.0440256	0.00483723	0.0274672	0.0273278	0.032531	0.00643041	0.0121448
183	V	3.4917	0.0472043	0.0394608	0.0322601	0.0962098	0.0391682	0.0220466	0.0117406	0.0951534	0.0317556	0.025408	0.0255793	0.0133627	0.0232891	0.016599	0.0237762	0.0293404	0.0164886	0.357463	0.0397354	0.0139593
184	K	3.27189	0.0146907	0.0315775	0.0203116	0.0566901	0.00769214	0.0348275	0.039122	0.0322761	0.415537	0.0274177	0.114701	0.0415999	0.016106	0.0291474	0.0192745	0.0348515	0.0277859	0.00760478	0.0083422	0.0204449
185	G	3.18998	0.038964	0.0470905	0.0545718	0.0373419	0.0109761	0.452989	0.0414523	0.00653334	0.03712	0.0193746	0.0135785	0.0143227	0.00907106	0.0422241	0.0240907	0.0651043	0.0164051	0.02803	0.0264094	0.0143506
186	V	3.45179	0.0223627	0.0100602	0.0136626	0.0405112	0.0188685	0.0103077	0.0038523	0.0215903	0.0655467	0.0350242	0.190608	0.00834926	0.0592523	0.0656916	0.0102557	0.0256839	0.174369	0.207937	0.00478944	0.0112773
187	G	3.1262	0.250311	0.0324857	0.0069311	0.0260374	0.0122549	0.358678	0.0377577	0.0148311	0.0276101	0.0197934	0.0185088	0.0193905	0.0177573	0.0309098	0.0198994	0.00196894	0.0146148	0.0205552	0.0315389	0.038166
188	T	3.29809	0.0722765	0.0526236	0.0113579	0.0902357	0.0184011	0.0116806	0.00921863	0.0482206	0.0142435	0.0284478	0.0178166	0.0160492	0.0382144	0.00621458	0.0105384	0.181049	0.331157	0.0116605	0.0191483	0.0114463
