# POSITION WT SITE_ENTROPY PI_A PI_C PI_D PI_E PI_F PI_G PI_H PI_I PI_K PI_L PI_M PI_N PI_P PI_Q PI_R PI_S PI_T PI_V PI_W PI_Y
1 M 3.51499 0.0267203 0.034023 0.0369499 0.0330462 0.0347183 0.0225478 0.0589447 0.0234344 0.038531 0.0240047 0.391903 0.0347858 0.0267649 0.0330738 0.0280615 0.0180971 0.0324922 0.0215149 0.0456833 0.0347032
2 A 1.6641 0.753436 0.00815448 0.00792144 0.0152311 0.00960086 0.00968595 0.00669061 0.00613949 0.00828853 0.00291322 0.037369 0.00654594 0.00173353 0.00735511 0.00662673 0.0038125 0.00452854 0.0803493 0.0158169 0.00780085
3 S 3.57282 0.0590079 0.00302878 0.00549424 0.00587189 0.119771 0.00284074 0.0492255 0.0336272 0.00665725 0.172619 0.0494043 0.0694343 0.00400446 0.0266299 0.0140559 0.116818 0.0220202 0.0112707 0.0571455 0.171072
4 Q 3.79972 0.020215 0.0297093 0.00617246 0.0371193 0.153016 0.0104869 0.0250174 0.0811783 0.01773 0.108686 0.0220143 0.114932 0.000539672 0.0294814 0.0195713 0.0856467 0.0291462 0.0322969 0.0489698 0.128071
5 G 3.49917 0.11432 0.0747591 0.00965428 0.00412513 0.00746599 0.213952 0.0167866 0.00740872 0.00442452 0.0197147 0.0115272 0.0394039 0.0676713 0.00203958 0.116378 0.122611 0.067987 0.00215778 0.0843423 0.013271
6 T 1.46264 0.00600572 0.0105776 0.00776459 0.00743313 0.0070498 0.00593215 0.0223019 0.0311933 0.00590122 0.00599661 0.0156291 0.0101883 0.00992292 0.00703887 0.004405 0.00391377 0.808603 0.00421504 0.0199349 0.00599248
7 K 1.45917 0.00321306 0.0178731 0.0111717 0.0110055 0.00810983 0.0051221 0.00983131 0.00810053 0.804875 0.00258928 0.00983405 0.0430169 0.00255886 0.0154336 0.00450157 0.00250212 0.00588778 0.00572101 0.0172974 0.0113555
8 R 2.12935 0.00476563 0.0213677 0.00880291 0.00774579 0.00756188 0.0207703 0.00518378 0.00452351 0.00550845 0.0381584 0.0148434 0.00635108 0.027389 0.113642 0.653545 0.00431769 0.0108597 0.00748729 0.0310344 0.00614288
9 S 3.27976 0.149201 0.00773111 0.00386071 0.00844504 0.0404406 0.0078913 0.00506657 0.0215324 0.00553367 0.131216 0.0731696 0.174819 0.0071479 0.0306192 0.00397375 0.246489 0.0161051 0.00906864 0.0220746 0.0356149
10 Y 3.72039 0.139173 0.0135235 0.0223492 0.00440267 0.0356887 0.00990204 0.0899234 0.10188 0.093086 0.0865268 0.0355451 0.0287971 0.0196934 0.0277917 0.00199735 0.012553 0.0273739 0.0968391 0.00274306 0.150211
11 E 3.50626 0.0214072 0.042341 0.0553486 0.36408 0.0137284 0.0241632 0.0142118 0.0316857 0.0300817 0.0162578 0.0495753 0.0226074 0.0100285 0.0279457 0.0329223 0.0749789 0.0209821 0.0652251 0.0647202 0.0177084
12 Q 3.54231 0.023171 0.0309584 0.00834118 0.00462839 0.025296 0.0114501 0.128619 0.0257047 0.253064 0.0471084 0.0174611 0.0898921 0.00633171 0.0634295 0.141292 0.0524935 0.0304085 0.0167637 0.0175621 0.00602365
13 M 2.79736 0.0213318 0.0378681 0.150709 0.025408 0.0151562 0.0208727 0.0129604 0.0481428 0.0161613 0.01284 0.507106 0.0312924 0.00757271 0.0132827 0.00806245 0.0111249 0.0120166 0.0171096 0.0218446 0.00913762
14 E 3.18093 0.0129267 0.051407 0.0508528 0.402419 0.0342313 0.0123653 0.00812171 0.0227045 0.155271 0.013407 0.0192814 0.0556857 0.00300708 0.0338335 0.0137292 0.0110335 0.0418226 0.0183235 0.0267258 0.0128514
15 T 3.19467 0.00690344 0.0194984 0.0104689 0.054823 0.0397202 0.0079211 0.0521043 0.133786 0.00886006 0.179353 0.0131539 0.0307942 0.00473125 0.0165914 0.00687264 0.0243724 0.338234 0.0241468 0.0164151 0.0112512
16 D 3.28479 0.0291918 0.0167215 0.387046 0.0806289 0.0161375 0.126654 0.0232252 0.0174262 0.00862457 0.0072103 0.048951 0.0362116 0.00817993 0.0364632 0.0637671 0.025042 0.0144917 0.0117933 0.0183994 0.0238345
17 G 3.4421 0.0429214 0.140502 0.00672708 0.013351 0.00629326 0.267149 0.0110901 0.0359266 0.0371597 0.00587052 0.109609 0.0164176 0.123341 0.0823973 0.022337 0.0233937 0.0252822 0.0109073 0.0127478 0.00657681
18 E 3.83573 0.0289029 0.0228583 0.0852366 0.199739 0.024604 0.0225869 0.0588439 0.0299697 0.018206 0.093938 0.00734784 0.0320765 0.0562936 0.0206169 0.0102892 0.0240005 0.0509712 0.13817 0.0277441 0.0476045
19 R 2.5618 0.0168939 0.0348444 0.0295543 0.0133671 0.0442923 0.00696692 0.0391366 0.0107281 0.0184242 0.00454453 0.0262008 0.0202154 0.0106893 0.0197644 0.606987 0.00988159 0.0223607 0.0252677 0.014937 0.0249439
20 Q 2.46167 0.00749704 0.0114717 0.0054173 0.00884079 0.00805088 0.00645367 0.00925088 0.0078737 0.00736357 0.0128877 0.0132931 0.010441 0.170161 0.52081 0.0325796 0.128046 0.0118317 0.008437 0.00910948 0.0101823
21 N 3.75578 0.0145732 0.0392111 0.014538 0.111269 0.00400475 0.00918529 0.0153396 0.0173017 0.115147 0.0688147 0.162424 0.131939 0.0630849 0.0129848 0.0482042 0.0754243 0.05069 0.0195421 0.0134864 0.0128357
22 A 3.61859 0.1686 0.0101449 0.0343893 0.0181164 0.0179437 0.0133823 0.0276053 0.0131595 0.124622 0.00942195 0.00542819 0.0149912 0.0326199 0.0248823 0.089119 0.105883 0.120079 0.147798 0.0124369 0.00937799
23 T 3.74529 0.062148 0.0382455 0.00414307 0.00982131 0.0365773 0.0327724 0.223583 0.0161119 0.0174602 0.0704162 0.0130152 0.0446056 0.00941081 0.102912 0.0489956 0.116489 0.0853379 0.0210183 0.0210568 0.0258798
24 E 3.32407 0.022144 0.0233074 0.0189631 0.333328 0.00849717 0.00567468 0.0403025 0.0501902 0.0288088 0.0192733 0.0174776 0.0102951 0.0154718 0.20733 0.0398313 0.0195197 0.03555 0.0615727 0.0114546 0.0310084
25 I 3.37239 0.00811464 0.00448234 0.0061481 0.0182436 0.00730951 0.13979 0.00837923 0.182969 0.0565736 0.0211707 0.124637 0.00504272 0.0101761 0.163784 0.0931516 0.0146148 0.00531456 0.113684 0.0121359 0.00427816
26 R 3.218 0.058753 0.00963724 0.0136944 0.0222971 0.0503084 0.0126739 0.0272092 0.0148287 0.116635 0.0232015 0.01622 0.00481548 0.0102268 0.0244068 0.382069 0.135484 0.0176978 0.0167928 0.0146615 0.0283867
27 A 3.73917 0.126278 0.00858309 0.00608562 0.0154002 0.00520391 0.0132903 0.0961251 0.0155633 0.112695 0.044655 0.080001 0.0310404 0.0179286 0.0995244 0.100816 0.0380055 0.0327936 0.138946 0.00849968 0.00856448
28 S 3.52615 0.102519 0.0399112 0.00599053 0.00632756 0.0382587 0.0885642 0.0296729 0.00834295 0.0515464 0.0150286 0.0193306 0.0991312 0.00475929 0.147547 0.0541018 0.242137 0.0192359 0.00765809 0.00977019 0.0101676
29 V 3.282 0.0913604 0.0242045 0.0622054 0.0166549 0.0227077 0.0123797 0.0056707 0.160859 0.0102423 0.0129455 0.0376734 0.0093041 0.0174131 0.0163756 0.0346725 0.0424261 0.030133 0.361388 0.0192107 0.0121736
30 G 3.51211 0.115669 0.0452866 0.00916146 0.0301051 0.0602704 0.242468 0.00398784 0.00692949 0.0342158 0.00943598 0.0256986 0.0383797 0.0163761 0.206386 0.0187017 0.0343601 0.0456499 0.017232 0.025148 0.014539
31 K 3.62304 0.0177469 0.0476178 0.00646609 0.111855 0.0306066 0.0957452 0.0152925 0.0354214 0.243977 0.0146442 0.0386573 0.040005 0.0483283 0.0221241 0.150708 0.0242289 0.0181463 0.0170689 0.0154922 0.0058688
32 M 3.24703 0.00815989 0.0137718 0.0164009 0.0113355 0.0290191 0.0199809 0.0170026 0.0187597 0.0156328 0.00698997 0.319722 0.202694 0.0224219 0.00848448 0.0131031 0.121732 0.030922 0.0748889 0.0214017 0.0275765
33 I 3.55351 0.106116 0.0790045 0.0106252 0.0291286 0.0147831 0.0698072 0.00311674 0.199235 0.00688559 0.119036 0.154106 0.0196538 0.00936294 0.0062426 0.00504428 0.0227013 0.0625514 0.0592664 0.0106933 0.0126398
34 D 3.99997 0.0993698 0.0787688 0.0881984 0.102227 0.0467889 0.0330201 0.0331673 0.0830871 0.00738364 0.0555775 0.106594 0.0302364 0.00240428 0.0499295 0.0204097 0.0442367 0.0227293 0.060659 0.0135347 0.0216783
35 G 3.44754 0.0561152 0.0371026 0.011689 0.0130606 0.0301057 0.328008 0.0520917 0.0260758 0.0255739 0.0208055 0.0222807 0.0282525 0.0161771 0.0116456 0.0220818 0.184677 0.0395234 0.0196521 0.0246091 0.0304731
36 I 3.70182 0.0474425 0.0174187 0.0243211 0.0167066 0.141007 0.0243038 0.0208864 0.200437 0.0104907 0.0287051 0.125444 0.00612265 0.00969764 0.0552364 0.0350088 0.0350843 0.0977921 0.0744178 0.0219653 0.0075119
37 G 3.65492 0.0320367 0.0388558 0.0376132 0.112744 0.0356765 0.270181 0.0164212 0.0135703 0.0173943 0.0288154 0.0332695 0.0248516 0.0315805 0.0173713 0.00982758 0.12389 0.0146926 0.0826314 0.0433799 0.0151969
38 R 3.84345 0.0287067 0.0298073 0.0389035 0.0206836 0.030273 0.06211 0.0500579 0.0198838 0.0476995 0.0903141 0.0318089 0.0253166 0.0506959 0.058687 0.264939 0.029491 0.0253476 0.0146851 0.0577024 0.0228874
39 F 3.70112 0.12594 0.0503509 0.0105986 0.0299154 0.179634 0.0131351 0.011483 0.0156566 0.0147489 0.0204649 0.0363818 0.0812972 0.0245156 0.0164709 0.0221543 0.0376906 0.0244405 0.0282982 0.191582 0.0652409
40 Y 3.34346 0.0741468 0.00859543 0.0688307 0.00965044 0.01784 0.0137335 0.19292 0.0203196 0.00818805 0.0167342 0.0151907 0.00870337 0.0188391 0.0390147 0.0893606 0.012317 0.0239845 0.0225315 0.0301405 0.30896
41 I 4.1038 0.0305973 0.0578092 0.0312627 0.0539471 0.056004 0.0687419 0.0129419 0.0985102 0.00488694 0.0472658 0.0252623 0.0604551 0.0531666 0.0583295 0.0205083 0.113934 0.0830606 0.0385815 0.0563835 0.028352
42 Q 3.21149 0.0313622 0.0435922 0.0149363 0.0382417 0.0155364 0.0422928 0.0442429 0.0124935 0.0986302 0.0137424 0.0204628 0.013364 0.0445872 0.442813 0.0189678 0.0227497 0.0139842 0.0193302 0.0231645 0.025506
43 M 3.81108 0.0568761 0.0354896 0.0278651 0.0268738 0.0418671 0.0173363 0.0639295 0.0401286 0.0692699 0.0706274 0.266722 0.0639207 0.0116583 0.020316 0.0274656 0.0235996 0.0691434 0.0269315 0.013809 0.02617
44 C 3.87641 0.0598061 0.18177 0.00987048 0.0665026 0.0161813 0.0524514 0.0223982 0.155372 0.0613588 0.0650468 0.0209507 0.063068 0.0107234 0.0211597 0.0543672 0.022714 0.0334102 0.0216527 0.0378418 0.0233555
45 T 3.52253 0.0240499 0.0846644 0.0155701 0.0154267 0.0175088 0.0170949 0.0127395 0.0187601 0.0215771 0.10868 0.0364789 0.0592047 0.0453631 0.0106599 0.0182232 0.153499 0.278897 0.0403067 0.0130694 0.00822594
46 E 3.63647 0.0129684 0.0559358 0.0341066 0.288054 0.0709005 0.0190683 0.0202802 0.036007 0.0172259 0.0138562 0.0270715 0.0516286 0.138877 0.0300953 0.0610454 0.0169768 0.051715 0.0194772 0.0241324 0.0105777
47 L 3.78686 0.00640422 0.0438817 0.0470841 0.0235279 0.00938852 0.0587374 0.0171545 0.0473908 0.0293853 0.236681 0.0402959 0.0190394 0.0805009 0.00881443 0.0776401 0.0287978 0.0448527 0.105671 0.0122739 0.062478
48 K 3.78778 0.096295 0.0292453 0.0276447 0.0116715 0.0211158 0.0249809 0.0564941 0.0387539 0.223516 0.0407999 0.0713772 0.0375628 0.015311 0.123549 0.0156951 0.0284175 0.0824796 0.0312943 0.0164139 0.00738271
49 L 3.88099 0.0869054 0.0274794 0.0135452 0.0114855 0.115177 0.0162262 0.0125531 0.0339752 0.0101826 0.167055 0.0600027 0.0292777 0.036558 0.0305518 0.0363845 0.0189713 0.0844957 0.0722872 0.0297994 0.107087
50 S 3.88632 0.164459 0.022102 0.0189536 0.0632237 0.0561975 0.118914 0.0433046 0.00681408 0.025814 0.0305025 0.0374641 0.0270542 0.0774016 0.117122 0.0304581 0.0725422 0.0504035 0.0187303 0.00581364 0.0127251
51 D 3.79312 0.0433124 0.0240979 0.0997837 0.0298079 0.00675355 0.100484 0.0106969 0.0430129 0.00513615 0.0678393 0.0327775 0.156227 0.0319298 0.0706072 0.029951 0.0261473 0.149918 0.0606743 0.00537768 0.00546494
52 Y 3.58118 0.178947 0.0135375 0.0131482 0.0601401 0.0237367 0.0445855 0.0199354 0.0160332 0.0189756 0.0102068 0.0265674 0.0680989 0.00360033 0.00563299 0.022236 0.0581551 0.209026 0.0339563 0.0249926 0.148489
53 E 3.66563 0.122332 0.0295843 0.0671343 0.252813 0.0185505 0.0119098 0.0204783 0.0185984 0.0071533 0.0150492 0.0315287 0.0193662 0.0110751 0.043047 0.0339329 0.0652948 0.0371977 0.0126547 0.0673032 0.114996
54 G 3.75327 0.0715801 0.0291017 0.0447871 0.0447475 0.0122044 0.268301 0.0709147 0.0164516 0.010989 0.0132177 0.0295745 0.0412517 0.0431156 0.0433129 0.0316756 0.0969522 0.0743734 0.0172362 0.0186915 0.0215209
55 R 3.76071 0.0210469 0.0526612 0.0353723 0.0167818 0.0277426 0.00796638 0.0662944 0.028985 0.193284 0.0716328 0.0242388 0.01544 0.0476831 0.0513971 0.204559 0.0205685 0.0221225 0.0344079 0.0168092 0.0410063
56 L 3.8453 0.0348051 0.0684091 0.0126988 0.0312606 0.0164005 0.0399013 0.0603826 0.0463292 0.0124311 0.127564 0.0623781 0.20427 0.0391769 0.0152711 0.0128801 0.0490904 0.0921585 0.0433364 0.0103576 0.0208986
57 I 3.61508 0.0455537 0.0219013 0.0231771 0.0205323 0.0135844 0.0669919 0.00940542 0.190766 0.02193 0.193261 0.0279236 0.0267476 0.028007 0.0480542 0.0301756 0.0169904 0.0256786 0.165883 0.00950906 0.0139279
58 Q 3.66351 0.0325451 0.0144668 0.0300648 0.0478425 0.0213851 0.0251617 0.0689586 0.0175627 0.054547 0.0206541 0.00998803 0.122293 0.0373874 0.294535 0.0493731 0.0314644 0.0180128 0.0200886 0.0191904 0.0644791
59 N 3.48404 0.0279828 0.0166262 0.0828333 0.0228719 0.0157348 0.147641 0.0500888 0.00935547 0.064772 0.0156956 0.0217929 0.315231 0.0229714 0.0145575 0.0308643 0.0110234 0.0658066 0.0361644 0.0178455 0.0101413
60 S 3.70182 0.0302469 0.0737587 0.0171447 0.0170555 0.0108548 0.114122 0.00749085 0.0728047 0.0144566 0.0380263 0.0380382 0.0824888 0.0113976 0.0278996 0.0350523 0.243056 0.100162 0.0346169 0.012853 0.0184746
61 L 3.67417 0.0226054 0.0314008 0.117726 0.00909508 0.0275151 0.0368603 0.0280185 0.0430839 0.0124446 0.187697 0.0182687 0.0421674 0.0201851 0.0330455 0.0109004 0.0585832 0.0623931 0.210157 0.0113011 0.0165519
62 T 3.44606 0.0382867 0.0296236 0.0128559 0.0569806 0.0136279 0.0534559 0.0213713 0.00752683 0.0080744 0.0159909 0.009437 0.26434 0.0303218 0.0125558 0.0255805 0.167332 0.165547 0.0238777 0.0166512 0.0265631
63 I 3.72233 0.15795 0.0754072 0.0138759 0.00843726 0.0286789 0.00901484 0.0167756 0.205518 0.0253996 0.0954343 0.0704479 0.00767103 0.0702 0.0238398 0.0399817 0.0178245 0.0358559 0.0593819 0.0216204 0.0166856
64 E 3.7416 0.0197555 0.0309573 0.0628581 0.307046 0.0296418 0.0687514 0.0346229 0.0558587 0.0177716 0.0384767 0.0386665 0.0383181 0.0459756 0.00993005 0.0389887 0.0291308 0.0371837 0.0155346 0.0269858 0.0535459
65 R 3.37393 0.0215808 0.0174731 0.0211829 0.047951 0.0230194 0.0230553 0.0184684 0.010249 0.0970027 0.0204342 0.0188893 0.0606517 0.0407863 0.0294348 0.399572 0.0506851 0.0342488 0.0307107 0.0234347 0.0111698
66 M 3.82343 0.0370807 0.0588232 0.0408565 0.0219929 0.099108 0.0572809 0.0218918 0.0466404 0.0400606 0.018091 0.267975 0.0425423 0.0150376 0.0535114 0.0191865 0.0517908 0.0274036 0.0285207 0.0305564 0.0216497
67 V 3.85685 0.0855959 0.0353311 0.0279005 0.0395251 0.0272042 0.0385314 0.0346002 0.0401994 0.0288288 0.0175746 0.0930414 0.118354 0.0151453 0.0319204 0.017093 0.0360782 0.0270978 0.226626 0.0184132 0.04094
68 L 3.87352 0.0332254 0.0373858 0.0161961 0.0231638 0.0388799 0.0340709 0.0987704 0.125058 0.0403573 0.217414 0.0334849 0.042388 0.034717 0.051941 0.0186865 0.0674612 0.0216034 0.0136177 0.0299786 0.0216004
69 S 3.30004 0.0498253 0.0567039 0.0197714 0.0232331 0.0166314 0.0753616 0.0340979 0.0219759 0.0122033 0.0225155 0.027089 0.0444897 0.0403272 0.0146753 0.0186038 0.427609 0.0441197 0.0213459 0.0146901 0.0147316
70 A 3.43931 0.229883 0.0252823 0.0787798 0.015151 0.0105818 0.170891 0.0180231 0.0247242 0.017271 0.00984044 0.0102672 0.0250761 0.0102468 0.018501 0.0134919 0.175186 0.0858557 0.0081174 0.0146506 0.0381798
71 F 3.77365 0.0536627 0.0128201 0.0552014 0.0183586 0.229188 0.0257545 0.0276375 0.0100789 0.0606682 0.0230018 0.0079171 0.0393798 0.0475554 0.0372771 0.0685941 0.0329391 0.026791 0.036549 0.0257168 0.160909
72 D 3.42894 0.0296578 0.0423507 0.390829 0.0345905 0.0326502 0.026682 0.0170517 0.020908 0.0221778 0.0195968 0.044706 0.0224995 0.0121307 0.0156761 0.0702207 0.0183936 0.0503315 0.0264066 0.082915 0.0202262
73 E 3.78614 0.0275924 0.0201832 0.0478376 0.0466981 0.0646858 0.0196616 0.0178548 0.118744 0.0622395 0.166754 0.0186531 0.0180324 0.00207701 0.0318786 0.0153631 0.0315581 0.127266 0.118941 0.0407048 0.00327432
74 R 3.57386 0.0368071 0.0116137 0.0922183 0.0285401 0.0219947 0.0126253 0.0171316 0.0102502 0.0957289 0.0764598 0.0242952 0.0202167 0.0100726 0.0774844 0.305122 0.0426587 0.0129918 0.0527331 0.0350687 0.0159873
75 R 3.22509 0.0258814 0.0297061 0.031426 0.0146875 0.0258679 0.0232014 0.0284068 0.00887417 0.179087 0.00705562 0.0238933 0.0292381 0.0136189 0.00971188 0.382948 0.00752687 0.061565 0.018979 0.0279699 0.0503559
76 N 3.63043 0.0290602 0.0486678 0.00977434 0.0739421 0.00993346 0.0143717 0.00741067 0.0962659 0.0377729 0.0631254 0.0668584 0.157845 0.00501965 0.104096 0.0109695 0.0149353 0.0172315 0.0147844 0.204257 0.0136783
77 K 3.8672 0.0650465 0.0581685 0.00586923 0.0111158 0.00918618 0.0534999 0.0928325 0.0859393 0.0575376 0.0347666 0.0943446 0.0687552 0.0108701 0.0413373 0.176531 0.0567084 0.0381571 0.0236939 0.0104884 0.00515266
78 Y 3.27792 0.0276396 0.0227821 0.0164307 0.041979 0.247064 0.02111 0.0913016 0.0446337 0.0125535 0.00741039 0.011289 0.0176629 0.0106181 0.0110226 0.026897 0.0116368 0.00999998 0.0362855 0.0338384 0.297846
79 L 3.31444 0.0294322 0.0486384 0.0105783 0.0222314 0.028979 0.0184748 0.0164841 0.0702043 0.021046 0.425317 0.0672263 0.0304293 0.0249308 0.0285245 0.0224928 0.0197858 0.0159116 0.0509368 0.0152759 0.0331005
80 E 3.76445 0.0290958 0.0273238 0.0503394 0.289749 0.0512337 0.0236297 0.0267775 0.0469425 0.0379025 0.0262111 0.0264197 0.0615512 0.00436934 0.0369739 0.0108823 0.0322842 0.0675323 0.0442079 0.0331896 0.0733843
81 E 3.72511 0.0123147 0.0446411 0.0671135 0.292144 0.0532665 0.0389173 0.028431 0.0625438 0.0254603 0.0363177 0.0304046 0.0497505 0.0105093 0.0120958 0.0247155 0.0476855 0.0272782 0.0864288 0.00955008 0.0404317
82 H 3.70555 0.0154404 0.0894386 0.00348342 0.00654377 0.151481 0.00362325 0.0859075 0.0163346 0.0363595 0.0172181 0.103386 0.0297511 0.00226481 0.176821 0.0317411 0.0428543 0.0312823 0.0249487 0.0727933 0.0583277
83 P 3.34356 0.0550812 0.0459429 0.00591436 0.0145285 0.0172261 0.0352618 0.025834 0.0218657 0.00771265 0.00940274 0.043881 0.0539573 0.135382 0.377904 0.0215536 0.0324061 0.0241498 0.0399615 0.0196668 0.0123686
84 S 3.43963 0.264348 0.0935063 0.00464478 0.00804318 0.00312083 0.0562502 0.0086022 0.0233365 0.00509063 0.0525365 0.0497858 0.157517 0.0141862 0.0186199 0.00614246 0.0828785 0.080547 0.0129456 0.0514918 0.00640648
85 A 3.99077 0.124418 0.0445318 0.00605219 0.0179976 0.0210498 0.0638309 0.026057 0.0362387 0.0197207 0.0305717 0.0226621 0.116139 0.0951073 0.0807578 0.0655708 0.0603875 0.0840792 0.0373367 0.00844999 0.0390422
86 G 3.55328 0.0539022 0.0131923 0.00736946 0.0117552 0.0101014 0.151985 0.111703 0.0083437 0.0314311 0.0668665 0.00821417 0.249003 0.0609274 0.0291088 0.0620118 0.062051 0.0309727 0.00759937 0.0105229 0.0129383
87 K 2.71702 0.0110471 0.0223098 0.0103546 0.0430849 0.00972693 0.0170557 0.0193997 0.0243129 0.576473 0.00887687 0.0380976 0.0135637 0.0235312 0.0191467 0.036406 0.0280625 0.0248626 0.0320046 0.00995122 0.0317332
88 D 3.10973 0.00495551 0.146899 0.267503 0.0242153 0.019634 0.0215776 0.0125982 0.0315894 0.00805602 0.0145689 0.0204576 0.279245 0.0139997 0.0361913 0.00662693 0.0533255 0.0131967 0.0130175 0.00932069 0.00302155
89 P 3.74236 0.114186 0.122078 0.0124626 0.0110281 0.067718 0.0422319 0.0160018 0.0149742 0.0102369 0.0447221 0.0149189 0.0173416 0.168525 0.00856477 0.0124137 0.0838316 0.0168423 0.106083 0.0899632 0.0258761
90 K 3.79341 0.0220217 0.0160978 0.0120557 0.00833632 0.00668038 0.0218596 0.0644264 0.082646 0.106389 0.0283282 0.0670877 0.0913476 0.00266336 0.14658 0.0760062 0.0420875 0.138457 0.0379826 0.0164159 0.0125307
91 K 2.76765 0.0168306 0.035908 0.0152879 0.013216 0.0203593 0.0137128 0.0181846 0.012166 0.486596 0.00903648 0.0223364 0.0264962 0.0149428 0.0148029 0.201485 0.0182353 0.00966183 0.0104522 0.0232514 0.0170393
92 T 3.21701 0.044177 0.0173663 0.0193248 0.00986116 0.0504059 0.0642423 0.03188 0.0190483 0.0162918 0.0312961 0.0408423 0.104369 0.018143 0.0207422 0.014885 0.0259083 0.430612 0.012719 0.0194593 0.00842626
93 G 3.25601 0.0161174 0.0115601 0.0248343 0.0348158 0.0291416 0.438448 0.0245616 0.016261 0.023362 0.0203001 0.0518142 0.0162785 0.049551 0.0645398 0.0172575 0.0524125 0.0356442 0.00875808 0.0508345 0.0135073
94 G 3.36014 0.0143634 0.0263047 0.0665398 0.0551106 0.0143882 0.418636 0.0263108 0.045977 0.0466763 0.0262047 0.0455783 0.036215 0.0221599 0.028941 0.0208175 0.0180361 0.0331273 0.012328 0.021058 0.0212279
95 P 3.74759 0.0921962 0.055823 0.0490025 0.0125576 0.0113342 0.113917 0.0465294 0.0192166 0.0415062 0.0136914 0.0231261 0.0330955 0.259815 0.0248222 0.0229415 0.0669072 0.0188816 0.0462908 0.0266877 0.0216585
96 I 3.66422 0.0209379 0.0294597 0.0297609 0.0262893 0.0505454 0.0107008 0.0146818 0.249257 0.0154322 0.156336 0.042496 0.0178389 0.0195012 0.0158126 0.0134808 0.031814 0.060145 0.10202 0.0237523 0.0697377
97 Y 3.70968 0.0266305 0.0506695 0.0184803 0.0578172 0.0688259 0.0415601 0.0270935 0.0253937 0.137965 0.0208883 0.00946159 0.0342689 0.0138774 0.06451 0.0418173 0.0188178 0.0167585 0.0406723 0.0168059 0.267686
98 K 3.86265 0.0361798 0.0356158 0.0100868 0.0144349 0.0192825 0.0175263 0.0661652 0.0179027 0.219321 0.0595032 0.040063 0.0701173 0.0189521 0.071367 0.10636 0.0649885 0.0538322 0.0352786 0.0302398 0.0127834
99 R 3.58429 0.0263142 0.0399558 0.0188328 0.0291008 0.0139552 0.0484059 0.0302776 0.0113933 0.165058 0.0281647 0.0156567 0.0338113 0.0121484 0.0303093 0.292666 0.0159616 0.071933 0.0319617 0.0226465 0.0614473
100 V 3.9868 0.151412 0.017451 0.0131653 0.0300662 0.0212885 0.0322984 0.110538 0.0397098 0.0212931 0.119323 0.0454744 0.041493 0.0742639 0.0447054 0.0358644 0.0421657 0.0269299 0.0817971 0.0192424 0.0315188
101 D 3.66671 0.0454757 0.0199877 0.279755 0.0553459 0.00645593 0.0270363 0.0188609 0.0358758 0.0202687 0.0637416 0.0158521 0.0683503 0.0929146 0.0298645 0.0395433 0.0278764 0.104819 0.0308428 0.00985536 0.0072776
102 R 3.76204 0.0184327 0.0371306 0.00900921 0.0131739 0.095698 0.0606088 0.0465668 0.00933257 0.0659373 0.0947316 0.0330756 0.0148915 0.0113067 0.0134739 0.197847 0.0551907 0.0149266 0.010813 0.121388 0.076465
103 K 3.73286 0.0700033 0.022524 0.0145894 0.0251736 0.00871641 0.0282888 0.0739657 0.0267436 0.193444 0.0375817 0.0366611 0.128717 0.0123083 0.0229063 0.0384837 0.0354684 0.0386799 0.164317 0.0131564 0.00827126
104 W 3.34457 0.021103 0.0155296 0.0357702 0.0137838 0.195021 0.0114923 0.013886 0.0799887 0.0133438 0.0233957 0.0145885 0.0150098 0.0146964 0.0114853 0.0298324 0.0258606 0.0287423 0.0728317 0.326917 0.0367227
105 M 3.99455 0.0207721 0.116747 0.0507027 0.0239644 0.0936152 0.0127139 0.0519995 0.0370259 0.0349521 0.0898253 0.165235 0.0608199 0.0328396 0.0329 0.0244425 0.0289973 0.032928 0.0292586 0.0221254 0.038136
106 R 3.34585 0.033393 0.0342873 0.0328963 0.0562594 0.0185771 0.021358 0.0245397 0.0294073 0.0387302 0.0417009 0.0219278 0.0248668 0.0161586 0.0217984 0.435099 0.019032 0.0260616 0.0286329 0.0339953 0.0412777
107 E 3.43777 0.0386573 0.0189715 0.188092 0.313764 0.0168574 0.0139503 0.088067 0.0137996 0.021638 0.0273679 0.0230917 0.0557835 0.0201111 0.0135727 0.0155871 0.0329802 0.0267514 0.0350203 0.0182393 0.0176987
108 L 3.63764 0.0229763 0.0219149 0.00941207 0.0183301 0.0368713 0.0553816 0.0365512 0.0310827 0.0458077 0.329188 0.0342698 0.0147494 0.0828415 0.0722279 0.0193159 0.0410662 0.0437846 0.0378492 0.0189438 0.0274355
109 V 3.50937 0.0305039 0.269108 0.0156308 0.0577924 0.0346243 0.0219154 0.019624 0.0676138 0.0434972 0.0531359 0.0220686 0.00761746 0.0167349 0.0359775 0.019423 0.0195944 0.0276846 0.215773 0.0112578 0.0104234
110 L 3.1184 0.0105275 0.025396 0.0331202 0.0149109 0.0292419 0.0139256 0.0240251 0.0640658 0.049156 0.477091 0.0193427 0.0158245 0.0644645 0.017856 0.0270832 0.0144565 0.023679 0.0317505 0.0260791 0.0180045
111 Y 3.67517 0.0155612 0.00766115 0.0175918 0.0691961 0.0904339 0.0116016 0.0554534 0.0340346 0.00791945 0.0287079 0.186568 0.0199642 0.0165489 0.027321 0.010334 0.0573305 0.186682 0.0255573 0.0237564 0.107777
112 D 3.62385 0.0301094 0.0403189 0.251934 0.0468069 0.0115136 0.0304484 0.0377419 0.0233472 0.0149197 0.0593549 0.0200716 0.201576 0.0251013 0.0140189 0.0456403 0.0129637 0.0160989 0.0296046 0.0231326 0.0652962
113 K 3.00521 0.00990591 0.0139029 0.0269139 0.0237929 0.036897 0.00759067 0.0323605 0.0109258 0.503787 0.0243064 0.0230817 0.0299628 0.0123662 0.0621174 0.0320051 0.0553409 0.0235147 0.0132487 0.0387704 0.0192084
114 E 3.7735 0.0298524 0.0197092 0.0882903 0.213404 0.0626136 0.0246202 0.0214968 0.0356458 0.0938892 0.0111754 0.0203958 0.0739744 0.0162007 0.0603683 0.00986961 0.0129394 0.0234311 0.00591206 0.109814 0.0663977
115 E 3.20217 0.0329359 0.0189192 0.0696784 0.459641 0.0566936 0.0151902 0.0226245 0.0294124 0.0327902 0.0267154 0.03385 0.0276514 0.0143179 0.0306176 0.0382444 0.0244568 0.0221635 0.0109095 0.0107804 0.0224078
116 I 3.11044 0.0168745 0.107059 0.0176332 0.0142513 0.0196109 0.0225175 0.0102152 0.264122 0.0168744 0.0196465 0.00447603 0.044042 0.012599 0.0135933 0.00932727 0.00941858 0.0543406 0.313235 0.020712 0.00945082
117 R 3.81668 0.0186655 0.079991 0.014539 0.0204512 0.021739 0.0120876 0.0340668 0.0401986 0.0301364 0.0640571 0.129275 0.0125362 0.00653611 0.146403 0.167667 0.0540086 0.0372632 0.0572649 0.0162967 0.036816
118 R 3.75874 0.0373402 0.0257248 0.0207467 0.0538062 0.0301886 0.0274195 0.027554 0.0558803 0.0741623 0.0704922 0.0229539 0.00941372 0.026598 0.0469115 0.29888 0.0198932 0.0368694 0.0381549 0.0404361 0.0365741
119 I 3.52261 0.0152696 0.0613441 0.0420852 0.0193546 0.0184255 0.0340858 0.025327 0.352432 0.0148447 0.0283726 0.0562827 0.0327156 0.0170728 0.0362924 0.0128381 0.0195891 0.0417606 0.112441 0.0313066 0.0281608
120 W 3.44224 0.0240558 0.0280838 0.0274545 0.0205597 0.0551831 0.0259771 0.0277755 0.0292484 0.0353181 0.0193764 0.0456393 0.0502689 0.0228292 0.0289324 0.0117465 0.0177455 0.0121299 0.0212292 0.37278 0.123667
121 R 3.77964 0.0224564 0.0732062 0.0200243 0.0127167 0.0252767 0.0180656 0.0486359 0.0256819 0.0421612 0.0981997 0.0358357 0.0628893 0.0101462 0.0146914 0.233872 0.12924 0.035416 0.021599 0.0376933 0.0321931
122 Q 3.66615 0.0117683 0.0435361 0.00312815 0.016229 0.0789385 0.00823783 0.0808999 0.12648 0.0163386 0.0776312 0.0393146 0.0259112 0.0280519 0.132975 0.035793 0.0225402 0.0233375 0.210398 0.00742959 0.0110616
123 A 3.51555 0.310744 0.0829366 0.0143882 0.0215771 0.0140999 0.149448 0.0190616 0.022037 0.0101801 0.0336907 0.0165002 0.0249674 0.0256458 0.0198289 0.0460753 0.0759711 0.0368313 0.0432873 0.0228001 0.0099304
124 N 3.75017 0.0244518 0.0485421 0.018313 0.0359501 0.0566128 0.0933572 0.0306904 0.0260746 0.018558 0.0155378 0.0413525 0.270756 0.0339785 0.0286895 0.0161865 0.0864368 0.013096 0.0129791 0.0526886 0.0757486
125 N 3.96024 0.0288599 0.111157 0.0255891 0.0180978 0.0687374 0.0412826 0.0225193 0.0340396 0.0181303 0.0681678 0.0528001 0.193183 0.014319 0.0625821 0.0295992 0.058839 0.0360706 0.036279 0.0162837 0.0634642
126 G 3.74291 0.0877312 0.0742578 0.0140077 0.0314132 0.0142813 0.173024 0.0149318 0.0117751 0.013838 0.193194 0.065492 0.0481936 0.00782763 0.0308863 0.0622052 0.0522809 0.0467379 0.0279995 0.0214924 0.00843056
127 D 4.10913 0.0848484 0.0157439 0.0627544 0.0370549 0.0510349 0.0448142 0.0517285 0.0325576 0.0379719 0.123738 0.0359115 0.0274228 0.0127795 0.0946787 0.0353582 0.0362674 0.0699992 0.0834342 0.0428737 0.0190279
128 D 3.89046 0.0955335 0.0165379 0.0665782 0.0219535 0.0967505 0.0178354 0.179546 0.0226505 0.0119965 0.0511629 0.015134 0.0958587 0.0471081 0.0170546 0.019619 0.0337601 0.0643007 0.0535512 0.00822905 0.0648399
129 A 3.77648 0.168021 0.0349149 0.00736091 0.0237626 0.0165609 0.16711 0.0180137 0.0233669 0.127983 0.0498458 0.0303777 0.0240296 0.016487 0.0388956 0.0708495 0.0454057 0.0622871 0.0576008 0.00695803 0.0101698
130 T 3.76008 0.0168402 0.0709237 0.0140081 0.0178107 0.0160218 0.00870864 0.0798192 0.00945374 0.125984 0.0438854 0.0600699 0.0241734 0.0243407 0.0261171 0.0460018 0.0357827 0.18782 0.147992 0.0314989 0.012748
131 A 3.40925 0.205281 0.0237857 0.0116957 0.0332887 0.00759422 0.0268772 0.0768484 0.0111708 0.00662814 0.0117538 0.0483093 0.0450858 0.275228 0.0506643 0.00643045 0.0924973 0.0161031 0.0226155 0.016451 0.0116919
132 G 3.39568 0.0358851 0.0219161 0.032323 0.0187333 0.0114634 0.328782 0.0284625 0.176954 0.0143382 0.0211405 0.0382333 0.0308638 0.0208572 0.0362688 0.0139219 0.104004 0.0139395 0.0152348 0.018936 0.0177436
133 L 3.19476 0.0338393 0.012111 0.089065 0.014691 0.018993 0.0135294 0.00794573 0.307364 0.0388327 0.258687 0.0535565 0.0104823 0.0174786 0.0247205 0.0134451 0.0105077 0.0139719 0.0378453 0.0107206 0.0122132
134 T 3.26619 0.0489515 0.0805083 0.0340255 0.0241004 0.0246486 0.0163141 0.0122484 0.013402 0.006572 0.018054 0.0339838 0.0324702 0.0194692 0.0142059 0.0120089 0.099992 0.40428 0.0745611 0.0160019 0.014202
135 H 3.3917 0.0332027 0.0259932 0.0172321 0.0260724 0.0495219 0.0258239 0.396952 0.0176225 0.0357603 0.0144424 0.103892 0.0358759 0.0374869 0.0558922 0.02524 0.0231196 0.0213029 0.0132678 0.014215 0.027084
136 M 3.60365 0.0519012 0.0756341 0.0100204 0.0304295 0.0344321 0.0222199 0.0208625 0.212625 0.00583089 0.0733338 0.184087 0.0126426 0.0113907 0.0824318 0.00718888 0.0221203 0.0197896 0.0935991 0.00893631 0.0205239
137 M 3.1606 0.0143417 0.0151678 0.0228341 0.0251971 0.0495892 0.0112226 0.0209686 0.0555973 0.0784747 0.0361075 0.461514 0.00925887 0.0300477 0.0265785 0.0123426 0.0225309 0.0322017 0.0277011 0.0134501 0.0348736
138 I 3.10687 0.0419196 0.0174354 0.0272707 0.00882842 0.0236141 0.0235718 0.0106232 0.463028 0.0333298 0.0819641 0.075121 0.0202822 0.0455812 0.0127304 0.00811872 0.0187423 0.0182551 0.0202553 0.0384596 0.0108688
139 W 3.66177 0.0201078 0.0286164 0.0175811 0.022474 0.0762465 0.0383115 0.0441889 0.0386472 0.0244701 0.0967022 0.0393666 0.0247327 0.0214881 0.0295515 0.022334 0.0186834 0.0402348 0.019291 0.31879 0.0581817
140 H 3.60538 0.0268625 0.0272638 0.0415311 0.0845682 0.0196608 0.0331513 0.335673 0.0518156 0.0135996 0.0201467 0.0265428 0.0450686 0.01583 0.0812532 0.00951513 0.0442747 0.0342186 0.0274946 0.0256166 0.0359138
141 S 3.3601 0.0222895 0.0367791 0.0332723 0.0288761 0.0703668 0.0462145 0.0291916 0.0335239 0.0201058 0.0125467 0.0194689 0.0210553 0.0453271 0.0139603 0.015242 0.421207 0.0417437 0.0404713 0.0215189 0.0268397
142 N 3.35867 0.0207134 0.0224791 0.0173707 0.0235559 0.0474909 0.0332948 0.0392397 0.0169678 0.0405206 0.031936 0.049661 0.42596 0.0310739 0.025516 0.0172996 0.0596967 0.0153636 0.0204876 0.0347896 0.0265828
143 L 3.53741 0.0181339 0.0759904 0.0100225 0.0110926 0.0165564 0.0370981 0.0554317 0.142203 0.0248647 0.313578 0.0390245 0.0186742 0.0406267 0.0125874 0.0188796 0.0609554 0.0182919 0.0250473 0.0436529 0.017289
144 N 3.33104 0.0766246 0.0394376 0.0182237 0.0199029 0.0181253 0.0530082 0.0110661 0.0330534 0.0270906 0.0120136 0.103524 0.397993 0.0217944 0.0320565 0.00398861 0.0157625 0.0327396 0.0341567 0.0296678 0.0197713
145 D 3.31203 0.0418108 0.032511 0.429882 0.0437352 0.0113991 0.0512798 0.0622291 0.0261879 0.0409814 0.0188284 0.0425293 0.0166343 0.0190397 0.0197361 0.0222992 0.0182941 0.0500595 0.0123872 0.0210772 0.0190987
146 T 3.39802 0.164314 0.0238522 0.0313241 0.00978064 0.0102439 0.0214306 0.0148308 0.00826868 0.0228658 0.0156546 0.0133051 0.123455 0.00963514 0.0248357 0.00941787 0.192755 0.221394 0.0468056 0.0121653 0.023666
147 T 3.32278 0.0121261 0.0851274 0.0168857 0.024156 0.028201 0.0162652 0.0401259 0.0765706 0.0204443 0.0161624 0.0283172 0.0377912 0.0146721 0.0475956 0.0150344 0.0121416 0.409679 0.0537127 0.0242834 0.020708
148 Y 2.8605 0.0172164 0.0171891 0.0258573 0.0104671 0.0245596 0.0126048 0.029618 0.0564925 0.0128477 0.0170142 0.0283935 0.03183 0.0391474 0.0172629 0.01051 0.0259036 0.0399084 0.0215823 0.0172539 0.544341
149 Q 2.93507 0.0154135 0.0286023 0.0108699 0.0153626 0.0254851 0.0186278 0.0174255 0.0309522 0.0301043 0.0120987 0.0196014 0.0157001 0.0162718 0.522352 0.0808895 0.0262057 0.0297447 0.0267325 0.0372724 0.0202874
150 R 3.21506 0.0200295 0.0238782 0.0279752 0.0421286 0.0136366 0.0221154 0.024776 0.0131251 0.0563158 0.0562862 0.0264898 0.0113788 0.0513521 0.0278707 0.452881 0.0371692 0.00960184 0.00998133 0.0409325 0.0320764
151 T 3.0276 0.021996 0.0120952 0.0261242 0.0371754 0.0184716 0.0226602 0.0229055 0.00989201 0.0700709 0.0373025 0.0263442 0.0129337 0.0154781 0.0274595 0.0215947 0.0674274 0.496022 0.0231039 0.0189515 0.0119917
152 R 2.88038 0.0151947 0.00921453 0.0118827 0.0284673 0.0284753 0.0239043 0.0450576 0.0101432 0.0734191 0.013847 0.0170049 0.0175483 0.0238654 0.0663708 0.523571 0.0234483 0.00885397 0.0113984 0.0190888 0.0292447
153 A 3.05468 0.500623 0.0242871 0.018278 0.0199349 0.0467647 0.0298678 0.0130105 0.019498 0.0147902 0.0232848 0.0124266 0.0160942 0.0248851 0.0382346 0.0236338 0.0418632 0.0584424 0.0303183 0.022689 0.0210731
154 L 2.88845 0.00967738 0.0448784 0.0105352 0.0199374 0.00816444 0.00867742 0.00578233 0.323154 0.0288064 0.333292 0.0252626 0.0136407 0.0100828 0.00775911 0.0183023 0.0126687 0.0128594 0.0716199 0.0232516 0.0116477
155 V 3.15011 0.0252406 0.0229187 0.028709 0.0103551 0.0196202 0.0443021 0.0126011 0.0550805 0.0230821 0.021262 0.0155514 0.0211193 0.0107541 0.030837 0.0243265 0.0981472 0.0549174 0.453659 0.0114269 0.01609
156 R 2.93791 0.0255378 0.0224129 0.0110862 0.0353191 0.00866516 0.0194303 0.0281559 0.0215526 0.0283436 0.00836544 0.0157068 0.0142686 0.0194801 0.0626936 0.522743 0.0468228 0.0278228 0.0398013 0.0173043 0.0244875
157 T 3.41357 0.0749197 0.0631167 0.0270196 0.00650027 0.00607378 0.0112546 0.0115329 0.17933 0.0166721 0.0100647 0.0158048 0.0191514 0.00851193 0.0282967 0.0162174 0.205509 0.191754 0.0802179 0.0191938 0.00885909
158 G 3.39871 0.0474321 0.0343176 0.0115914 0.0165257 0.0183397 0.367092 0.049728 0.0217425 0.00949844 0.0584446 0.0940522 0.0767022 0.0156812 0.0279907 0.00870582 0.0697094 0.0318604 0.00989071 0.00862725 0.0220684
159 M 3.03359 0.0212926 0.0282874 0.0297005 0.0114854 0.0111755 0.0138633 0.0173928 0.0631936 0.0172779 0.222963 0.401715 0.0173529 0.0106705 0.0232206 0.0148879 0.0169067 0.0117788 0.0358093 0.0163329 0.0146935
160 D 3.14126 0.00915972 0.0400979 0.457884 0.0922066 0.0193815 0.0212679 0.0153342 0.0257337 0.0114734 0.0117367 0.0460513 0.0458064 0.0170226 0.0322951 0.0135573 0.00882131 0.0256722 0.0356107 0.0483671 0.0225201
161 P 3.12846 0.285114 0.0159192 0.0116223 0.00677533 0.0092083 0.0948039 0.00585974 0.011154 0.0284413 0.0147393 0.0116811 0.0100455 0.241178 0.0250732 0.0290093 0.142037 0.020358 0.0222175 0.00988569 0.0048774
162 R 3.03357 0.034697 0.0107454 0.0162269 0.0389686 0.0436185 0.0377228 0.0192183 0.029646 0.0490088 0.0186851 0.0184839 0.0196458 0.0341973 0.0187182 0.505778 0.0164991 0.0109065 0.0150632 0.0339478 0.0282226
163 M 3.48161 0.0171695 0.0809373 0.00901875 0.0127804 0.0299284 0.0159096 0.011143 0.195665 0.0133964 0.0452598 0.197452 0.00676483 0.00270385 0.0244191 0.00663403 0.0223176 0.107183 0.13562 0.0503967 0.0153014
164 C 3.26546 0.330387 0.169389 0.00918462 0.0029585 0.00391048 0.0109326 0.0100782 0.0571483 0.025568 0.013497 0.0457454 0.0528618 0.0220633 0.0274025 0.00939417 0.0661356 0.0158877 0.106019 0.0104706 0.0109661
165 S 3.33034 0.173698 0.0581856 0.0149742 0.0114616 0.0198039 0.0487664 0.0112391 0.0232916 0.00327953 0.0182267 0.0261602 0.111595 0.0504893 0.0142741 0.00456294 0.307908 0.069524 0.0130645 0.00659624 0.0128982
166 L 3.28518 0.0228929 0.00912026 0.0316058 0.0926885 0.0100467 0.00799489 0.033446 0.0227688 0.0158251 0.286477 0.10939 0.0142495 0.0114653 0.216208 0.00583927 0.0531435 0.0206884 0.0145728 0.0135923 0.00798605
167 M 3.27519 0.0175169 0.0351983 0.0168167 0.0126808 0.021679 0.0538068 0.024012 0.0359833 0.0113459 0.108106 0.424203 0.0354898 0.0122616 0.0296949 0.0211691 0.0412197 0.0252474 0.0197812 0.0342335 0.019553
168 Q 3.4421 0.120839 0.0276493 0.0166717 0.0152854 0.0246654 0.0148306 0.0173958 0.0290323 0.0270438 0.0162341 0.0464731 0.0264146 0.0498005 0.353029 0.0273515 0.102157 0.0324662 0.0253706 0.00972937 0.0175598
169 G 3.34348 0.0713209 0.0208478 0.0127494 0.0855537 0.0198058 0.40444 0.0514867 0.0403312 0.0625104 0.0216788 0.0140436 0.0313351 0.0164519 0.018416 0.0153856 0.0184242 0.022559 0.0312979 0.0263584 0.015003
170 S 3.01795 0.0347415 0.0214146 0.0425294 0.0202577 0.047963 0.0301277 0.0274899 0.0185975 0.0210935 0.0227208 0.0192159 0.0172274 0.0174002 0.0287593 0.028922 0.514347 0.028902 0.0192335 0.0308233 0.00823397
171 T 3.26914 0.00874732 0.0972333 0.0700413 0.0369797 0.0135375 0.0311543 0.0173502 0.0237887 0.0167129 0.0286047 0.0987176 0.0301911 0.0106249 0.0265969 0.0158179 0.0130591 0.399462 0.0394207 0.00945197 0.0125084
172 L 3.28069 0.104153 0.0522976 0.00741993 0.0182491 0.0220022 0.0109354 0.0147989 0.144659 0.0206884 0.353066 0.0133698 0.0200994 0.0203587 0.092839 0.0154965 0.0252117 0.0165928 0.0288633 0.00723421 0.0116657
173 P 3.48097 0.079881 0.021705 0.0202304 0.0295856 0.0137384 0.0211746 0.0498671 0.013218 0.0796426 0.0212608 0.0125456 0.0264649 0.344329 0.107345 0.0196935 0.052459 0.0327844 0.0247567 0.00814944 0.02117
174 R 2.68616 0.00689628 0.0109905 0.025172 0.0315018 0.0115449 0.026781 0.0150839 0.0157687 0.0221952 0.0138887 0.032086 0.058028 0.0167761 0.0192574 0.577205 0.01156 0.0499552 0.0155787 0.0284771 0.0112533
175 R 3.00684 0.0171969 0.0138281 0.0293215 0.0326813 0.0212187 0.0116294 0.0164872 0.0111349 0.159696 0.0189904 0.0244542 0.0300092 0.0217779 0.0122109 0.46303 0.0350179 0.0148346 0.0181987 0.0308617 0.0174202
176 S 3.03422 0.213337 0.0177406 0.0103414 0.0169788 0.0219638 0.0829558 0.0256741 0.0342273 0.0136637 0.0111911 0.0100653 0.00974935 0.00964433 0.0182982 0.0184906 0.399971 0.0291249 0.0224346 0.0154687 0.0186791
177 G 2.71088 0.0125216 0.022143 0.0161582 0.0497026 0.0505009 0.573344 0.0204756 0.029029 0.0126726 0.0250649 0.0212787 0.0114622 0.00750045 0.0156951 0.0185305 0.022393 0.0157766 0.0477758 0.0151174 0.0128581
178 A 3.705 0.303637 0.0174605 0.0450524 0.015354 0.00689397 0.0266409 0.027919 0.0275255 0.031001 0.0300746 0.0449033 0.0956944 0.0520891 0.0327709 0.0374324 0.0392544 0.0487061 0.0431558 0.0120064 0.0624283
179 A 3.01408 0.501482 0.0421241 0.0117125 0.0517854 0.031103 0.0391947 0.0184414 0.0123433 0.0540105 0.0320247 0.0337906 0.0193801 0.0125605 0.0204497 0.011049 0.0420976 0.0123677 0.0297415 0.0158035 0.00853756
180 G 2.73624 0.0327967 0.0124824 0.0373357 0.0263713 0.055624 0.570152 0.0121497 0.0193681 0.025403 0.0129377 0.0282314 0.0130357 0.00990526 0.0316699 0.014156 0.0109961 0.0210106 0.0128663 0.0348643 0.0186443
181 A 3.73123 0.194905 0.0351023 0.0138707 0.0248239 0.125326 0.0628329 0.0507243 0.00589465 0.0305034 0.0425786 0.128259 0.0158624 0.00403964 0.110982 0.0245278 0.0502903 0.016499 0.0118421 0.0184371 0.0326982
182 A 3.25838 0.420629 0.0188514 0.0136199 0.00899981 0.02792 0.0449934 0.0624071 0.0113717 0.00957524 0.0174598 0.0270599 0.101121 0.0137232 0.0255788 0.00928998 0.0385792 0.0323312 0.0386359 0.0341233 0.0437295
183 V 3.15856 0.0464412 0.0287015 0.0219757 0.0229587 0.0173154 0.0173758 0.0251169 0.164928 0.0184318 0.0205776 0.0224394 0.0116958 0.0161951 0.0179368 0.0150368 0.0263053 0.0536246 0.417431 0.00551215 0.0299998
184 K 2.94135 0.0326809 0.0234941 0.00690513 0.0146958 0.0221278 0.0493515 0.0420736 0.0183059 0.529061 0.0220303 0.0276219 0.0162225 0.0384611 0.0202612 0.0281438 0.0143575 0.0195581 0.0264921 0.0310574 0.0170981
185 G 3.0068 0.0516289 0.0214204 0.0228595 0.0960731 0.016376 0.492793 0.0402934 0.0122956 0.00724923 0.0215718 0.0187636 0.0237908 0.018918 0.0380277 0.0292071 0.0171623 0.017144 0.0155657 0.0105651 0.0282953
186 V 3.54856 0.0128727 0.0315161 0.00935791 0.0169206 0.0865596 0.00557127 0.110076 0.115638 0.0209331 0.0644268 0.0111512 0.0316511 0.021208 0.174152 0.0143922 0.00920973 0.0261663 0.207354 0.00440569 0.0264379
187 G 3.35144 0.0859427 0.0372231 0.031578 0.0178117 0.0166325 0.408567 0.0111285 0.0528615 0.0283336 0.0223978 0.0215145 0.00700833 0.0429119 0.0135696 0.0235525 0.0543664 0.0206601 0.0385044 0.0223277 0.043108
188 T 3.29939 0.0931304 0.0204309 0.0288324 0.0396153 0.0131167 0.0408204 0.0300207 0.015321 0.0284074 0.0207373 0.0131209 0.0231287 0.0178485 0.0480958 0.0117941 0.112584 0.397039 0.0132712 0.0132762 0.0194086
