#SITE	WT_AA	SITE_ENTROPY	PI_A	PI_C	PI_D	PI_E	PI_F	PI_G	PI_H	PI_I	PI_K	PI_L	PI_M	PI_N	PI_P	PI_Q	PI_R	PI_S	PI_T	PI_V	PI_W	PI_Y
2	A	1.96864	0.69055	0.00539669	0.00751922	0.0479976	0.00314298	0.0164745	0.00239368	0.0052715	0.00365707	0.00144286	0.0370775	0.003357	0.027603	0.00253532	0.00253904	0.0257235	0.0316618	0.0680039	0.00776112	0.00989215
3	S	3.44423	0.031326	0.0229804	0.00545659	0.00327308	0.0311236	0.0302791	0.18309	0.00875883	0.0107373	0.190311	0.00401934	0.0702642	0.0426764	0.0031808	0.0438395	0.20124	0.0621168	0.0199415	0.0206497	0.0147366
4	Q	3.25372	0.0612554	0.00177176	0.00202365	0.0246739	0.0200989	0.00769366	0.0458525	0.0460058	0.0180751	0.115194	0.0508221	0.0097579	0.370405	0.0635836	0.00264813	0.0318827	0.0868866	0.0180297	0.00423152	0.0191082
5	G	3.12895	0.0226869	0.17433	0.0109382	0.00490372	0.071443	0.248093	0.00645968	0.00157252	0.00567759	0.0183943	0.00292104	0.22197	0.019527	0.00508997	0.0449364	0.0609655	0.0618914	0.013643	0.00318939	0.00136737
6	T	1.43085	0.0354776	0.00497271	0.00339573	0.00633168	0.00526147	0.00186062	0.00371154	0.0202948	0.00407146	0.00302774	0.0254369	0.0254901	0.00662768	0.0046512	0.00923028	0.0167107	0.806005	0.00270657	0.0115432	0.00319302
7	K	1.47605	0.00374777	0.003235	0.00364228	0.0304081	0.00532707	0.00149687	0.00347227	0.0167626	0.792732	0.00307053	0.0105034	0.0465392	0.0024374	0.0209344	0.0138133	0.00131735	0.0225929	0.00200008	0.00741171	0.00855598
8	R	1.65075	0.0022882	0.0081102	0.00368085	0.00418194	0.0154861	0.0164927	0.00374235	0.00313313	0.00326275	0.0399178	0.0157743	0.0102567	0.0416335	0.0364155	0.762416	0.00403401	0.00274921	0.00280134	0.0174003	0.00622285
9	S	3.60481	0.233206	0.0499861	0.00338801	0.0248627	0.0196699	0.0533268	0.00782494	0.0548325	0.0229388	0.0305727	0.027187	0.0333878	0.0650734	0.0443675	0.00253171	0.182067	0.0249556	0.0949813	0.00625716	0.0185831
10	Y	1.98397	0.00228865	0.0163112	0.0016679	0.00309894	0.032684	0.00126132	0.693638	0.0285835	0.00687427	0.0253093	0.00114854	0.036619	0.00413593	0.011966	0.0070012	0.0180223	0.00925043	0.0112458	0.0161344	0.0727595
11	E	3.02195	0.0318091	0.00524271	0.0483702	0.407501	0.0711066	0.0157182	0.00664786	0.0313135	0.0424878	0.00329313	0.0292419	0.0236968	0.0093804	0.0477146	0.00902066	0.0133213	0.182704	0.00895142	0.00586288	0.00661519
12	Q	3.23877	0.0398974	0.0255963	0.277737	0.0109786	0.0316737	0.00693785	0.0536806	0.203057	0.011102	0.0624944	0.00241988	0.0235701	0.00415176	0.0961067	0.0107141	0.114716	0.00480178	0.0106629	0.00895156	0.000750306
13	M	2.51952	0.0386508	0.0203538	0.0157356	0.0198153	0.0110565	0.00300993	0.00349994	0.0434455	0.0364814	0.0122479	0.574059	0.00478833	0.00661086	0.00857097	0.0186065	0.00554648	0.0231503	0.0203974	0.120675	0.0132984
14	E	2.62429	0.014564	0.0155969	0.0739786	0.548579	0.118565	0.0167648	0.0110009	0.00789245	0.034883	0.00697481	0.0144544	0.00890423	0.0149802	0.0186206	0.0066499	0.0280935	0.027234	0.0222062	0.00634308	0.003714
15	T	2.82237	0.0159279	0.0114475	0.00257991	0.00382577	0.00244988	0.00126495	0.170208	0.020324	0.00215738	0.0557583	0.358344	0.0483719	0.00781506	0.0123399	0.00560788	0.0116545	0.210201	0.0458405	0.00443448	0.00944727
16	D	2.40731	0.00891231	0.00606234	0.335059	0.428132	0.00246803	0.0297884	0.0201616	0.00405378	0.00423997	0.000941624	0.0113785	0.0214712	0.000742112	0.0067424	0.00636578	0.00984914	0.0402509	0.0295673	0.00733876	0.0264749
17	G	1.37142	0.0270761	0.0101511	0.00156187	0.0047408	0.000523541	0.0455004	0.00279793	0.0014062	0.000489442	0.00887018	0.0263337	0.0123137	0.00176304	0.0328904	0.801399	0.0157574	0.000671541	0.00411147	0.0014002	0.000241582
18	E	3.37022	0.0485827	0.0219396	0.0229695	0.0798524	0.02218	0.0107559	0.00341399	0.242503	0.0161344	0.0194614	0.00589902	0.00714805	0.170983	0.0162524	0.00240552	0.00531376	0.0599834	0.178148	0.0385056	0.0275673
19	R	3.28445	0.00873386	0.0363323	0.00962116	0.0053833	0.0669457	0.0281576	0.0867188	0.00815591	0.0094953	0.0568278	0.0290426	0.0443341	0.100307	0.0257152	0.379626	0.0502712	0.00884937	0.0316131	0.0103321	0.003538
20	Q	3.20146	0.0376446	0.200557	0.00972725	0.042885	0.0408942	0.00837625	0.0308917	0.0019481	0.0498788	0.0180328	0.0149247	0.0134464	0.0152108	0.366136	0.0385666	0.0168275	0.0329792	0.0414983	0.0124015	0.00717353
21	N	3.73409	0.0198558	0.0778645	0.0487543	0.00402889	0.197514	0.0233054	0.141561	0.0288427	0.0435669	0.0267834	0.00254519	0.108944	0.0068588	0.0319824	0.0454278	0.0794404	0.0401839	0.00882574	0.0503419	0.0133722
22	A	3.6821	0.143013	0.00556449	0.00965762	0.00541517	0.0101654	0.0372149	0.0147669	0.115907	0.0290966	0.0692804	0.0465332	0.0578174	0.0384783	0.0327212	0.0207166	0.195385	0.0125729	0.0595424	0.0938595	0.00229282
23	T	3.67446	0.0297015	0.00644137	0.0135359	0.00796085	0.0171953	0.0159093	0.0449383	0.013391	0.00253431	0.0585105	0.00131123	0.0981789	0.0411013	0.0324719	0.0800741	0.0154956	0.103376	0.135783	0.167281	0.114809
24	E	3.41089	0.0236717	0.0320023	0.00930128	0.145544	0.039289	0.0072744	0.0190109	0.174613	0.0220694	0.0587184	0.00357637	0.0393626	0.0037232	0.0626219	0.0149167	0.0162965	0.27209	0.0146223	0.0201554	0.0211411
25	I	2.62989	0.0503595	0.00626358	0.00596369	0.00809649	0.0229451	0.0102912	0.0145655	0.445671	0.00594307	0.00857798	0.0258838	0.027065	0.00394319	0.00472488	0.0197971	0.00725215	0.0240334	0.268286	0.0075521	0.0327843
26	R	2.89832	0.0163262	0.0129534	0.00262367	0.00281774	0.337076	0.023433	0.0331911	0.0210656	0.0227043	0.0416724	0.0636867	0.00242761	0.00413817	0.0296537	0.310638	0.0146239	0.0202031	0.00424552	0.00977853	0.0267416
27	A	3.54031	0.0924213	0.00265986	0.00455061	0.0116846	0.0713335	0.0286162	0.163311	0.0554154	0.00941394	0.10399	0.00320116	0.0233446	0.00347002	0.00136988	0.171612	0.0177274	0.111087	0.0546474	0.0652004	0.00494417
28	S	3.5211	0.0234607	0.0444276	0.00136186	0.00271949	0.00940606	0.026624	0.00688001	0.0065359	0.00628254	0.0581486	0.159654	0.147613	0.00902085	0.0526153	0.0560988	0.124007	0.045056	0.0320697	0.0061195	0.1819
29	V	3.06218	0.0214012	0.0291798	0.0272693	0.0109704	0.045946	0.0231999	0.00559619	0.173319	0.0335127	0.0654829	0.0229566	0.0208885	0.0148381	0.0309237	0.00731811	0.0133762	0.00711569	0.422958	0.0127385	0.01101
30	G	2.6904	0.0353925	0.00657115	0.0150391	0.0384925	0.00732649	0.565728	0.0106166	0.0205489	0.0251232	0.00500491	0.0555734	0.013092	0.0299241	0.0136685	0.031489	0.0398781	0.00896012	0.0559351	0.0125441	0.00909171
31	K	3.68064	0.00501683	0.0187041	0.00751177	0.0150963	0.0158521	0.0150128	0.035678	0.0316614	0.109439	0.0610099	0.138058	0.0147683	0.0049328	0.01282	0.183524	0.0354255	0.123942	0.039512	0.0937129	0.038322
32	M	2.59683	0.0156746	0.0094012	0.00499818	0.0152785	0.049767	0.0165789	0.0847006	0.0305737	0.0313987	0.0285029	0.579205	0.0110592	0.00640621	0.0315775	0.00823635	0.00769687	0.0217663	0.0195747	0.0222758	0.00532814
33	I	2.90132	0.0113157	0.424579	0.0118268	0.00289652	0.0120226	0.00454653	0.00452767	0.146049	0.00365409	0.0704411	0.0932079	0.0411013	0.0308251	0.00415376	0.00111522	0.0369319	0.0610546	0.0314966	0.00405128	0.00420311
34	G	3.47764	0.107769	0.052044	0.0297546	0.0276953	0.00369449	0.14789	0.280727	0.00175146	0.0389533	0.033241	0.0133817	0.0511927	0.0296035	0.00981991	0.05951	0.0688242	0.005776	0.02212	0.00432954	0.0119223
35	G	3.57082	0.0351977	0.0193222	0.00556442	0.0516599	0.030228	0.280337	0.0327134	0.00827515	0.00925341	0.00801836	0.0210639	0.118399	0.00374626	0.0147157	0.0623975	0.0272985	0.0940474	0.0803781	0.0632352	0.0341481
36	I	3.34463	0.00692707	0.0304425	0.00874211	0.0332552	0.0541768	0.0104645	0.0136758	0.260642	0.051029	0.118214	0.234205	0.0187652	0.0261369	0.01906	0.0040962	0.00266684	0.0182915	0.0397268	0.0347178	0.014765
37	G	3.45379	0.140967	0.0386503	0.0106245	0.0382619	0.0228668	0.344444	0.0115289	0.0552397	0.0239539	0.0331173	0.0379079	0.0140665	0.006453	0.01031	0.0306576	0.0533763	0.0331083	0.0491058	0.0356112	0.00974959
38	R	3.28075	0.0345894	0.0253754	0.00896392	0.0120564	0.0147963	0.0961133	0.0713787	0.0144082	0.00562284	0.0177211	0.354976	0.00284688	0.00309268	0.040095	0.110625	0.0876017	0.0282168	0.00513693	0.0513537	0.0150294
39	F	3.17067	0.00431416	0.044187	0.0278623	0.00567636	0.376256	0.0652962	0.0064429	0.0518358	0.00581168	0.0274988	0.0546985	0.00876536	0.00363894	0.00445956	0.00150613	0.0234644	0.0901811	0.0117965	0.119841	0.0664671
40	Y	2.22842	0.0436798	0.00675277	0.00530467	0.00321226	0.0302601	0.000657298	0.586112	0.00915666	0.00261364	0.00804393	0.139689	0.00717956	0.00261663	0.0111607	0.00127261	0.00256059	0.00665494	0.00369494	0.0551178	0.0742602
41	I	3.49506	0.0198093	0.0197049	0.0758453	0.0169917	0.00998176	0.0517105	0.00565999	0.074163	0.010241	0.00957223	0.0216459	0.0237917	0.0010804	0.0290856	0.0198396	0.0994957	0.154439	0.0161991	0.266827	0.0739165
42	Q	2.8732	0.00412292	0.0123082	0.0220916	0.0193215	0.00353412	0.0140859	0.0335512	0.00627702	0.046701	0.0155775	0.0125759	0.0173022	0.00737828	0.396971	0.0153961	0.0347421	0.262735	0.0133727	0.0118828	0.0500725
43	M	3.19948	0.0618823	0.083594	0.0221994	0.0402287	0.15932	0.00368865	0.00275095	0.118413	0.0296089	0.0625611	0.321753	0.00286193	0.00178781	0.00482556	0.00758933	0.0168344	0.017533	0.0293108	0.00897062	0.00428628
44	C	3.69681	0.066538	0.19562	0.00255877	0.1551	0.0213418	0.09925	0.005535	0.016298	0.00239778	0.0423392	0.078943	0.0291808	0.00214888	0.0362095	0.0341086	0.0501736	0.0122017	0.0625712	0.040717	0.0467672
45	T	2.98666	0.0306718	0.00771727	0.0097147	0.0145247	0.0179988	0.0068739	0.0335805	0.0550201	0.0101619	0.0631538	0.11286	0.0310845	0.0254876	0.00738265	0.00323588	0.025847	0.461653	0.0144829	0.0629683	0.00558084
46	E	2.88899	0.0218835	0.00494352	0.0454563	0.406426	0.00592079	0.0138523	0.00629432	0.00761334	0.0888908	0.215381	0.0193722	0.00855403	0.00205766	0.0161798	0.0159818	0.011386	0.0142422	0.0634285	0.0179215	0.0142147
47	L	3.26276	0.00493909	0.0297615	0.0216265	0.0153091	0.0252271	0.00382181	0.0250373	0.0328248	0.00491091	0.319502	0.0501724	0.0337159	0.0255195	0.0332499	0.0120954	0.0131299	0.164663	0.160259	0.0191013	0.00513312
48	K	3.48429	0.00230422	0.00933631	0.0232488	0.015133	0.00270786	0.0977747	0.0158514	0.0350531	0.201534	0.00838233	0.144452	0.0139074	0.17046	0.0598777	0.0307542	0.0412161	0.0216299	0.0931985	0.00450658	0.00867164
49	L	2.92175	0.0104981	0.00451317	0.00330615	0.0108388	0.0880413	0.00224505	0.0364634	0.165174	0.00695178	0.349639	0.153143	0.00294097	0.0100559	0.00372951	0.01055	0.00324124	0.0115903	0.0989884	0.0183223	0.00976701
50	S	3.20615	0.0415892	0.209221	0.00591714	0.00389789	0.00270735	0.0564154	0.0713533	0.00856914	0.00981636	0.0182526	0.00205203	0.013134	0.0131423	0.267954	0.0278443	0.111531	0.0100361	0.11261	0.00586006	0.00809701
51	D	3.6557	0.0135145	0.0407549	0.114211	0.0968842	0.00295982	0.0151608	0.0224562	0.194913	0.024271	0.0494188	0.145861	0.0262555	0.0151237	0.0446909	0.00248171	0.0335214	0.098944	0.0398558	0.0032597	0.0154618
52	Y	3.05408	0.0157537	0.0666651	0.00251155	0.00486449	0.159606	0.0690285	0.00563099	0.00324438	0.00663078	0.011317	0.00178584	0.384446	0.000498308	0.00742864	0.0424183	0.0368906	0.0598455	0.0279239	0.0268599	0.0666508
53	E	2.63582	0.262841	0.00609407	0.0522702	0.426344	0.010126	0.0111266	0.00795979	0.00256027	0.0297072	0.0212508	0.010898	0.00349637	0.00270291	0.0429661	0.00531051	0.0157815	0.00575149	0.0711432	0.0080787	0.00359132
54	G	3.60865	0.113602	0.0397888	0.0154534	0.0211824	0.0249895	0.241525	0.00566281	0.00989853	0.017077	0.0917851	0.0232086	0.141426	0.0199462	0.058036	0.024316	0.018917	0.00842523	0.0656756	0.051879	0.00720508
55	R	3.59486	0.074408	0.0802175	0.0143699	0.0189929	0.159818	0.00651641	0.0337233	0.00659988	0.067623	0.150411	0.00527964	0.0212125	0.00530042	0.0237602	0.180088	0.0490505	0.00725925	0.0282449	0.0616696	0.0054558
56	L	2.87694	0.0126188	0.0262704	0.00560014	0.0027474	0.0924761	0.00447015	0.0153095	0.378753	0.00714367	0.234937	0.0339618	0.0199665	0.00106401	0.00195195	0.0104289	0.0545525	0.0495042	0.0366923	0.00897545	0.00257663
57	I	2.961	0.00595565	0.286103	0.0122066	0.0530631	0.0349595	0.00807198	0.00517798	0.303597	0.0090983	0.020175	0.129281	0.0265435	0.00512296	0.00406251	0.00738654	0.00450071	0.0160454	0.023399	0.0363281	0.00892178
58	Q	2.58249	0.00355807	0.00655283	0.00397944	0.0132732	0.00654653	0.00189337	0.0388803	0.0061459	0.0256153	0.0217652	0.0608771	0.461855	0.0218211	0.240225	0.0087205	0.00414594	0.006534	0.0513528	0.0127213	0.00353695
59	N	2.35413	0.0131121	0.00554863	0.0299311	0.00590434	0.00459827	0.0125779	0.0189841	0.0126196	0.0681059	0.00645228	0.00996169	0.611416	0.0160249	0.0104172	0.00180135	0.0844747	0.0543966	0.00513332	0.00858213	0.0199577
60	S	3.18165	0.00781524	0.119527	0.0345642	0.00826756	0.024654	0.0703109	0.0134212	0.0196283	0.00591773	0.0296462	0.00664531	0.0271647	0.0119107	0.00533662	0.0121422	0.345875	0.183129	0.0332558	0.00995017	0.0308384
61	L	2.86041	0.0113068	0.0167391	0.0116427	0.00199315	0.103863	0.0118296	0.0163926	0.341351	0.0098857	0.0964989	0.0112814	0.254672	0.00502312	0.0069192	0.00140081	0.00669386	0.0655383	0.014342	0.00577999	0.00684617
62	T	3.361	0.0989502	0.0050342	0.00351981	0.00467851	0.00193436	0.129416	0.00550891	0.0175923	0.110137	0.00705697	0.0160073	0.0865877	0.00502409	0.0243809	0.0192157	0.13332	0.171099	0.15179	0.00611414	0.00263313
63	I	2.8584	0.0256127	0.0287778	0.00590446	0.0102635	0.36703	0.00404187	0.0027149	0.183111	0.0314037	0.166594	0.0610956	0.00302557	0.00262979	0.00817025	0.00347702	0.000888203	0.0578386	0.0284443	0.00390782	0.0050685
64	E	2.61968	0.0251091	0.00848389	0.0329118	0.585497	0.0473992	0.02886	0.00715673	0.0113215	0.0303472	0.00998874	0.0330871	0.00475418	0.0060986	0.0306729	0.00985722	0.0274332	0.0118646	0.0544431	0.0160593	0.0186549
65	R	3.11797	0.00698044	0.00715716	0.0425778	0.0065235	0.0974136	0.0207405	0.0412772	0.0543506	0.156008	0.0288878	0.00649856	0.00967271	0.00262665	0.00595076	0.381197	0.033508	0.0299694	0.00525868	0.0564409	0.00696031
66	M	3.44106	0.0254483	0.164362	0.0201061	0.0204471	0.0275801	0.0127654	0.0117273	0.094099	0.0521693	0.122226	0.273058	0.0191185	0.0181548	0.00795224	0.00682878	0.0559235	0.0197646	0.0357963	0.0055905	0.00688188
67	V	3.7051	0.0360553	0.0199681	0.0455586	0.0494562	0.00722756	0.0959895	0.0507349	0.145838	0.00754307	0.0471726	0.0717851	0.016223	0.0136707	0.0187575	0.00702599	0.170858	0.0119246	0.136176	0.00298642	0.045048
68	L	3.52662	0.025281	0.0228556	0.0827052	0.00613479	0.0155377	0.0903545	0.0248891	0.186442	0.0054278	0.241021	0.0174666	0.0182358	0.00903468	0.0658968	0.0135411	0.0398226	0.070905	0.0445262	0.00751748	0.0124049
69	S	3.31519	0.109437	0.0318988	0.00369606	0.0240804	0.0191247	0.0587215	0.00249807	0.0176007	0.0111522	0.0325443	0.0972322	0.00938656	0.00999047	0.0228678	0.00858992	0.329627	0.0234379	0.137242	0.00920618	0.0416662
70	A	2.8945	0.231858	0.0166451	0.0380697	0.00532648	0.00400398	0.0770529	0.00489268	0.00291834	0.00459213	0.00400538	0.00708018	0.00731728	0.0263222	0.00467856	0.00579482	0.27173	0.227255	0.0359477	0.00682521	0.0176848
71	F	3.4587	0.00469856	0.0167248	0.0869243	0.0041021	0.279277	0.0135818	0.0331917	0.0210903	0.077957	0.0963951	0.0129514	0.0614274	0.0046602	0.109739	0.0495056	0.0879563	0.00449981	0.0105707	0.0060084	0.0187384
72	D	2.63378	0.0176875	0.00926885	0.563725	0.057502	0.0201831	0.0488206	0.0675748	0.0115939	0.0213067	0.00593034	0.0126384	0.0412177	0.0118536	0.00949976	0.00571615	0.00399673	0.00309142	0.0207587	0.0148271	0.0528078
73	E	3.61873	0.0523638	0.0122914	0.0479874	0.245504	0.0283866	0.0244225	0.0224759	0.0139188	0.0259525	0.0387616	0.00675985	0.135215	0.00939008	0.0517194	0.0978015	0.108355	0.00345206	0.0446106	0.0228572	0.00777516
74	R	3.05112	0.312596	0.00476355	0.0047518	0.0182832	0.0136428	0.0122702	0.045875	0.0148086	0.20149	0.0060517	0.0507731	0.0181532	0.00545766	0.00416392	0.19031	0.0309944	0.00799296	0.00863355	0.0327512	0.0162365
75	R	3.03477	0.0174563	0.0222938	0.010676	0.0349236	0.0178987	0.0357028	0.0167468	0.0427366	0.06084	0.0628274	0.026388	0.0204065	0.00987578	0.0129379	0.488285	0.0584216	0.0235682	0.00574569	0.0142851	0.0179838
76	N	2.78592	0.41931	0.00198936	0.0132846	0.0463798	0.00303746	0.0110834	0.00487267	0.164656	0.0409613	0.0584528	0.00516611	0.143861	0.00116904	0.00511189	0.00396473	0.0146237	0.00923382	0.00396735	0.0144048	0.0344713
77	K	3.59057	0.017413	0.0234484	0.0666819	0.0360098	0.0542832	0.0349235	0.0024645	0.0221709	0.157881	0.0256627	0.118255	0.0569978	0.00286103	0.0614044	0.234306	0.00307309	0.0365433	0.0151942	0.022377	0.00804875
78	Y	2.88249	0.019327	0.024378	0.0355648	0.00595085	0.0909239	0.00698518	0.0386189	0.0144014	0.0126638	0.0106663	0.0187524	0.0221824	0.0293735	0.0133676	0.0320493	0.00898765	0.0270609	0.0320767	0.0354004	0.521269
79	L	3.41099	0.0289295	0.0332747	0.00472097	0.00419844	0.0237922	0.0099221	0.0564861	0.0522083	0.0846711	0.306722	0.0573492	0.027944	0.0132128	0.167321	0.0127246	0.00503199	0.0523312	0.0227866	0.0316073	0.00476579
80	E	3.7481	0.0480309	0.145616	0.0250396	0.111355	0.0366064	0.0458623	0.0283044	0.0179829	0.0239482	0.0911291	0.00293289	0.06454	0.00110163	0.00863764	0.0556694	0.177918	0.0485313	0.0212794	0.00325406	0.042261
81	E	3.44498	0.00298251	0.0175325	0.022175	0.226434	0.0985972	0.0235067	0.0243816	0.192067	0.0367907	0.0989236	0.00793633	0.013525	0.000932373	0.100709	0.00703561	0.0407197	0.00375407	0.00981925	0.0297005	0.0424783
82	H	3.7184	0.0480764	0.0354612	0.0306355	0.0862044	0.0609115	0.0101845	0.160992	0.0176594	0.0083923	0.0198496	0.00382536	0.0364577	0.0123497	0.158658	0.0268713	0.152117	0.0200415	0.0287668	0.0131689	0.069377
83	P	3.8387	0.0437576	0.040467	0.00179105	0.00789616	0.0144015	0.0830328	0.0515733	0.00216249	0.0542042	0.0564307	0.0660204	0.0168792	0.158912	0.118045	0.0430576	0.0250385	0.0983746	0.00929941	0.0849381	0.0237188
84	S	3.72363	0.0467703	0.0116888	0.0695639	0.0356328	0.04579	0.134383	0.0428435	0.0437737	0.00950789	0.0250798	0.0674226	0.0656521	0.0053297	0.00322636	0.0629758	0.23157	0.0233909	0.0230689	0.0488047	0.00352516
85	A	2.85081	0.0460324	0.00229892	0.0302797	0.00271359	0.000946008	0.0392178	0.0063687	0.0020349	0.302672	0.00710367	0.00144897	0.0135935	0.0229775	0.00952903	0.306619	0.0246934	0.128316	0.0310689	0.0133885	0.00869637
86	G	3.27315	0.0222396	0.0034674	0.00401964	0.020869	0.0307658	0.310683	0.00470151	0.00527771	0.00705576	0.028225	0.0105519	0.00869801	0.0301275	0.0216338	0.0136597	0.0494128	0.172564	0.0836827	0.0501317	0.122233
87	K	2.79977	0.00454683	0.00578556	0.00665791	0.0280241	0.0337868	0.00551608	0.00738658	0.0198207	0.459381	0.00603931	0.0370229	0.0390843	0.00335859	0.017388	0.158234	0.0079982	0.112194	0.0252024	0.0139721	0.00860161
88	D	2.75166	0.010204	0.190419	0.469967	0.0379702	0.0157242	0.0169124	0.0426043	0.0167961	0.00308652	0.00704282	0.0130731	0.0479245	0.0143203	0.00676895	0.00209143	0.0183008	0.00161626	0.0213025	0.00814574	0.0557307
89	P	3.58186	0.0847921	0.064505	0.0321105	0.0149446	0.00813316	0.0813009	0.277436	0.0315748	0.0189159	0.0172789	0.0102109	0.0567099	0.146196	0.0134934	0.0183455	0.0384584	0.0238231	0.0297753	0.00910714	0.0228888
90	K	2.7305	0.0077645	0.0114085	0.00204786	0.00624273	0.0481649	0.0151435	0.0393	0.241284	0.04966	0.0459946	0.00265723	0.0372224	0.00291614	0.00298642	0.00191092	0.0132215	0.0307754	0.424921	0.0124269	0.00395141
91	K	2.69192	0.00954402	0.00320809	0.017359	0.0467924	0.0227032	0.00607776	0.0020005	0.0136249	0.424697	0.00770545	0.0322548	0.0259043	0.010193	0.0298747	0.27698	0.0161552	0.0222313	0.00382893	0.00468143	0.0241839
92	T	2.57704	0.0422834	0.0297289	0.00904238	0.0162693	0.00865236	0.00535937	0.0133451	0.0458665	0.00749355	0.00744353	0.0210368	0.0824834	0.0172864	0.0076201	0.00750225	0.0376182	0.58031	0.0328968	0.0212484	0.00651343
93	G	2.49234	0.0387957	0.0164814	0.0141045	0.0394016	0.00583564	0.617532	0.0339881	0.00775244	0.0176504	0.00734856	0.0103455	0.00716757	0.00830082	0.0177039	0.0217834	0.0386802	0.0201935	0.0316595	0.0132485	0.0320262
94	G	2.29831	0.0352092	0.00653339	0.00935227	0.0464988	0.0113593	0.653338	0.0128565	0.0148494	0.013003	0.00839718	0.021461	0.0301668	0.00945596	0.0100943	0.0187208	0.00423538	0.0252547	0.047097	0.00842232	0.0136941
95	P	3.46633	0.0356161	0.0115136	0.0519419	0.00804754	0.00509415	0.0115525	0.151558	0.11016	0.0409333	0.0290154	0.022811	0.00553389	0.252064	0.059599	0.0138024	0.0653566	0.106797	0.00479704	0.0104153	0.0033913
96	I	3.29545	0.0388027	0.0475288	0.0121101	0.0425905	0.0337236	0.0045659	0.00420112	0.291293	0.0215109	0.225503	0.0634196	0.0364104	0.00646738	0.00415646	0.00506829	0.00437984	0.0611554	0.0592033	0.027744	0.0101659
97	Y	2.51962	0.0245512	0.0354928	0.00521831	0.00410498	0.258047	0.00128071	0.374607	0.00811795	0.00185465	0.126716	0.00258777	0.0078523	0.00269222	0.00824993	0.00217575	0.00343693	0.000658423	0.00245695	0.00526462	0.124634
98	R	2.93006	0.00461151	0.00485126	0.00348916	0.00528688	0.0521966	0.0109711	0.0105459	0.136257	0.0456797	0.00178934	0.0481572	0.0058748	0.000615107	0.367583	0.189163	0.0234202	0.0356394	0.00260229	0.0449567	0.00631041
99	R	3.10861	0.0658742	0.172711	0.0259951	0.00621316	0.00881464	0.0173432	0.015393	0.0276969	0.0918009	0.0175157	0.0137092	0.00355389	0.00791164	0.0209356	0.395287	0.0247598	0.0243438	0.0138328	0.0198511	0.0264577
100	V	3.45452	0.062825	0.0131867	0.00764531	0.0226044	0.0635884	0.0192104	0.0166757	0.040567	0.017126	0.277761	0.0317195	0.0197454	0.0566238	0.0287422	0.00202575	0.129983	0.0176912	0.156163	0.00358707	0.0125291
101	N	3.16924	0.00109088	0.326677	0.0249265	0.0129883	0.00340561	0.0130222	0.0191369	0.00874627	0.0641724	0.0198634	0.00417696	0.0873359	0.005934	0.00204399	0.0273566	0.0121658	0.162398	0.0990747	0.0112461	0.0942391
102	G	3.55587	0.166915	0.00798633	0.018221	0.0364239	0.248883	0.105579	0.0365355	0.0571039	0.0501983	0.0131964	0.00721173	0.0649982	0.0421767	0.00756156	0.0364077	0.00213623	0.0202206	0.0181649	0.00641759	0.053663
103	K	3.37043	0.177378	0.0024486	0.0095074	0.049369	0.0175283	0.110241	0.0105884	0.00805727	0.117249	0.0797468	0.0142778	0.0237026	0.0133371	0.0278009	0.242629	0.00952834	0.0688478	0.00977729	0.00329177	0.0046943
104	W	3.16418	0.00243892	0.0449274	0.00671329	0.00717569	0.268161	0.0104938	0.0174314	0.110869	0.00287557	0.121076	0.0555215	0.0581449	0.00798909	0.0111303	0.0213436	0.0262726	0.00303443	0.00325719	0.217083	0.00406229
105	M	3.39677	0.221511	0.179397	0.00824612	0.0413559	0.00823994	0.05815	0.00227903	0.0229607	0.0460665	0.0177214	0.172863	0.00719151	0.0061649	0.0214547	0.0903585	0.00311303	0.0465694	0.0188686	0.00979097	0.0176972
106	R	2.89354	0.00564285	0.00826854	0.00745688	0.00835762	0.0340154	0.018806	0.418581	0.0547973	0.0442707	0.0136162	0.0439613	0.00821226	0.0110166	0.00599179	0.209398	0.0133701	0.0106653	0.0673583	0.00884609	0.00736767
107	E	3.26294	0.02557	0.0350782	0.0476945	0.203308	0.00941569	0.0337686	0.0242836	0.0395051	0.0365588	0.00368443	0.0275332	0.350487	0.00817803	0.049357	0.00462653	0.0144698	0.0086383	0.0346192	0.0224655	0.0207586
108	L	3.33376	0.125917	0.0143425	0.0219519	0.0115975	0.0483245	0.0822779	0.303173	0.0550852	0.0241203	0.163509	0.032867	0.0100318	0.0319071	0.0132099	0.0088841	0.00337699	0.00321086	0.0238597	0.0137077	0.00864592
109	I	3.21799	0.00488033	0.152423	0.00809337	0.00982553	0.0518173	0.00268978	0.312458	0.101717	0.0156287	0.137878	0.0445801	0.0465954	0.00182202	0.0110352	0.0110414	0.0150652	0.0155486	0.0399328	0.00842113	0.00854616
110	L	3.49073	0.00511719	0.0370025	0.0178249	0.0461167	0.0387043	0.00384327	0.0494176	0.285178	0.012588	0.189938	0.0171969	0.0269218	0.0504278	0.0474109	0.0526743	0.00505696	0.0186455	0.0517466	0.0345151	0.00967319
111	Y	3.49358	0.00731065	0.0436098	0.052584	0.0169097	0.0503515	0.00695428	0.0447675	0.0584681	0.00631726	0.142797	0.0382654	0.0254829	0.00294072	0.0100862	0.00738241	0.0245368	0.0144018	0.129091	0.043223	0.274519
112	D	3.25396	0.0143067	0.0900083	0.403992	0.0512877	0.0148461	0.0606137	0.0319666	0.0048638	0.00669301	0.0243591	0.0139773	0.0574799	0.00934711	0.0233206	0.0213486	0.029557	0.00330681	0.0471146	0.016969	0.0746415
113	K	2.59741	0.00407351	0.004683	0.00776646	0.0320657	0.0128431	0.00560697	0.0149369	0.0175331	0.344747	0.0183562	0.0283804	0.0159285	0.00839705	0.0313892	0.391269	0.0211957	0.0174606	0.00275914	0.0119737	0.00863551
114	E	3.65098	0.00821844	0.0834804	0.0426124	0.169692	0.00444445	0.0683207	0.0730395	0.0459627	0.0240795	0.0163647	0.0108714	0.0134971	0.103728	0.0357579	0.00762118	0.148166	0.0044636	0.117753	0.0181919	0.00373488
115	E	2.69778	0.014296	0.024039	0.0698496	0.562073	0.00724511	0.04952	0.032617	0.0136255	0.0258481	0.00344738	0.0137468	0.0233968	0.012179	0.027574	0.00330478	0.00459875	0.0326322	0.0199703	0.0382551	0.0217818
116	I	2.86442	0.0317351	0.121178	0.0147775	0.00534191	0.0157838	0.00250471	0.0402687	0.445364	0.0801743	0.112975	0.0327109	0.00660332	0.00237511	0.00419196	0.0075289	0.00143027	0.0286809	0.0316361	0.00969799	0.00504119
117	R	3.14186	0.00317827	0.00191732	0.00310799	0.00446669	0.00215864	0.023411	0.149065	0.175448	0.00529424	0.220545	0.0439536	0.00476822	0.000544401	0.0105479	0.0540581	0.00970685	0.0856277	0.026579	0.00537194	0.17025
118	R	3.12323	0.012203	0.0015648	0.00379136	0.00196349	0.00659171	0.0976416	0.00166637	0.00438698	0.00209373	0.107281	0.303431	0.075574	0.00275848	0.00689029	0.0693096	0.11964	0.128718	0.0330356	0.011207	0.0102522
119	I	3.35752	0.0190386	0.00855361	0.00772789	0.00885969	0.0389271	0.00226728	0.0131474	0.217975	0.00416285	0.101256	0.103313	0.0460536	0.00932973	0.0126868	0.0514309	0.025235	0.253591	0.0257741	0.0192942	0.0313762
120	W	2.68469	0.00437462	0.0418606	0.00915373	0.00813504	0.0240796	0.0409774	0.0178481	0.0078875	0.0147274	0.0354604	0.0124131	0.0118681	0.0036556	0.00781171	0.0258277	0.0966558	0.018616	0.0182093	0.550594	0.0498443
121	R	3.20229	0.1578	0.0398576	0.00422048	0.00327594	0.0108632	0.0232287	0.0239282	0.0111212	0.00971787	0.0254271	0.00614402	0.00299124	0.0108804	0.0113734	0.156056	0.168866	0.00751365	0.249801	0.0696086	0.00732558
122	Q	2.96205	0.00311517	0.405619	0.00234486	0.00581965	0.00372838	0.0205449	0.0557434	0.0124614	0.139736	0.0871321	0.0819335	0.00230751	0.000300688	0.0491135	0.0256652	0.0176453	0.0018055	0.0614344	0.015108	0.00844177
123	A	3.3921	0.278661	0.0665134	0.0230384	0.0237389	0.00348769	0.0670421	0.0029848	0.0289873	0.00502711	0.0192426	0.0582202	0.00176115	0.00959145	0.0132148	0.0435427	0.0902125	0.040555	0.187963	0.00823051	0.0279857
124	N	3.28875	0.0182425	0.0210951	0.0245455	0.00230733	0.168398	0.0794953	0.142702	0.013528	0.0110855	0.0170746	0.0210117	0.30625	0.00161631	0.0330573	0.0182713	0.00897139	0.0186951	0.058067	0.0123174	0.0232685
125	N	3.78507	0.0139167	0.00432114	0.0215992	0.104935	0.0752634	0.114528	0.00583493	0.138037	0.0103374	0.102334	0.0773329	0.113553	0.0321038	0.0350587	0.0241118	0.0500394	0.0354437	0.0162631	0.00105209	0.0239352
126	G	3.76101	0.0182054	0.0347026	0.0745271	0.0891902	0.00224753	0.132028	0.0289542	0.00940938	0.0300174	0.0372767	0.109631	0.0105162	0.00289755	0.0496296	0.0945644	0.0206419	0.165169	0.0396321	0.0454975	0.00526214
127	D	4.02602	0.0839293	0.0183249	0.119118	0.0155791	0.101054	0.0869823	0.0201068	0.0677376	0.0218262	0.0942865	0.0170175	0.0688555	0.0449222	0.0418267	0.0420393	0.0625356	0.0272905	0.0151257	0.0181683	0.0332742
128	D	3.68344	0.0138453	0.0402058	0.0880329	0.178859	0.133243	0.0191937	0.12812	0.0685214	0.0575605	0.0726758	0.00389298	0.0245744	0.0364811	0.00243885	0.00837641	0.00646357	0.0358506	0.00931417	0.00700672	0.065344
129	A	3.90853	0.119775	0.0409882	0.0319868	0.00924785	0.0104056	0.0376426	0.0764922	0.01343	0.126123	0.0398839	0.115633	0.0784304	0.00364001	0.0600322	0.0332854	0.0690253	0.0199408	0.0695708	0.00590696	0.0385596
130	T	2.6886	0.0163234	0.00393632	0.00931565	0.00288168	0.00668354	0.0173922	0.0137975	0.00117282	0.023246	0.0176712	0.00938451	0.00217325	0.353883	0.318959	0.00750847	0.0188786	0.058745	0.0130991	0.0986898	0.00625827
131	A	2.84989	0.0574209	0.0152726	0.0066404	0.00281255	0.00789238	0.0230241	0.00360316	0.00385939	0.00448761	0.00259933	0.241732	0.00817752	0.0550089	0.377421	0.00469666	0.0333042	0.0160373	0.0645819	0.068851	0.00257697
132	G	2.95511	0.0171499	0.0527722	0.035005	0.015265	0.0145525	0.415611	0.0119106	0.00337684	0.0129225	0.0132475	0.00701527	0.014108	0.053938	0.0401272	0.0483882	0.205021	0.0173122	0.0114499	0.00710853	0.00371906
133	L	3.24366	0.0788987	0.00491163	0.0197622	0.0173758	0.0140793	0.00447884	0.00600709	0.045415	0.0169847	0.355149	0.076698	0.0157384	0.0107991	0.164401	0.059526	0.023385	0.0385894	0.0195096	0.0059665	0.0223249
134	T	3.17489	0.207143	0.0532396	0.00468014	0.00912365	0.00461097	0.00795348	0.00268358	0.0756984	0.00576539	0.00928565	0.00617569	0.0214441	0.0054827	0.0566223	0.00680178	0.12428	0.183936	0.200665	0.00799188	0.00641675
135	H	3.14489	0.0295508	0.335248	0.0117952	0.00882185	0.0236912	0.0108129	0.154938	0.0129877	0.0210674	0.00391439	0.0939181	0.0607302	0.00281513	0.143311	0.00520846	0.0304852	0.00630303	0.0297478	0.00610427	0.00854892
136	M	3.13325	0.00406423	0.00561319	0.00875445	0.00853422	0.0755308	0.00171432	0.00922461	0.309778	0.0110689	0.0633596	0.200749	0.0610217	0.00149968	0.109651	0.00292171	0.047557	0.023446	0.0386538	0.00809635	0.00876076
137	M	3.08268	0.00812685	0.0418546	0.0213123	0.00382015	0.0367195	0.00604729	0.0128365	0.0394136	0.0140671	0.336856	0.238411	0.00778382	0.00277142	0.101895	0.0088696	0.0142036	0.0096153	0.0202461	0.0457077	0.0294425
138	I	2.52771	0.0059751	0.00381329	0.00847588	0.017121	0.0357711	0.00475395	0.0153328	0.163021	0.0178108	0.53398	0.0259965	0.0192581	0.00121468	0.047025	0.00805696	0.0097715	0.0138655	0.0612864	0.00415415	0.00331681
139	W	3.16371	0.00511908	0.025351	0.0148988	0.0138283	0.0511047	0.016934	0.0123738	0.0144322	0.00424162	0.10882	0.046207	0.00450233	0.008277	0.00517377	0.0407992	0.116148	0.016966	0.0406908	0.39377	0.0603621
140	H	2.85142	0.00297884	0.00393689	0.0186873	0.0133194	0.00633487	0.00195935	0.142985	0.0172554	0.00255409	0.390244	0.00504985	0.0148331	0.00390435	0.066929	0.0109482	0.0309205	0.0190971	0.0671203	0.00307541	0.177867
141	S	3.06305	0.031798	0.267007	0.00151433	0.0129876	0.0123039	0.201573	0.00801432	0.00174139	0.00797189	0.00509184	0.0515328	0.157571	0.0149133	0.0103504	0.00275264	0.153119	0.0170123	0.00846014	0.00892812	0.0253571
142	N	3.1676	0.0313891	0.00396865	0.0257831	0.00455601	0.00256312	0.0443285	0.185769	0.0301807	0.0455198	0.00843616	0.00409282	0.288019	0.0498765	0.191467	0.0140367	0.0153385	0.0258959	0.00544411	0.00472382	0.0186114
143	L	3.3512	0.0553719	0.0906805	0.00445027	0.0773229	0.0501428	0.00207863	0.0155038	0.017018	0.0111223	0.308321	0.0652401	0.00352021	0.00798156	0.0103828	0.0103391	0.0193431	0.04297	0.160806	0.0195113	0.0278935
144	N	3.51482	0.0751964	0.0161589	0.0291606	0.00346068	0.0084545	0.0976275	0.0368966	0.065103	0.014019	0.012142	0.0955199	0.169721	0.00312971	0.204399	0.00955478	0.0144189	0.108133	0.00956221	0.00651206	0.0208291
145	D	2.67274	0.0211843	0.0874319	0.553763	0.0297611	0.0050502	0.0310153	0.0261975	0.00782238	0.00645816	0.0108856	0.0264928	0.0301956	0.00366226	0.011208	0.00350407	0.036217	0.00966459	0.0606843	0.0105817	0.0282204
146	A	3.38001	0.237261	0.0336337	0.00718362	0.0156855	0.0820053	0.0284035	0.00769578	0.0124831	0.00879239	0.00475486	0.0274434	0.0315098	0.00587341	0.0886477	0.00186089	0.154429	0.173109	0.0553104	0.0154385	0.00847974
147	T	2.92711	0.0237677	0.0497828	0.0015283	0.00353888	0.0022358	0.00233582	0.00341053	0.18853	0.0149136	0.0045918	0.0114522	0.0273335	0.00407854	0.301699	0.00147933	0.0176646	0.112028	0.197528	0.0202289	0.011873
148	Y	2.12467	0.00648696	0.049901	0.0227616	0.00839256	0.0316031	0.00901665	0.0315251	0.00775194	0.0058247	0.0103146	0.0132181	0.035029	0.00323307	0.00888884	0.0116891	0.00935487	0.0105343	0.013558	0.0252657	0.685651
149	Q	3.33451	0.0633908	0.0120567	0.0121693	0.0221128	0.0147291	0.010727	0.0653054	0.0319326	0.0579642	0.0155501	0.039371	0.0454201	0.00718952	0.40639	0.0552271	0.0400339	0.0317648	0.0403516	0.0101212	0.018193
150	R	2.57458	0.00547363	0.00858141	0.00865805	0.0100166	0.00777756	0.0468899	0.0255325	0.0289245	0.0223234	0.0122239	0.0526043	0.0048747	0.00461226	0.0105135	0.588095	0.0410896	0.0246562	0.0142644	0.035648	0.0472409
151	T	2.81137	0.0239493	0.0129259	0.0131997	0.0161289	0.00878915	0.00671551	0.0168913	0.0181311	0.0887641	0.0194205	0.223105	0.0197956	0.00753064	0.0127609	0.0264077	0.0164215	0.435469	0.0235695	0.00675991	0.00326423
152	R	2.3317	0.0183136	0.00768376	0.00457339	0.00314835	0.00433605	0.022508	0.0139791	0.0154199	0.163904	0.0274375	0.01131	0.0103974	0.0112475	0.0594302	0.581219	0.0180458	0.00829316	0.00275975	0.0125836	0.00340967
153	A	3.09797	0.436909	0.0397533	0.0172579	0.0036648	0.00734489	0.0345044	0.0144925	0.0268876	0.0875745	0.0210703	0.0232705	0.00933143	0.0128175	0.0085759	0.0476325	0.102014	0.055366	0.0350072	0.005194	0.0113317
154	L	3.00839	0.0104852	0.0529108	0.00323093	0.00672178	0.0272505	0.00293788	0.0250528	0.105136	0.0026983	0.410648	0.0108005	0.0330374	0.0203878	0.0226387	0.00887416	0.045519	0.00536621	0.0217818	0.160496	0.0240267
155	V	2.75247	0.0238947	0.0414302	0.0216697	0.00674139	0.0175816	0.0063484	0.0208694	0.43931	0.0197236	0.0165722	0.00351731	0.0133582	0.00199439	0.00666404	0.00675377	0.00889421	0.0900344	0.223873	0.0153568	0.0154129
156	R	2.50816	0.0120337	0.0276261	0.00569727	0.00772192	0.0215393	0.0129756	0.0196453	0.00768497	0.0483227	0.0133489	0.0809467	0.0210243	0.0080843	0.0423976	0.59672	0.0163945	0.00197887	0.00760934	0.0284466	0.0198017
157	T	3.31085	0.186541	0.0872917	0.0136562	0.0011522	0.00136471	0.0161945	0.00385311	0.0268369	0.00401831	0.0212755	0.226806	0.0461947	0.00331476	0.140811	0.00830626	0.0528413	0.0905261	0.0597012	0.00332735	0.00598659
158	G	3.5164	0.0106958	0.0884625	0.175449	0.0303896	0.0298158	0.258182	0.0800169	0.0190035	0.0104448	0.0184389	0.00444885	0.0261898	0.00816271	0.0343588	0.015863	0.0918728	0.0169903	0.042063	0.008731	0.030421
159	M	2.62171	0.00565703	0.00782835	0.00347525	0.00920387	0.00358238	0.00258986	0.0060427	0.0715817	0.0357573	0.177551	0.48341	0.00335019	0.00769046	0.0488173	0.0173448	0.0040206	0.0143525	0.0719792	0.00562524	0.0201402
160	D	2.74724	0.0209526	0.00354971	0.546576	0.0686962	0.00419721	0.0225201	0.0588637	0.0087624	0.0244553	0.00796137	0.0213147	0.0211585	0.0129026	0.0525085	0.0125438	0.0161797	0.013228	0.0133263	0.0454354	0.024868
161	P	3.6235	0.0666136	0.0421132	0.00517186	0.00430941	0.0202582	0.0395539	0.0459708	0.042098	0.01789	0.0152805	0.0334363	0.0390771	0.226533	0.0101561	0.0285893	0.149738	0.129879	0.0689674	0.00608397	0.00828061
162	R	3.07811	0.0107397	0.0778346	0.00614671	0.011128	0.00558082	0.0107767	0.0288449	0.0159092	0.0186843	0.0779771	0.0934487	0.017279	0.0276747	0.0286343	0.444177	0.0137788	0.0574598	0.00727966	0.0298874	0.0167588
163	M	3.34825	0.00402307	0.0148314	0.0067222	0.0112261	0.0445642	0.0220733	0.00215873	0.0863218	0.0053853	0.192198	0.130391	0.0263822	0.00303034	0.0489854	0.00468167	0.0242623	0.209612	0.134697	0.0100825	0.0183711
164	C	3.22763	0.00676302	0.0854643	0.00116684	0.00634653	0.00871148	0.0130157	0.00119715	0.00809024	0.117966	0.00392639	0.0240916	0.148865	0.0564643	0.266904	0.00423768	0.0329999	0.0249974	0.15762	0.0217786	0.00939449
165	S	2.50462	0.0182782	0.0333541	0.00670418	0.00296132	0.0198525	0.0118872	0.00495778	0.0103319	0.00421425	0.00428089	0.0163039	0.211478	0.104975	0.00413965	0.0121431	0.490043	0.0206449	0.00391284	0.00535069	0.0141863
166	L	3.57498	0.161593	0.0160268	0.00179524	0.0286505	0.00157669	0.109895	0.00319559	0.0692987	0.0237929	0.179663	0.0499899	0.0217097	0.00919303	0.0848328	0.00400296	0.113153	0.0567058	0.0362207	0.00405902	0.0246463
167	M	2.92706	0.0552473	0.0167641	0.0058182	0.0319376	0.0145912	0.0378661	0.0198925	0.026168	0.0266852	0.0407398	0.50402	0.0727306	0.00716392	0.01615	0.00829876	0.0512654	0.0319585	0.0253629	0.00362982	0.00370973
168	Q	3.50959	0.176855	0.0292138	0.00746823	0.0173932	0.0062115	0.119725	0.115945	0.0363327	0.0119308	0.0156605	0.00238198	0.0708437	0.0254942	0.219171	0.0279529	0.0412968	0.0051036	0.0331807	0.0305616	0.00727818
169	G	3.26447	0.0185857	0.105902	0.0188653	0.0349078	0.00924545	0.228358	0.254387	0.0307422	0.0188258	0.00769722	0.0110551	0.137746	0.00643703	0.0297642	0.00718441	0.0294872	0.0148681	0.00972507	0.0236474	0.00256991
170	S	3.55019	0.0237069	0.0889685	0.113456	0.0486775	0.0065907	0.0388211	0.0160892	0.00328465	0.0660583	0.0402818	0.056146	0.00318553	0.00672284	0.0516116	0.00861823	0.295404	0.0437046	0.0343936	0.0138336	0.0404458
171	T	3.00158	0.0318028	0.260216	0.018174	0.0100541	0.00415331	0.0209034	0.00443881	0.0654763	0.00876005	0.0290511	0.00951985	0.0946965	0.0131412	0.0153287	0.0146786	0.0254074	0.342143	0.019171	0.00826921	0.00461429
172	L	3.39545	0.126839	0.00817418	0.00250539	0.00659685	0.0110427	0.0384787	0.0684383	0.077015	0.0423691	0.307317	0.0157084	0.0238086	0.0182595	0.0630139	0.00493232	0.0179818	0.0554976	0.0997252	0.0032982	0.00899844
173	P	3.17964	0.165853	0.0092714	0.0132894	0.0188352	0.00700971	0.0255075	0.0489247	0.0284203	0.00374797	0.0110391	0.0139852	0.0146154	0.150476	0.335915	0.0115596	0.0164999	0.0762359	0.0163302	0.0264833	0.0060017
174	R	2.60836	0.00654848	0.00793678	0.00361926	0.0646082	0.00776448	0.0154348	0.00273694	0.0229719	0.0384462	0.0144739	0.0516892	0.0100929	0.0130032	0.00920621	0.556618	0.0880601	0.0319224	0.0107661	0.0406074	0.00349346
175	R	3.11151	0.0081666	0.0146066	0.00975156	0.00404656	0.0564495	0.0167875	0.0181604	0.014491	0.248172	0.0167361	0.0526357	0.0106446	0.0104941	0.0128449	0.347184	0.0275312	0.0500592	0.0266888	0.0411693	0.0133805
176	S	3.17885	0.0525336	0.123261	0.0210317	0.00577821	0.0172248	0.086087	0.00496193	0.00750117	0.00722111	0.00194962	0.010012	0.0176941	0.0125787	0.00174706	0.00465192	0.225111	0.220013	0.146874	0.00501112	0.0287563
177	G	2.98598	0.195485	0.00912042	0.0144284	0.0373554	0.0196227	0.433142	0.042345	0.00439682	0.0116359	0.0106515	0.0141869	0.0307609	0.00366741	0.0225693	0.0253201	0.0215539	0.0177884	0.0282918	0.0305706	0.0271076
178	A	3.67847	0.229912	0.00231301	0.0134018	0.0290287	0.00800218	0.0998205	0.0121157	0.0374809	0.0494523	0.134791	0.00338512	0.0520138	0.0281506	0.0767405	0.0369017	0.0605528	0.0187345	0.0445461	0.0544362	0.00822078
179	A	2.82856	0.482582	0.150467	0.00696439	0.0106828	0.0048213	0.0160643	0.0605665	0.00371665	0.028076	0.0366102	0.00894248	0.00802914	0.0185038	0.0221812	0.00338972	0.0358524	0.0193319	0.0232952	0.0502617	0.00966094
180	G	2.65189	0.0112133	0.0529103	0.0261394	0.00788491	0.00435823	0.574173	0.0124198	0.0297771	0.0163515	0.00844532	0.0441106	0.0227559	0.00373115	0.00453994	0.0458009	0.0454357	0.0295621	0.0167675	0.0249594	0.0186644
181	A	3.44499	0.0853023	0.0163674	0.0294152	0.000885362	0.019382	0.0359769	0.0153141	0.00515595	0.0206004	0.00412093	0.0974273	0.282463	0.00326136	0.152729	0.0421407	0.0671098	0.0249973	0.0106116	0.0595449	0.027194
182	A	3.43036	0.189882	0.00931566	0.00225058	0.0231292	0.00866083	0.219693	0.0828699	0.0243558	0.00523332	0.0681551	0.0239597	0.0531665	0.0175771	0.0148073	0.00310118	0.104766	0.098641	0.0438108	0.00291428	0.00371133
183	V	3.36815	0.133768	0.0141505	0.0235609	0.00268702	0.0451936	0.0257372	0.04306	0.0762447	0.00642241	0.220933	0.0032304	0.00602479	0.0101132	0.00817623	0.00592307	0.0542325	0.0783813	0.215398	0.0134819	0.0132811
184	K	2.82622	0.0207579	0.00383993	0.00403698	0.0302199	0.0199153	0.0263799	0.00181802	0.0145488	0.427348	0.0231336	0.0291253	0.0153225	0.0144146	0.0248401	0.243659	0.0091817	0.00878844	0.0181583	0.0138838	0.0506284
185	G	2.85129	0.0186534	0.0286517	0.0153643	0.0389528	0.00830685	0.484607	0.00474065	0.00853195	0.0089947	0.0186524	0.0153778	0.129059	0.00464715	0.029347	0.0151498	0.0636898	0.0746997	0.0138233	0.00822859	0.0105227
186	V	3.03267	0.0198122	0.0155529	0.0193549	0.00917715	0.0401901	0.00418229	0.0128326	0.025711	0.0251705	0.0414734	0.316433	0.0124609	0.0166874	0.0460397	0.00352912	0.00931711	0.0159505	0.312997	0.0320394	0.0210893
