#SITE	WT_AA	SITE_ENTROPY	PI_A	PI_C	PI_D	PI_E	PI_F	PI_G	PI_H	PI_I	PI_K	PI_L	PI_M	PI_N	PI_P	PI_Q	PI_R	PI_S	PI_T	PI_V	PI_W	PI_Y
2	A	2.18016	0.402145	0.00746856	0.00366049	0.00165535	0.00365703	0.0369948	0.027529	0.00221042	0.00910959	0.00137661	0.0450327	0.00311947	0.00624454	0.00238871	0.00264459	0.0103351	0.0172908	0.403098	0.0109687	0.00307138
3	S	2.42391	0.001215	0.00795814	0.00558755	0.00187703	0.04464	0.0465781	0.25588	0.00130655	0.000827556	0.000714395	0.00368009	0.00356286	0.0120075	0.0014266	0.0412405	0.135412	0.42222	0.00743785	0.00243561	0.0039924
4	Q	1.74711	0.0182671	0.00107842	0.00208795	0.00454793	0.693166	0.000586705	0.00605179	0.0261331	0.00257373	0.00244303	0.00690194	0.0307232	0.00566669	0.138116	0.00593398	0.0441358	0.00110378	0.00201969	0.00397129	0.00449196
5	G	2.37448	0.0144635	0.144208	0.0236663	0.00661001	0.0852307	0.56842	0.00558841	0.00345061	0.00478229	0.00202641	0.00820442	0.00394516	0.00653213	0.0239318	0.0129598	0.0397581	0.00262359	0.0125768	0.0101148	0.0209067
6	T	2.35842	0.0342612	0.00519895	0.00308643	0.00410508	0.00353763	0.00120824	0.00316406	0.0262987	0.00319678	0.357774	0.0265141	0.0361894	0.00266815	0.0309839	0.00106653	0.0148194	0.410956	0.00234716	0.0179129	0.0147115
7	K	1.58355	0.00365533	0.00492255	0.0056458	0.0350788	0.00346425	0.0025469	0.00564715	0.021887	0.776519	0.00190653	0.00966749	0.0252573	0.00312183	0.0443176	0.0158749	0.00373183	0.0104069	0.00268751	0.0148408	0.00882092
8	R	1.4426	0.00348328	0.0134736	0.0057756	0.00561275	0.00742632	0.0173226	0.00502374	0.00428415	0.00521011	0.0158256	0.0157796	0.00528044	0.0144746	0.0248762	0.80963	0.00273252	0.00324257	0.00548799	0.029319	0.00573896
9	S	2.61663	0.373157	0.00882142	0.00106465	0.00101917	0.0090207	0.030391	0.00355889	0.00058117	0.00120245	0.0465695	0.00321337	0.0408908	0.259349	0.0111987	0.000334258	0.154812	0.0104284	0.0268578	0.0038987	0.0136303
10	Y	2.54546	0.00412146	0.117266	0.00940068	0.0029069	0.0516207	0.00153569	0.0295574	0.0797323	0.00248695	0.0054004	0.0106792	0.00984719	0.190857	0.00588153	0.00535874	0.00304734	0.00157305	0.00562854	0.00693001	0.456169
11	E	2.15061	0.0198757	0.00536561	0.0614127	0.660181	0.00455184	0.0356559	0.032229	0.038114	0.0186086	0.00184489	0.0120669	0.0081792	0.00196601	0.0460834	0.00208923	0.0019435	0.00234674	0.0250665	0.0177907	0.00462917
12	Q	2.35353	0.00463823	0.00323341	0.00260932	0.0106172	0.037921	0.00117797	0.447304	0.000835198	0.00620306	0.00513693	0.0024389	0.0051155	0.00194243	0.126329	0.00847714	0.256378	0.0145826	0.0012082	0.00506595	0.058786
13	M	1.64449	0.0015153	0.00294461	0.00326432	0.00253085	0.00354979	0.00188405	0.00208333	0.0048062	0.0505629	0.0109176	0.274649	0.00203088	0.00144761	0.00265931	0.00258458	0.000849752	0.612734	0.00965125	0.00645352	0.00288116
14	E	2.13025	0.0148716	0.00618569	0.453754	0.365791	0.00378182	0.0405289	0.00899376	0.00228526	0.0304038	0.00140298	0.00965295	0.00480971	0.00117184	0.0177086	0.00654954	0.00169265	0.00233959	0.017565	0.00682655	0.00368441
15	T	1.08893	0.00633561	0.820202	0.00111451	0.00201606	0.00323896	0.000750793	0.00137097	0.00933229	0.00178642	0.0022322	0.00567489	0.0125027	0.000955511	0.00118611	0.000469539	0.0102924	0.11354	0.00154163	0.0034389	0.00201903
16	D	2.02903	0.00745941	0.0374224	0.6881	0.0398648	0.00356305	0.0539208	0.0230101	0.0220142	0.00503072	0.00213491	0.0112378	0.0400674	0.00193525	0.00686277	0.00269815	0.00435392	0.00231647	0.0262389	0.00991219	0.0118565
17	G	2.33921	0.18786	0.0024884	0.0027862	0.0164231	0.00169539	0.405343	0.00267446	0.0079601	0.00413592	0.00481042	0.00610002	0.00345731	0.278175	0.00420513	0.0178866	0.0185549	0.0235014	0.00398731	0.00568108	0.00227381
18	E	2.9119	0.128381	0.0927431	0.0435741	0.454479	0.00529918	0.0507195	0.0111178	0.0320401	0.0114302	0.0011232	0.00808891	0.00300034	0.0326404	0.00865959	0.0112381	0.00115543	0.0390429	0.0292964	0.0145018	0.0214684
19	R	2.20082	0.00411314	0.0427196	0.00821341	0.00826353	0.00923084	0.0164654	0.278232	0.00285637	0.00497471	0.00234717	0.0111614	0.00455738	0.0201552	0.00911431	0.522245	0.0199219	0.002567	0.00321788	0.0246853	0.0049583
20	Q	2.44916	0.00201535	0.00431213	0.00501208	0.0360592	0.0719012	0.00255014	0.0126257	0.00401888	0.00289133	0.0216132	0.0106569	0.01599	0.0173674	0.548359	0.0145476	0.134328	0.00327659	0.00328913	0.0118358	0.0773507
21	N	2.5866	0.00198337	0.0091498	0.0683321	0.00541832	0.00563387	0.169526	0.00532831	0.0977249	0.0335171	0.014328	0.0111322	0.493321	0.00629448	0.00694624	0.00627689	0.0225333	0.0101228	0.00243181	0.00803067	0.021969
22	A	1.38127	0.127303	0.00145412	0.00293154	0.0120493	0.00115962	0.767796	0.000851264	0.0164937	0.00284129	0.000469826	0.00422884	0.00283423	0.00225293	0.00176253	0.00532551	0.00286755	0.0231641	0.00892009	0.00326358	0.0120307
23	T	2.94791	0.0223232	0.00381196	0.00417762	0.00371737	0.00521344	0.0238472	0.00416745	0.0655139	0.00357855	0.0553548	0.126971	0.0114019	0.0699391	0.0245735	0.0239345	0.02383	0.444268	0.0117396	0.00809561	0.063542
24	E	2.92223	0.0218004	0.00165501	0.109317	0.156334	0.254416	0.0125709	0.00315489	0.0391255	0.00945527	0.00175105	0.0715022	0.00520427	0.0129152	0.0319326	0.00294909	0.000725926	0.00121302	0.0053	0.257819	0.000858868
25	I	1.84561	0.00521831	0.00826955	0.0056482	0.010561	0.0243823	0.0135735	0.00570666	0.73665	0.00745028	0.0113763	0.0313323	0.0440034	0.00590038	0.0062591	0.00312204	0.00885614	0.03369	0.0207611	0.0107881	0.00645116
26	R	2.05198	0.0082231	0.00762204	0.0353925	0.00831835	0.00676417	0.0197804	0.00633525	0.00797449	0.0410244	0.00390297	0.0477901	0.0114582	0.00348218	0.00618366	0.69366	0.0252725	0.0198125	0.0334437	0.00857967	0.00497947
27	A	2.37878	0.329893	0.00499846	0.00532169	0.00803948	0.0565599	0.0163537	0.00441728	0.00425925	0.00350479	0.0153447	0.0318226	0.00650356	0.0114189	0.0054429	0.00175611	0.0069701	0.00823876	0.0326527	0.0105876	0.435915
28	S	2.80834	0.0275405	0.0361602	0.00544694	0.0855582	0.0559939	0.0897632	0.0132038	0.00758029	0.00400965	0.00254492	0.0290635	0.0103966	0.0267798	0.00610025	0.00726525	0.501967	0.0236481	0.00361988	0.0160075	0.0473506
29	V	2.40468	0.0259694	0.00489867	0.0295787	0.0077492	0.0247269	0.012262	0.00940293	0.021644	0.00557612	0.0177167	0.0593505	0.0103781	0.124373	0.0199353	0.00187212	0.00292711	0.00452683	0.590537	0.0140418	0.0125338
30	G	1.95684	0.020196	0.0134838	0.00996095	0.0558435	0.00952733	0.719921	0.013763	0.00835314	0.00936172	0.00430019	0.0215742	0.010191	0.0176491	0.0127876	0.0266178	0.00387015	0.0058425	0.00888414	0.0155792	0.0122938
31	K	2.80381	0.363777	0.0190192	0.00525733	0.0501751	0.0922237	0.00753912	0.00330252	0.0227059	0.26998	0.00495799	0.0162624	0.0477953	0.00182681	0.015134	0.0524111	0.00237461	0.0110855	0.00345502	0.00694887	0.00376803
32	M	2.15739	0.0154196	0.00930582	0.00641996	0.00773549	0.0197771	0.00447102	0.0100738	0.0277327	0.0411016	0.0405561	0.674183	0.0141725	0.016689	0.00783421	0.00380386	0.00321077	0.0278014	0.0518809	0.0110081	0.00682244
33	I	2.59035	0.0543316	0.0129474	0.0170165	0.0074335	0.0471455	0.00686707	0.0204866	0.59244	0.0231793	0.0189857	0.0239579	0.0266909	0.00575997	0.0178343	0.00324125	0.00910174	0.0201838	0.0372237	0.0176449	0.0375288
34	G	2.80349	0.372482	0.110704	0.0407041	0.00421806	0.00783153	0.241069	0.00924025	0.00332094	0.0956241	0.0149412	0.00633185	0.0171374	0.0056849	0.0085772	0.00680253	0.0183601	0.00662459	0.0119582	0.014873	0.00351443
35	G	2.3745	0.0253726	0.0171552	0.0102986	0.0371147	0.0151039	0.643305	0.0208188	0.0104231	0.0188853	0.012994	0.0358712	0.0135529	0.00609889	0.0469156	0.017776	0.0077121	0.00683258	0.00981006	0.0283241	0.0156355
36	I	3.26144	0.0116656	0.0297729	0.0175903	0.0275854	0.0395502	0.0184774	0.0110701	0.402048	0.0135883	0.125836	0.0317846	0.0447019	0.00563483	0.0091672	0.00551254	0.0383352	0.0439165	0.056885	0.0461568	0.0207214
37	G	2.87022	0.0273274	0.0248923	0.0175759	0.0591606	0.0359686	0.540944	0.0153522	0.0200234	0.0225619	0.00902721	0.0361041	0.0220497	0.0123459	0.0280355	0.039351	0.0258147	0.00853669	0.011886	0.0242247	0.0188183
38	R	3.09164	0.0110196	0.0492325	0.0222621	0.0191695	0.0187543	0.0467671	0.0115026	0.144839	0.0156235	0.0133276	0.0314167	0.0156019	0.0175673	0.0266202	0.437144	0.00786916	0.00592584	0.0318974	0.0563314	0.0171282
39	F	1.95627	0.00349173	0.031291	0.00521001	0.00795454	0.213184	0.00163313	0.00614889	0.0239013	0.0052085	0.00744856	0.0115604	0.00573855	0.00129759	0.00666662	0.00531022	0.0165232	0.00267253	0.00816027	0.620199	0.0163999
40	Y	2.53387	0.00920211	0.0310086	0.0175787	0.00952224	0.0498009	0.00641466	0.0360593	0.00812891	0.00783937	0.0042118	0.113648	0.0363074	0.0105791	0.0303413	0.00484623	0.0137852	0.00745811	0.00780874	0.0234002	0.572059
41	I	2.3584	0.00311653	0.0178915	0.00583221	0.00217684	0.0169179	0.00778633	0.0020849	0.118764	0.00182338	0.0242373	0.0412033	0.0101516	0.00105431	0.00289272	0.00133869	0.207144	0.0101612	0.0095163	0.0121435	0.503763
42	Q	2.44071	0.00845355	0.0110306	0.0123389	0.0461738	0.0130812	0.00842074	0.0230644	0.00578754	0.0067041	0.0279571	0.0560817	0.012221	0.0370354	0.617905	0.0390804	0.00512474	0.00387507	0.0306288	0.0203179	0.0147181
43	M	2.53375	0.0780209	0.012427	0.0102684	0.0228063	0.0194514	0.00665297	0.00952862	0.0357865	0.0272202	0.0562291	0.59402	0.0101935	0.00869599	0.0103231	0.0131618	0.00454716	0.0206897	0.0280568	0.0223973	0.00952286
44	C	3.00285	0.00724312	0.433609	0.0102943	0.018586	0.0126302	0.0191505	0.0116012	0.00983832	0.0256441	0.00415039	0.0197072	0.00627378	0.00548094	0.0633794	0.0282235	0.0210573	0.148136	0.0724546	0.0640898	0.0184501
45	T	2.90446	0.0423203	0.0161559	0.0178964	0.0219421	0.0203593	0.00799555	0.0143963	0.0498002	0.0151865	0.0200133	0.0419588	0.0304963	0.0269731	0.013754	0.00775303	0.0941851	0.513524	0.00991404	0.0164492	0.0189268
46	E	2.45935	0.00803211	0.00973018	0.036403	0.560253	0.0133373	0.0291866	0.16668	0.0081091	0.0143061	0.00286121	0.0252157	0.00773264	0.0048857	0.0210062	0.00633764	0.00412183	0.0114766	0.0210736	0.0113575	0.0378945
47	L	2.8027	0.00549546	0.00793917	0.00736639	0.231707	0.0536069	0.00453046	0.0377821	0.274568	0.00734254	0.264774	0.017141	0.0058733	0.0148363	0.00376589	0.00503449	0.00277189	0.00269555	0.0221993	0.020511	0.0100584
48	K	2.97721	0.00886229	0.036708	0.0315685	0.0212609	0.0143553	0.0049917	0.00740457	0.0159205	0.457031	0.0994538	0.0206962	0.0231197	0.00376356	0.0168449	0.0569411	0.114145	0.00727915	0.0298636	0.0197146	0.010076
49	L	2.41705	0.00845315	0.0081045	0.00651934	0.00646964	0.0644925	0.004025	0.0291672	0.0367481	0.00490538	0.470055	0.0380727	0.00401936	0.0124435	0.00452954	0.00277067	0.00233	0.00252107	0.27153	0.0150175	0.00782587
50	S	1.7522	0.137711	0.00680988	0.00386005	0.00206655	0.00125056	0.650159	0.00199849	0.00457983	0.00112826	0.00254002	0.00400439	0.00666452	0.0010868	0.00148618	0.00306284	0.106638	0.0610739	0.000683126	0.00217228	0.00102376
51	D	2.28288	0.035081	0.00328019	0.169172	0.0361481	0.00247008	0.0105797	0.00947966	0.0545103	0.005666	0.0259841	0.0052184	0.0173048	0.578711	0.00331702	0.00299011	0.00727552	0.002084	0.0167166	0.0101361	0.00387521
52	Y	2.23639	0.00136623	0.197424	0.00735855	0.00706707	0.0427004	0.00130975	0.0134721	0.0154115	0.510639	0.00172407	0.00684186	0.00652939	0.00100394	0.00541968	0.00131403	0.00924162	0.00595623	0.00498374	0.00591596	0.154321
53	E	2.13798	0.0183182	0.0130136	0.00524085	0.682085	0.0234976	0.0288323	0.0109196	0.00780621	0.0507313	0.00491976	0.0203926	0.0181586	0.00545984	0.0279908	0.00479594	0.0036271	0.00463925	0.0309434	0.0267535	0.0118741
54	G	2.64883	0.0742047	0.00490182	0.00865938	0.116251	0.0149883	0.253296	0.00283797	0.00384701	0.00467231	0.00148755	0.019665	0.00416554	0.00234318	0.00609364	0.0296195	0.393974	0.0101373	0.0058777	0.0388851	0.0040929
55	R	0.504212	0.000435447	0.000757051	0.000784403	0.00632416	0.000652651	0.00244331	0.00097874	0.00259682	0.937186	0.000376871	0.00248651	0.000492331	0.00057063	0.006407	0.0331841	0.000272284	0.000395317	0.000423731	0.00208148	0.00115085
56	L	2.40225	0.116214	0.00800497	0.0122961	0.0114979	0.0235161	0.00396832	0.00600535	0.00665064	0.0140921	0.59941	0.0361189	0.0156809	0.0227543	0.0093392	0.00298505	0.0258996	0.0048615	0.0266502	0.0459509	0.00810425
57	I	2.15711	0.00733487	0.00665431	0.0143047	0.0159058	0.0491288	0.00574513	0.00761622	0.677934	0.0109509	0.00810668	0.0354928	0.036224	0.0040613	0.0118689	0.00411525	0.0216651	0.0235528	0.0338203	0.016433	0.00908516
58	Q	2.10853	0.00518405	0.00587973	0.008146	0.0431622	0.0106195	0.00567842	0.0362298	0.00651795	0.0139132	0.0193413	0.0235329	0.0103662	0.0253489	0.685651	0.0244389	0.00306861	0.00441898	0.00707516	0.0442159	0.0172116
59	N	2.13163	0.00800254	0.00583036	0.0358891	0.00808241	0.0141142	0.00597856	0.0316253	0.0246984	0.0271655	0.00308614	0.0131248	0.684411	0.010506	0.00676837	0.00372212	0.0276688	0.0203907	0.00553847	0.0242928	0.0391045
60	S	2.46034	0.00631713	0.0610748	0.0132315	0.0123197	0.00809939	0.0285463	0.0109697	0.0150198	0.0185899	0.00413102	0.0222487	0.0308911	0.00653201	0.0149283	0.0628273	0.612452	0.0312541	0.00757091	0.0208657	0.0121309
61	L	2.75444	0.0113228	0.00909895	0.00658824	0.0109987	0.0236947	0.00461412	0.00683545	0.0247819	0.00802495	0.40899	0.0473635	0.00884169	0.00493749	0.00548831	0.00492962	0.0619707	0.251751	0.0722916	0.0218414	0.0056346
62	T	2.64764	0.0203509	0.0832418	0.00817202	0.014903	0.0338938	0.104371	0.00571244	0.0248869	0.0310824	0.00663125	0.0200804	0.00985219	0.00354359	0.00516105	0.018944	0.0301154	0.54472	0.006295	0.0163172	0.0117254
63	I	2.26821	0.00944197	0.0248859	0.0145381	0.0189028	0.0119468	0.00601366	0.00807455	0.660858	0.0437153	0.0293871	0.032851	0.017498	0.00619485	0.0104251	0.00608292	0.00385485	0.0261961	0.0333176	0.0265899	0.00922571
64	E	2.20813	0.00876346	0.0119969	0.00756078	0.659278	0.00663299	0.0475515	0.00839622	0.00646195	0.0521047	0.00538504	0.0215332	0.00667529	0.00332888	0.0310545	0.00387421	0.00566013	0.045869	0.0209908	0.0273122	0.0195704
65	R	2.11134	0.00642418	0.0142978	0.0137872	0.00969261	0.0072265	0.0597785	0.00958107	0.0112117	0.0230767	0.00357506	0.0222645	0.0106674	0.005444	0.0135079	0.687459	0.0194025	0.0137563	0.0391964	0.022615	0.00703535
66	M	2.87705	0.00901819	0.0370234	0.0236592	0.0376065	0.016478	0.0103622	0.0150681	0.00632588	0.0589058	0.0977119	0.509464	0.0165342	0.00868893	0.0164175	0.0272303	0.00666582	0.0313151	0.0448795	0.0169464	0.00969933
67	V	3.32039	0.0456022	0.0211661	0.0277581	0.0494983	0.0313376	0.0285874	0.0522421	0.0392949	0.0274956	0.0389235	0.0408396	0.0188064	0.0150479	0.0282685	0.00939299	0.0141383	0.0173896	0.430033	0.0121759	0.0520018
68	L	2.4202	0.00731805	0.0185885	0.0194126	0.0204272	0.0219442	0.00844505	0.0314006	0.0176732	0.0140657	0.635686	0.0166249	0.0155667	0.0201408	0.011115	0.0245378	0.00444947	0.0101106	0.0455785	0.0423172	0.0145982
69	S	2.48263	0.198785	0.016559	0.00702194	0.00787675	0.0425841	0.00478192	0.00614645	0.00730117	0.00563171	0.00298974	0.0270669	0.0510925	0.0287792	0.0162997	0.00329893	0.525657	0.0162461	0.00508396	0.0127512	0.0140459
70	A	2.51293	0.612515	0.00983297	0.0159262	0.0163758	0.0116676	0.0679059	0.0180557	0.0165662	0.0313842	0.00842185	0.0224252	0.0145136	0.0333457	0.0168209	0.00613707	0.0173049	0.0302409	0.025742	0.0134658	0.0113521
71	F	2.65922	0.042222	0.0390894	0.00694159	0.00974949	0.491348	0.00567209	0.0097158	0.0179035	0.201339	0.0228316	0.0132988	0.00813331	0.00542238	0.0106549	0.00320316	0.0239269	0.00368539	0.0222046	0.0196416	0.0430161
72	D	2.78225	0.0541925	0.0163477	0.50052	0.0531282	0.0281608	0.0192594	0.138914	0.00858584	0.0148855	0.00402138	0.0270604	0.041076	0.00357522	0.0162054	0.00560053	0.00442233	0.0122394	0.0309213	0.0135718	0.00731145
73	E	2.74898	0.406167	0.00520053	0.0356921	0.256338	0.00252245	0.0324235	0.00518799	0.0486933	0.0103591	0.0347259	0.0193189	0.00625852	0.00220076	0.0393286	0.00287351	0.00280588	0.00432665	0.0626101	0.0163764	0.00659008
74	R	2.81539	0.0141078	0.0286777	0.025725	0.0192805	0.0236352	0.033035	0.0115733	0.0486361	0.0337448	0.0236193	0.00436029	0.0636635	0.00491216	0.0180296	0.540603	0.00726374	0.0224502	0.0110423	0.0491806	0.0164603
75	R	2.49924	0.00737808	0.0183613	0.0163804	0.0183025	0.010812	0.0347831	0.0120924	0.012903	0.0281144	0.0110305	0.0450273	0.0120328	0.00394451	0.0131296	0.615271	0.0388398	0.0194895	0.0100967	0.0450545	0.0269563
76	N	3.05343	0.00399211	0.00792591	0.0582973	0.0130618	0.00813128	0.00427868	0.0397945	0.0320143	0.0363727	0.00402959	0.0113045	0.260241	0.00365389	0.102846	0.004011	0.307002	0.0571682	0.00620015	0.0160621	0.0236136
77	K	2.25115	0.0875125	0.00432796	0.00305124	0.0183835	0.0387074	0.00333599	0.00379698	0.0112886	0.152155	0.0064984	0.00979386	0.0260618	0.00155283	0.00360313	0.0203193	0.00105972	0.00645582	0.581327	0.0160226	0.00474661
78	Y	2.38463	0.103422	0.0352168	0.0342404	0.0081195	0.0283808	0.0041829	0.041221	0.00853704	0.00945047	0.00396951	0.0208754	0.0350006	0.00482727	0.0124103	0.00461382	0.0118739	0.00375599	0.00662177	0.0172861	0.605994
79	L	2.0808	0.00503337	0.00935521	0.0111379	0.00997197	0.0335511	0.0303165	0.0276326	0.00594926	0.00544489	0.699284	0.0165972	0.00814661	0.0207019	0.00645166	0.0148183	0.0078773	0.0265517	0.0151261	0.0346449	0.0114077
80	E	2.93859	0.103941	0.143201	0.00606872	0.0685868	0.00295946	0.2088	0.000580881	0.181144	0.0414051	0.000226046	0.00210301	0.00106453	0.000645709	0.0299535	0.00105269	0.198497	0.00334719	0.00250658	0.00247378	0.00144312
81	E	1.99116	0.00264826	0.00335005	0.0274992	0.261409	0.0151068	0.0169368	0.00219451	0.00794554	0.0171445	0.000891461	0.0132741	0.00305208	0.00453176	0.0154081	0.00126242	0.00257531	0.00329167	0.0121804	0.013377	0.575921
82	H	3.06277	0.193576	0.0314486	0.0167104	0.00788663	0.0380044	0.0225466	0.257869	0.00270455	0.00419804	0.0481113	0.00974262	0.0176036	0.00593776	0.0214359	0.0148642	0.00386344	0.256349	0.00393176	0.0124467	0.0307704
83	P	2.3356	0.00914618	0.0160503	0.00643169	0.00954162	0.0141371	0.011102	0.00279337	0.00423298	0.0100294	0.0213902	0.0190902	0.0507	0.623735	0.00824781	0.0148141	0.0216631	0.0177623	0.103694	0.0219099	0.0135281
84	S	2.33443	0.00323861	0.0107822	0.00485858	0.0110469	0.003899	0.0670294	0.00426877	0.00787055	0.00694397	0.0106639	0.031159	0.468974	0.00247779	0.00979693	0.0512479	0.288246	0.00582887	0.00297802	0.00625486	0.00243522
85	A	2.52562	0.495554	0.015036	0.00885047	0.0261272	0.0144935	0.0213208	0.00832015	0.00944497	0.0116817	0.00552557	0.0204125	0.00988623	0.010561	0.0123289	0.25253	0.00858223	0.020977	0.0166463	0.0212377	0.0104838
86	G	2.72939	0.0161344	0.0208787	0.011837	0.0114685	0.265757	0.370821	0.00670629	0.00594329	0.0173117	0.135079	0.00947453	0.00648674	0.00332206	0.00490185	0.0163867	0.0581274	0.0277771	0.00205127	0.00195505	0.00758104
87	K	2.25342	0.00615599	0.0115268	0.00889692	0.0379982	0.0114819	0.00363719	0.0069753	0.066632	0.644249	0.00701559	0.0621309	0.0229741	0.00439366	0.0309468	0.0225002	0.00376473	0.010489	0.00761501	0.0207763	0.00984
88	D	2.26324	0.00624003	0.00817397	0.303333	0.0432315	0.00455374	0.0478925	0.0102841	0.00170734	0.00334581	0.00187025	0.0035687	0.0284436	0.0024768	0.00251027	0.00111589	0.473695	0.00243302	0.0313976	0.0112094	0.0125178
89	P	2.07317	0.00254679	0.0025327	0.0101957	0.00110587	0.00344281	0.564005	0.147509	0.066344	0.000975476	0.00613027	0.00273233	0.000961386	0.149736	0.00371008	0.00260708	0.0168754	0.00573261	0.00176701	0.00801709	0.0030732
90	K	2.86743	0.00676276	0.00343647	0.00390939	0.0270027	0.00240038	0.2232	0.00457393	0.243257	0.270811	0.0793256	0.00798604	0.0239465	0.00208882	0.00830763	0.017507	0.0047365	0.0163678	0.0405117	0.00526591	0.00860224
91	K	2.13764	0.00363309	0.00995847	0.0088719	0.0437391	0.00602719	0.00913449	0.00614611	0.0216746	0.670936	0.00430061	0.0153886	0.038095	0.00540952	0.0178483	0.0501317	0.0554489	0.00785014	0.00585795	0.0119915	0.00755648
92	T	2.58829	0.0549206	0.00955689	0.0183835	0.0208897	0.0130607	0.00739582	0.0105373	0.0268574	0.00869747	0.00439286	0.0215005	0.124092	0.020183	0.0110553	0.00579248	0.0228281	0.563546	0.0222021	0.0174044	0.0167032
93	G	2.0385	0.0147008	0.0137598	0.0126036	0.0396681	0.0117418	0.708264	0.0119611	0.00903279	0.0203204	0.00681611	0.0143644	0.0146737	0.009622	0.0120057	0.0196647	0.00468607	0.00588594	0.0143125	0.044443	0.0114735
94	G	2.25093	0.0468192	0.0119695	0.0165654	0.0413152	0.0149855	0.668295	0.0111224	0.0101459	0.0163288	0.00590516	0.0239744	0.0190999	0.00525006	0.0108833	0.0189331	0.0141708	0.00787378	0.0131368	0.0229273	0.0202985
95	P	2.88869	0.031132	0.0291737	0.0201682	0.0242514	0.0561669	0.0115808	0.00559813	0.0128559	0.0118278	0.0504974	0.0198111	0.0162043	0.529008	0.0148191	0.0485817	0.0401076	0.0279505	0.0106368	0.0271563	0.0124718
96	I	2.51722	0.00905835	0.00917133	0.0120713	0.147039	0.00861555	0.00424801	0.00864674	0.554721	0.0450805	0.0207536	0.0354012	0.0120062	0.00791736	0.00584211	0.013725	0.00321931	0.0319455	0.0490065	0.0135614	0.00796982
97	Y	2.04324	0.00278657	0.554895	0.00352829	0.00228118	0.0247543	0.00324928	0.0434405	0.00773553	0.00143715	0.0111376	0.00822414	0.0124698	0.000602541	0.00145547	0.00112646	0.00545612	0.000707015	0.000953078	0.235653	0.078107
98	R	2.61463	0.00429641	0.00806211	0.0109757	0.00678113	0.00442641	0.0187613	0.406707	0.00344434	0.0830656	0.00667329	0.00299444	0.00525757	0.00528506	0.0120458	0.268673	0.0806176	0.00976056	0.00659069	0.0482987	0.00728307
99	R	2.57596	0.0224102	0.0234793	0.0131216	0.0141791	0.0078815	0.0291894	0.0117712	0.00587928	0.0691752	0.0152974	0.0214122	0.00914704	0.0187857	0.00919764	0.591817	0.0525482	0.0374642	0.00861713	0.0257405	0.0128863
100	V	3.2275	0.0188108	0.0105822	0.00743447	0.0542407	0.00837268	0.0134198	0.00573128	0.0746612	0.146757	0.00862919	0.00913957	0.00611331	0.00404451	0.00692313	0.0366369	0.215042	0.00316609	0.249239	0.0356148	0.085442
101	N	2.78058	0.00156825	0.00890182	0.0549086	0.00660925	0.0025004	0.469328	0.143718	0.0208224	0.00695095	0.00846746	0.00687744	0.0593506	0.0279	0.00318702	0.0379213	0.0771789	0.00562942	0.00534767	0.0439219	0.00891125
102	G	2.83606	0.0186959	0.0794791	0.0301866	0.038418	0.00494547	0.213376	0.00446962	0.00446186	0.0133398	0.0473698	0.0193758	0.00618308	0.00454958	0.0051482	0.0130454	0.42205	0.00232556	0.0391049	0.025615	0.00786022
103	K	2.82426	0.00571803	0.0231566	0.00593551	0.0493117	0.00962575	0.00587285	0.0611927	0.00955142	0.293783	0.00318685	0.0631963	0.356923	0.018195	0.0082956	0.0414677	0.00597421	0.00943522	0.00700536	0.0161462	0.00602717
104	W	2.40117	0.00833772	0.0155537	0.0126225	0.013633	0.0133378	0.0476727	0.00706281	0.00667494	0.0113182	0.00497377	0.0295649	0.143041	0.00299074	0.013498	0.0271664	0.0205138	0.0100317	0.0117605	0.588579	0.0116671
105	M	2.57368	0.00889401	0.0162881	0.0182105	0.0176094	0.0172186	0.0109149	0.0109721	0.0379627	0.0555276	0.0362944	0.599764	0.0129441	0.00469799	0.0229401	0.0207609	0.00537199	0.0273075	0.0277793	0.0346377	0.0139043
106	R	2.9437	0.00597106	0.0534186	0.0207909	0.0232609	0.0136665	0.0659928	0.00716775	0.0071583	0.0157427	0.00531519	0.0240328	0.0563421	0.00243891	0.0109213	0.46223	0.0414823	0.129065	0.0153169	0.0294589	0.0102269
107	E	3.52968	0.0270845	0.0456603	0.0459325	0.379255	0.0218506	0.0335224	0.0386374	0.0280087	0.0206793	0.0151984	0.0402559	0.0469309	0.0190969	0.0502699	0.0408062	0.0167031	0.0129535	0.0493194	0.030724	0.0371115
108	L	2.84777	0.00563408	0.00940079	0.00894178	0.0294949	0.0399862	0.060066	0.0151005	0.0347342	0.0086468	0.140423	0.028193	0.041871	0.00861696	0.0065933	0.00514517	0.483124	0.00564919	0.0339151	0.0295329	0.00493088
109	I	3.05416	0.00936328	0.0270883	0.0303311	0.0163889	0.0510153	0.00882414	0.0117834	0.472648	0.00947041	0.0251576	0.0522785	0.0483842	0.00727603	0.0171104	0.00783542	0.0234756	0.0805389	0.0571498	0.0268702	0.0170104
110	L	3.25693	0.0186175	0.0418782	0.0332632	0.0191587	0.045083	0.0167125	0.0477669	0.00313312	0.020152	0.446	0.0300704	0.0391367	0.0363406	0.038938	0.0431793	0.0152188	0.0131	0.0438228	0.0296145	0.0188141
111	Y	3.31023	0.0093561	0.0424218	0.0541495	0.0215274	0.040232	0.0145485	0.0418713	0.0728367	0.0153409	0.0104965	0.0287727	0.0484374	0.00593106	0.0357852	0.0113822	0.0280903	0.0468533	0.0183226	0.0356582	0.417986
112	D	2.88164	0.242531	0.0180965	0.407183	0.0295466	0.0140146	0.034742	0.0462813	0.0121729	0.0119811	0.00541104	0.0363132	0.0464137	0.00605639	0.0286535	0.00392868	0.004164	0.0043409	0.0262935	0.0135412	0.00833529
113	K	2.55921	0.0101123	0.0167612	0.0220993	0.0420348	0.0140316	0.00859684	0.0100749	0.0301097	0.59732	0.00610861	0.021786	0.028452	0.00447148	0.0672964	0.0347598	0.0173556	0.0248066	0.00984841	0.0243111	0.00966342
114	E	3.33471	0.0564921	0.0132046	0.0520109	0.304742	0.00901116	0.0272981	0.00913809	0.00680762	0.0375705	0.00377209	0.0235461	0.11968	0.00422789	0.114027	0.0067404	0.00306899	0.128425	0.0390731	0.0237353	0.0174284
115	E	2.35391	0.0166178	0.0148604	0.0464624	0.639989	0.0155812	0.0394086	0.011265	0.00917957	0.0292152	0.0053687	0.02339	0.0124698	0.00655892	0.0429864	0.00609701	0.00620996	0.00525029	0.0353594	0.0214661	0.012264
116	I	2.43348	0.00458948	0.224569	0.0100545	0.0113671	0.00819858	0.00572083	0.00510086	0.515886	0.0422595	0.0278368	0.039168	0.0058705	0.00242252	0.00695331	0.00590999	0.00272219	0.0186915	0.0342182	0.0221765	0.00628471
117	R	2.6603	0.0635786	0.00336684	0.00223855	0.00171776	0.00133568	0.029962	0.0270334	0.0328365	0.019817	0.0568004	0.00155074	0.0132386	0.000482125	0.0032019	0.0704857	0.506906	0.0997122	0.0563747	0.00779503	0.00156642
118	R	2.81442	0.00842225	0.0137783	0.00802251	0.0159802	0.0154664	0.0255507	0.0145918	0.00931142	0.0141897	0.0294214	0.0901928	0.0157294	0.0253437	0.0188219	0.50421	0.00446361	0.121079	0.0140949	0.0358397	0.0154897
119	I	2.75604	0.0091937	0.0160461	0.0150834	0.0181862	0.0405176	0.00879123	0.0123816	0.561169	0.015049	0.0303106	0.0328689	0.0336347	0.00765875	0.0230119	0.00752115	0.021632	0.0337216	0.0593918	0.0212442	0.0325861
120	W	2.14552	0.00931235	0.0295991	0.0139472	0.0125754	0.0162756	0.0134381	0.0190115	0.0140717	0.0149876	0.00643361	0.0312853	0.018901	0.00581716	0.0148367	0.0349108	0.0201737	0.00795503	0.00563355	0.69194	0.0188947
121	R	1.88067	0.00546053	0.59936	0.00531131	0.00570438	0.0122636	0.00899632	0.01018	0.00562339	0.0145867	0.00115836	0.0161963	0.00517439	0.00418504	0.00870191	0.262991	0.00108139	0.00216128	0.00543169	0.0139416	0.0114906
122	Q	2.09453	0.00344799	0.00807123	0.00676628	0.0230853	0.00767071	0.00465145	0.0319294	0.00776956	0.00583058	0.0165934	0.0146461	0.00583178	0.00678694	0.655074	0.11181	0.0074436	0.0586708	0.00504718	0.0122807	0.00659281
123	A	2.06622	0.66058	0.0132981	0.031241	0.00678065	0.00781755	0.120372	0.00682521	0.00582407	0.00626713	0.0034328	0.0138042	0.0066173	0.00779131	0.00625164	0.00490192	0.0138077	0.0165683	0.0489165	0.0103783	0.00852435
124	N	2.41417	0.00877918	0.00962009	0.0471121	0.00694108	0.0230855	0.0029659	0.0208749	0.0254112	0.0306661	0.00231341	0.0146806	0.589703	0.00293675	0.124136	0.00347469	0.0207367	0.0114621	0.0050336	0.0170054	0.033061
125	N	3.20126	0.132186	0.305051	0.00733691	0.00356195	0.00327555	0.00406518	0.00611581	0.0544971	0.0394898	0.086157	0.0155588	0.125154	0.00123383	0.0117048	0.000427714	0.0616472	0.0959055	0.0322375	0.00244211	0.011952
126	G	3.00171	0.0820971	0.00464539	0.0929907	0.00215328	0.00614261	0.325991	0.00916197	0.0111694	0.0140425	0.128339	0.00661364	0.00185766	0.00280589	0.138224	0.00979656	0.020956	0.0105284	0.127116	0.00307894	0.0022908
127	D	2.66153	0.00693656	0.00238298	0.153686	0.0165635	0.00138622	0.0225513	0.00730081	0.00245932	0.103616	0.00294776	0.0162317	0.0150144	0.000602825	0.0378285	0.0101996	0.00175063	0.00069451	0.153688	0.0173586	0.4268
128	D	3.0533	0.00663375	0.33777	0.224852	0.038562	0.00439233	0.0138157	0.10735	0.0632901	0.00245107	0.0119195	0.012018	0.0111834	0.0377365	0.00722448	0.00552417	0.0321808	0.0559387	0.0111767	0.00863429	0.00734658
129	A	2.30209	0.19386	0.0162052	0.00355559	0.00432826	0.00340657	0.00636656	0.0113289	0.0115106	0.00499388	0.00968948	0.00400516	0.00251664	0.00346678	0.00335733	0.029414	0.00354879	0.206693	0.469663	0.0068492	0.00524164
130	T	2.99179	0.0741746	0.00686621	0.012701	0.0447646	0.00736855	0.0152975	0.00314983	0.00245212	0.0398102	0.120106	0.0138197	0.00898133	0.188184	0.00604444	0.00764943	0.0247941	0.377463	0.018937	0.0139909	0.0134463
131	A	2.02503	0.113628	0.529229	0.000642404	0.000855865	0.00287776	0.25555	0.00887462	0.0130776	0.000987474	0.00618007	0.00370613	0.0202749	0.0224624	0.00179441	0.000980209	0.00314239	0.00539671	0.00557775	0.00355319	0.00120972
132	G	1.85999	0.0252462	0.0103855	0.0524666	0.00828568	0.0107285	0.735099	0.00769554	0.00565094	0.00732269	0.00421846	0.0141884	0.0106489	0.00295109	0.00941434	0.010851	0.0351035	0.0122585	0.0143039	0.0143266	0.00885444
133	L	1.83174	0.00839235	0.00256636	0.00201138	0.00257697	0.00188568	0.000873821	0.00344841	0.00113371	0.592581	0.143426	0.00630285	0.00180284	0.00736917	0.0147036	0.00958312	0.00169261	0.000686219	0.193314	0.00356608	0.00208396
134	T	0.182035	0.00110447	0.981477	0.000141425	0.0001207	0.00165632	0.000170368	9.73167e-05	0.000430345	0.000121514	0.000125744	0.000984781	0.000407564	0.000214094	0.000188584	0.000181779	0.000494378	0.0101256	0.00106888	0.000520382	0.000368896
135	H	2.34996	0.421046	0.00438602	0.0144225	0.00297513	0.00315357	0.0070587	0.304396	0.00154071	0.00234658	0.0148102	0.00543566	0.00338231	0.00493224	0.0472497	0.0114194	0.119407	0.00145126	0.00147591	0.00672417	0.0223876
136	M	2.07039	0.00921776	0.0178908	0.00292295	0.00242453	0.0015434	0.00224321	0.0046593	0.00888709	0.0165446	0.0110666	0.216331	0.0173845	0.000987238	0.00320055	0.00704309	0.00148845	0.104432	0.562568	0.0031156	0.0060496
137	M	2.45758	0.0102711	0.00895528	0.010873	0.00935385	0.0314318	0.00635213	0.00970716	0.0361455	0.0379539	0.0771821	0.598199	0.0097838	0.00365321	0.00705838	0.0155618	0.00377381	0.0679622	0.0305434	0.0129635	0.0122748
138	I	2.634	0.0116148	0.0121989	0.0200225	0.0137369	0.0686415	0.0208793	0.0170795	0.578723	0.00704106	0.0194273	0.0358071	0.0481757	0.00366313	0.0226303	0.00412583	0.0209592	0.0298422	0.0367811	0.0200129	0.0086378
139	W	2.21806	0.0127766	0.0238989	0.0210824	0.0124398	0.0197794	0.022157	0.0242003	0.0117356	0.0196778	0.00775071	0.0269649	0.0152086	0.00758028	0.0102715	0.0215869	0.028727	0.00755752	0.00960199	0.681498	0.0155043
140	H	3.32725	0.0214447	0.00488699	0.00926855	0.00644139	0.160636	0.112907	0.178181	0.121916	0.00494103	0.0101095	0.00336218	0.00140747	0.0025857	0.152382	0.0148175	0.0162384	0.0223133	0.00388048	0.107106	0.0451744
141	S	2.18187	0.552711	0.0147433	0.0040788	0.00379039	0.0530956	0.0250631	0.00751415	0.00258719	0.00301913	0.00161714	0.0187499	0.00316868	0.0194584	0.0101286	0.00252861	0.238461	0.012415	0.00310335	0.0131453	0.0106215
142	N	2.78186	0.00636522	0.00920878	0.0293042	0.0113301	0.0229106	0.293185	0.0136313	0.0170024	0.109642	0.00195616	0.0101918	0.365357	0.00350231	0.00872401	0.0183461	0.0202985	0.0151877	0.00522775	0.0135938	0.0250351
143	L	2.57034	0.013226	0.00721153	0.0103811	0.0173343	0.0128862	0.0074325	0.026961	0.00897828	0.00818427	0.556215	0.0489219	0.0158685	0.00697081	0.0167279	0.00422021	0.0317468	0.00792762	0.0774385	0.112454	0.00891336
144	N	2.62594	0.0247027	0.00350137	0.00943386	0.00859861	0.00309613	0.42802	0.0108365	0.0128596	0.0270859	0.204013	0.00359775	0.117418	0.00351812	0.00740674	0.000918105	0.00898639	0.00409473	0.00655878	0.0102274	0.105127
145	D	2.34899	0.0362035	0.0108647	0.629837	0.0573422	0.0109523	0.0303516	0.0308745	0.00873186	0.0111017	0.00442357	0.0216146	0.02898	0.00638966	0.00642823	0.00448112	0.00379614	0.0048801	0.0594831	0.0151083	0.0181565
146	A	2.36522	0.191703	0.0184788	0.00782596	0.00526517	0.00973321	0.0567422	0.00566334	0.0129031	0.00559428	0.00427799	0.0176889	0.00686633	0.00779275	0.0148314	0.00207876	0.0130265	0.556772	0.0175018	0.0337915	0.0114625
147	T	2.50587	0.0651359	0.0108166	0.00740137	0.013294	0.0196381	0.00401108	0.0101698	0.028726	0.0103316	0.00431464	0.0243252	0.156729	0.0158842	0.00766309	0.00304077	0.025301	0.552345	0.0124548	0.0165176	0.0119002
148	Y	2.38152	0.00713753	0.0671485	0.0317722	0.0176677	0.0390104	0.00690439	0.045608	0.0106801	0.0109974	0.00458614	0.0229649	0.0515269	0.00336395	0.0103285	0.00445354	0.0113444	0.0045813	0.00652419	0.0253082	0.618092
149	Q	2.26679	0.00694012	0.0542337	0.0135899	0.0605114	0.0122761	0.00698528	0.00688273	0.00887161	0.0154721	0.0239489	0.0179598	0.0109064	0.0133799	0.653133	0.0175353	0.00741493	0.00546403	0.0071082	0.0256461	0.0317409
150	R	2.31652	0.00410613	0.0156772	0.0128216	0.0113328	0.0164551	0.0281176	0.0480706	0.0155698	0.0338983	0.0200079	0.00440315	0.0112538	0.00450635	0.0137008	0.649016	0.00708067	0.0357475	0.00766257	0.0374672	0.0231046
151	T	2.43719	0.0241042	0.00776726	0.00689486	0.00582009	0.0101137	0.017124	0.00465618	0.0329926	0.0249813	0.00380434	0.0227277	0.00394171	0.0111863	0.0197417	0.0107524	0.295005	0.469679	0.0134981	0.0105806	0.0046292
152	R	1.78482	0.0037978	0.0104374	0.0100413	0.008494	0.0113896	0.0259789	0.00712441	0.0164606	0.0603061	0.0103698	0.0174141	0.00727833	0.00214251	0.00666645	0.745934	0.01042	0.0122876	0.00549599	0.0220074	0.00595387
153	A	2.62856	0.2643	0.00595854	0.0206794	0.00919462	0.00688614	0.0191418	0.00496328	0.00266553	0.00563365	0.00445821	0.0142611	0.00425572	0.00939063	0.00602332	0.00555074	0.3634	0.183491	0.046351	0.0161392	0.00725624
154	L	2.05809	0.013475	0.0116885	0.00860728	0.0083301	0.030722	0.00456566	0.0269734	0.0304205	0.00885661	0.705815	0.0121741	0.00952439	0.0256164	0.0146285	0.0109453	0.00395469	0.00737145	0.0284727	0.0198187	0.0180398
155	V	2.10639	0.0664262	0.00999625	0.0490789	0.00643942	0.0268588	0.020951	0.00438088	0.0727153	0.00628426	0.0075181	0.0209488	0.0103621	0.00262076	0.0079725	0.0018717	0.0025021	0.00392777	0.660293	0.0118807	0.00697082
156	R	1.88154	0.0081902	0.04941	0.0084132	0.0122658	0.00899897	0.0168964	0.0148034	0.00603375	0.00800395	0.0109577	0.0182507	0.0259946	0.0128948	0.0131962	0.735815	0.00707878	0.00710552	0.00447627	0.020772	0.0104424
157	T	1.7733	0.0246092	0.00244713	0.00337535	0.003081	0.00463489	0.0011338	0.00202609	0.0194771	0.00693414	0.00647153	0.00399382	0.011937	0.0110522	0.00312452	0.0046352	0.0125125	0.222682	0.644561	0.00828347	0.00302836
158	G	1.71307	0.0108184	0.0025803	0.00221125	0.0130917	0.00299118	0.253172	0.0035834	0.00873992	0.00176273	0.00338217	0.00831224	0.00903264	0.00105978	0.0186453	0.0041179	0.632426	0.00262171	0.00315318	0.00755219	0.0107466
159	M	2.00127	0.0222411	0.00860271	0.00642083	0.00958763	0.0058655	0.00566817	0.014349	0.0474289	0.01945	0.0641592	0.698151	0.00548973	0.00190182	0.0122039	0.00482819	0.00408639	0.020044	0.0281603	0.0155946	0.00576707
160	D	1.69389	0.00722006	0.0074021	0.762313	0.0362028	0.00649772	0.0339816	0.0181414	0.00437484	0.00450115	0.00511288	0.00960271	0.0311823	0.00667762	0.00434824	0.00680824	0.00271382	0.00324237	0.0205579	0.00958452	0.0195347
161	P	2.39797	0.0483158	0.00483175	0.00423725	0.00468972	0.0066665	0.0356974	0.00927085	0.00836267	0.00777079	0.0325981	0.00808313	0.00457212	0.586086	0.00967001	0.0137325	0.0142652	0.0754387	0.108923	0.0115723	0.00521554
162	R	1.91874	0.0147845	0.0589762	0.0282487	0.0104299	0.00432803	0.0144464	0.0115343	0.00316559	0.0389853	0.00305415	0.00410911	0.00596543	0.00277498	0.00819629	0.712574	0.0166484	0.0140874	0.00647035	0.0380659	0.00315494
163	M	2.19424	0.0219914	0.0120007	0.00314985	0.00202683	0.532349	0.00244311	0.0134033	0.0145749	0.00566531	0.0258019	0.248805	0.00885292	0.00222057	0.0076878	0.00212313	0.00269096	0.0152541	0.0721159	0.00465286	0.00219041
164	C	2.62266	0.00738221	0.495173	0.00749515	0.00660002	0.0140413	0.189114	0.00807671	0.00485529	0.00407083	0.0113331	0.0132975	0.0110889	0.00604298	0.0748994	0.0200476	0.0308393	0.00288618	0.0418267	0.0349291	0.0160009
165	S	2.68464	0.0284932	0.0476779	0.0152154	0.00412596	0.0309166	0.0472799	0.00626572	0.00486643	0.00308148	0.00232896	0.0337849	0.148033	0.0881992	0.00464514	0.00175211	0.490327	0.0139227	0.00274332	0.0124574	0.0138847
166	L	2.37643	0.00541859	0.00429702	0.0036077	0.0461504	0.00361313	0.0039148	0.0333168	0.00149229	0.0067861	0.326658	0.0113384	0.0027758	0.0143103	0.102051	0.00393246	0.406094	0.00249217	0.00975039	0.00861811	0.00338245
167	M	1.81835	0.00476245	0.00899119	0.0147961	0.00797333	0.00817755	0.00507411	0.0071146	0.0379128	0.0271289	0.0254021	0.742102	0.00654947	0.00360056	0.0203426	0.00568215	0.00274956	0.0220486	0.0321403	0.0123341	0.00511732
168	Q	1.87677	0.00205561	0.0027308	0.00410037	0.0105639	0.00304974	0.0151221	0.0140667	0.00284896	0.00568511	0.00514756	0.069233	0.00342897	0.00520682	0.220104	0.00944187	0.612835	0.00124404	0.00181575	0.00477309	0.00654619
169	G	2.225	0.0337592	0.184436	0.035534	0.00818499	0.0108965	0.595477	0.00885297	0.00997538	0.00533535	0.00327548	0.0134106	0.00624748	0.00624238	0.011588	0.00848714	0.0218697	0.00421436	0.0110736	0.0123541	0.00878582
170	S	1.95044	0.0342625	0.0102826	0.00857018	0.0089552	0.0122194	0.0165619	0.00622429	0.0199492	0.00841696	0.028623	0.0106349	0.0108874	0.0212657	0.00604374	0.00404082	0.721013	0.0451221	0.00517016	0.0139792	0.00777738
171	T	2.88646	0.0900243	0.00729296	0.0166263	0.0257274	0.0105583	0.00525956	0.00581525	0.0237485	0.0133906	0.00158634	0.00751376	0.176108	0.00380839	0.0150994	0.00255036	0.0212333	0.320078	0.010659	0.0102632	0.232657
172	L	1.99728	0.013578	0.00769158	0.00800787	0.0124737	0.0357785	0.00676745	0.0229842	0.0206074	0.00878148	0.700867	0.0147453	0.00749632	0.0761791	0.00665486	0.0088959	0.00241723	0.00434678	0.0159171	0.0177598	0.00805093
173	P	2.05364	0.0714366	0.00348394	0.00449441	0.00378812	0.00784543	0.00219813	0.00215036	0.00394926	0.00279724	0.011017	0.00646338	0.00295602	0.572187	0.0207819	0.0146651	0.233487	0.00350734	0.00896692	0.0073471	0.0164781
174	R	1.79632	0.0121528	0.0119996	0.00737072	0.00941833	0.00714805	0.0315069	0.00495353	0.0117702	0.0360076	0.00594177	0.00571476	0.00847751	0.027065	0.00490938	0.74476	0.00819724	0.0116461	0.00318741	0.0421712	0.00560143
175	R	2.43401	0.00276228	0.00538362	0.00981264	0.00675925	0.00523821	0.0187112	0.0136158	0.00258066	0.0997223	0.00509021	0.43856	0.00446241	0.00112231	0.00793366	0.28823	0.00689006	0.0149188	0.0246139	0.0383617	0.00523121
176	S	2.58785	0.0909927	0.364765	0.00316083	0.00517264	0.044434	0.0127542	0.003564	0.00265563	0.00567398	0.00177194	0.0113206	0.00520168	0.012198	0.0229276	0.001968	0.333166	0.0374178	0.00944217	0.00973196	0.0216816
177	G	1.85726	0.0246594	0.0155142	0.00567802	0.0692202	0.0072868	0.729227	0.0112917	0.00989954	0.0206856	0.00710852	0.0137431	0.0134131	0.00383429	0.00688452	0.0252961	0.00297393	0.00508738	0.00899018	0.0136458	0.00556089
178	A	2.82848	0.430522	0.00367483	0.0362584	0.007634	0.00466057	0.13578	0.00381685	0.0103079	0.139978	0.00171484	0.00499488	0.0255735	0.0115888	0.00985287	0.0622688	0.00579013	0.0644882	0.0222464	0.0116673	0.00718179
179	A	2.24487	0.659447	0.00775846	0.013844	0.0187297	0.00862706	0.0590347	0.00820444	0.00701766	0.0153782	0.0034919	0.0169604	0.00860794	0.0254909	0.0186519	0.00387559	0.0463111	0.0217034	0.031866	0.0147037	0.0102965
180	G	1.94074	0.0123822	0.00717065	0.034812	0.00778141	0.00620797	0.71565	0.0118606	0.00595611	0.00968023	0.0104118	0.019701	0.00727036	0.003839	0.0628926	0.00889022	0.0206674	0.00473371	0.0127195	0.0289947	0.00837843
181	A	2.93899	0.342193	0.0664913	0.035913	0.00598456	0.00299376	0.0264002	0.0245931	0.00352123	0.0127692	0.00848492	0.0170924	0.00961154	0.00413955	0.010296	0.0228205	0.269168	0.0137153	0.0158932	0.0989651	0.0089549
182	A	1.86302	0.187992	0.657771	0.00241727	0.00674872	0.00583861	0.0163935	0.0150786	0.00170636	0.00828015	0.00785571	0.00895388	0.00587327	0.00657534	0.00265251	0.0042525	0.00371934	0.00888267	0.0139635	0.0262307	0.00881399
183	V	2.87796	0.0287711	0.00583419	0.0240771	0.00754857	0.0173613	0.0173397	0.00412684	0.0798371	0.00914691	0.0916148	0.0131062	0.00800271	0.00197689	0.0111316	0.00316548	0.100418	0.131134	0.430264	0.0102798	0.00486304
