#SITE	WT_AA	SITE_ENTROPY	PI_A	PI_C	PI_D	PI_E	PI_F	PI_G	PI_H	PI_I	PI_K	PI_L	PI_M	PI_N	PI_P	PI_Q	PI_R	PI_S	PI_T	PI_V	PI_W	PI_Y
2	A	2.15915	0.600085	0.00611858	0.00518482	0.0332487	0.00351193	0.0279207	0.0109366	0.0036358	0.00863255	0.00142201	0.0398902	0.00406202	0.0141035	0.00268213	0.0021375	0.0197636	0.0202695	0.181603	0.00899107	0.00580051
3	S	3.33502	0.0378814	0.0164352	0.00390982	0.00217285	0.216941	0.0461772	0.148639	0.00410827	0.00847802	0.0846403	0.0032786	0.0320969	0.0261905	0.00358272	0.0289335	0.14578	0.162001	0.0108031	0.00821041	0.00974033
4	Q	3.35075	0.03055	0.00394456	0.00177356	0.013385	0.267561	0.00423615	0.0235925	0.0283953	0.0216798	0.055346	0.0346113	0.0273456	0.130666	0.0827445	0.00366394	0.19544	0.0349759	0.0111614	0.0152817	0.0136458
5	G	3.09972	0.0225786	0.115122	0.0167495	0.00605116	0.061929	0.394293	0.0178066	0.00381025	0.00995463	0.00705872	0.00782872	0.077725	0.0192855	0.0108199	0.117169	0.0585825	0.0240186	0.0144265	0.00513011	0.00966034
6	T	2.06043	0.035375	0.0158568	0.00337752	0.00490634	0.00418561	0.00155723	0.00334613	0.0231712	0.004324	0.121162	0.0221417	0.0318577	0.00663378	0.0151738	0.0069649	0.0183159	0.659055	0.00249867	0.0126446	0.0074524
7	K	1.46796	0.00324435	0.00399132	0.00527122	0.0321574	0.00671811	0.00200121	0.00453405	0.0193565	0.798968	0.00242745	0.00912397	0.033525	0.00243825	0.024864	0.0165691	0.00251444	0.0131882	0.00278274	0.00962194	0.00670325
8	R	1.51026	0.00418613	0.00925967	0.00469308	0.00637209	0.00917433	0.0195655	0.00417867	0.00387365	0.00576039	0.0229303	0.013199	0.00643035	0.0279304	0.0285554	0.796458	0.00352439	0.00279371	0.00424547	0.0214692	0.00540033
9	S	3.43853	0.20569	0.0208487	0.00192175	0.00876225	0.0106236	0.0301895	0.17631	0.0238053	0.00854297	0.0564592	0.0146403	0.025332	0.12065	0.0855467	0.00104257	0.136533	0.0151181	0.0408215	0.00362888	0.0135329
10	Y	3.06821	0.0362807	0.0514502	0.00735499	0.00245938	0.0651549	0.0067188	0.31409	0.0385955	0.0050581	0.029603	0.0054172	0.0217107	0.0706438	0.0119062	0.00503445	0.0265616	0.00542463	0.0135248	0.0130372	0.269974
11	E	2.87746	0.0206692	0.00692927	0.0506029	0.501877	0.0266135	0.0214173	0.0180515	0.023548	0.0399109	0.00391705	0.0225565	0.0130943	0.00475804	0.0509542	0.0064186	0.0088446	0.0633025	0.0145296	0.0930349	0.00897005
12	Q	3.55432	0.0176944	0.010576	0.102325	0.0129809	0.0311381	0.00909337	0.214695	0.0696284	0.0140848	0.0253386	0.0345125	0.0278172	0.0233544	0.173144	0.0242445	0.144509	0.0274134	0.00989207	0.0061014	0.0214578
13	M	2.58387	0.01466	0.0084891	0.008218	0.00908456	0.00647842	0.00373462	0.00284479	0.0260625	0.0400955	0.0120754	0.481571	0.00395887	0.00439304	0.0621344	0.024226	0.00254529	0.218116	0.0207955	0.0438011	0.00671617
14	E	2.50908	0.0173736	0.00970652	0.191883	0.534072	0.0420728	0.0317038	0.00844155	0.00689084	0.0349301	0.0084939	0.0151304	0.00709181	0.00593433	0.018341	0.0066855	0.0208551	0.0108968	0.0180199	0.00704678	0.0044299
15	T	2.5802	0.0112541	0.467579	0.00167112	0.00310607	0.00291463	0.000861221	0.07544	0.0151534	0.00653043	0.0345814	0.128556	0.0358339	0.00390562	0.00520918	0.00236724	0.00987559	0.162023	0.0253341	0.00325271	0.00455151
16	D	2.766	0.00897651	0.0238221	0.476383	0.163865	0.00760293	0.0342441	0.019624	0.012939	0.00403906	0.00160389	0.00972548	0.0350693	0.00118187	0.0493657	0.00337065	0.00634782	0.0160554	0.0211762	0.0740543	0.0305539
17	G	3.03276	0.0765084	0.0283136	0.00282748	0.0181288	0.00122627	0.287482	0.0119685	0.0074473	0.00447689	0.0190553	0.0125581	0.0220945	0.112069	0.0173797	0.27639	0.0168194	0.0249403	0.0556796	0.00336869	0.00126644
18	E	3.63084	0.110924	0.0402463	0.0747179	0.242741	0.0110331	0.0232841	0.00672425	0.0951031	0.0140318	0.0121719	0.00937168	0.0139725	0.0748529	0.0902493	0.0046564	0.0226107	0.0355153	0.078549	0.0186376	0.020606
19	R	2.95599	0.00470495	0.0361807	0.00784378	0.00668709	0.0317941	0.0230729	0.134058	0.00469796	0.00645224	0.0255555	0.0163387	0.0241495	0.0483573	0.0147066	0.448248	0.0721507	0.00510502	0.0707677	0.0152767	0.00385235
20	Q	3.11266	0.0191367	0.070838	0.00731936	0.0384393	0.0395935	0.00879646	0.0239717	0.0025992	0.02825	0.0381596	0.0117634	0.011076	0.0507357	0.464214	0.0255359	0.0525314	0.0232685	0.0446157	0.00984224	0.0293134
21	N	3.46416	0.00807484	0.0292197	0.0420257	0.00340052	0.0681273	0.064357	0.0492435	0.0453532	0.0275463	0.0198751	0.00515382	0.215136	0.00483803	0.0267581	0.0174056	0.242873	0.0235547	0.00427287	0.0884665	0.0143178
22	A	3.53621	0.166309	0.00378914	0.0207204	0.0089456	0.0101978	0.276389	0.0391771	0.0538394	0.0147465	0.0246853	0.0360446	0.0275857	0.0224435	0.0160062	0.0163434	0.0908305	0.0392796	0.0749825	0.0468422	0.0108423
23	T	3.81415	0.0416341	0.00508924	0.00672674	0.00446166	0.0745489	0.0185937	0.0229006	0.029096	0.00236377	0.0401817	0.0448553	0.0448094	0.052708	0.0991798	0.0417752	0.0640705	0.216691	0.0564654	0.059721	0.074128
24	E	3.36267	0.0153687	0.0155288	0.0572776	0.106136	0.10234	0.00694741	0.00769761	0.0722014	0.0112324	0.308535	0.0253634	0.0168693	0.00582204	0.0323882	0.00632677	0.00628326	0.0915623	0.00850688	0.0946588	0.00895473
25	I	2.7148	0.0190186	0.0381144	0.00489697	0.00747358	0.019812	0.0104524	0.00752542	0.516794	0.0243302	0.0146411	0.0312965	0.0326159	0.00363828	0.00592776	0.0180023	0.009217	0.110625	0.103374	0.0078814	0.0143627
26	R	2.81207	0.00879794	0.00765055	0.0134959	0.00589376	0.117858	0.0170293	0.0145537	0.0266536	0.220888	0.0167693	0.0461456	0.00564289	0.00293388	0.0127283	0.414264	0.0193808	0.0167212	0.0137361	0.0076459	0.0112119
27	A	3.72594	0.190699	0.00319742	0.00972643	0.0209136	0.0469806	0.0170136	0.061508	0.118388	0.0421749	0.050159	0.0127487	0.0123597	0.0114731	0.0306586	0.0600382	0.0196969	0.0566246	0.0368707	0.0286227	0.170147
28	S	3.60158	0.0191177	0.0932083	0.00264358	0.0304565	0.0235066	0.0836714	0.00983792	0.00493176	0.00458215	0.0622205	0.0650089	0.0534091	0.0150462	0.120573	0.0312529	0.240814	0.025824	0.0120987	0.00829056	0.093507
29	V	2.96871	0.0210165	0.120682	0.0250903	0.013343	0.0348172	0.0153869	0.00723671	0.098873	0.0164403	0.0305311	0.035688	0.0123773	0.0476061	0.0198248	0.00461168	0.00656773	0.00751811	0.459089	0.0123407	0.01096
30	G	2.57594	0.0291403	0.00886579	0.0201529	0.0443498	0.0205354	0.600893	0.0109142	0.0448993	0.0219536	0.00444406	0.029026	0.00954649	0.0169584	0.0164027	0.0257092	0.030003	0.006157	0.0350808	0.0119483	0.0130195
31	K	3.68689	0.138677	0.0134795	0.00797967	0.0256184	0.0363755	0.00891466	0.109109	0.0487019	0.158518	0.0237812	0.114517	0.0240753	0.00244116	0.0103758	0.13812	0.0163309	0.0483597	0.0220297	0.0361486	0.0164477
32	M	2.64511	0.0167833	0.0101152	0.00557422	0.00864608	0.0790574	0.0109676	0.0409826	0.0306435	0.0338457	0.0377616	0.57442	0.0109638	0.00843614	0.0154399	0.00910047	0.0178961	0.0248715	0.0331414	0.0137466	0.0176065
33	I	3.2193	0.0501775	0.179936	0.011791	0.004647	0.0308515	0.0104514	0.0091563	0.349327	0.0115999	0.0356912	0.069257	0.0279884	0.0141762	0.0102363	0.00217222	0.0224785	0.0840778	0.0512818	0.00973241	0.01497
34	G	3.77732	0.169775	0.071691	0.0324494	0.0330635	0.00542632	0.195064	0.0999793	0.029312	0.0474496	0.0515244	0.0168959	0.0456467	0.012461	0.013641	0.0298766	0.036382	0.0534869	0.0181685	0.0244291	0.0132767
35	G	3.19323	0.0254446	0.0286732	0.0103147	0.0521943	0.0191633	0.445059	0.0220873	0.00955326	0.0148526	0.00896297	0.0242502	0.0463188	0.00476918	0.0516312	0.0361516	0.0171327	0.0353327	0.0457491	0.0797268	0.0226322
36	I	3.29959	0.00890738	0.0308524	0.0112157	0.0292979	0.0440194	0.0144078	0.0122009	0.383425	0.0250916	0.11011	0.107733	0.0295519	0.0160872	0.0120899	0.00456021	0.0211571	0.0333886	0.0466558	0.0431817	0.0160667
37	G	3.33381	0.0675596	0.0551562	0.0150684	0.0469811	0.0252466	0.419357	0.0566824	0.0278365	0.0190287	0.0201649	0.0339775	0.0150082	0.00836079	0.0183088	0.0420852	0.0278216	0.0159976	0.0360213	0.0349863	0.014352
38	R	3.59571	0.0164441	0.0279824	0.017883	0.0247699	0.0189303	0.101812	0.101232	0.0590463	0.00865163	0.026081	0.134324	0.0103683	0.00966108	0.0310714	0.267163	0.038556	0.0263892	0.0151622	0.0500264	0.0144456
39	F	3.11759	0.0216925	0.0779297	0.0141993	0.00566822	0.28455	0.0242999	0.00977386	0.0325289	0.00753303	0.0171957	0.024642	0.00596168	0.00220621	0.0054192	0.00267018	0.0167168	0.0320431	0.114578	0.264261	0.0361302
40	Y	2.84761	0.0411077	0.0180696	0.01538	0.00562917	0.0349055	0.00396034	0.325825	0.0105295	0.00453554	0.00807038	0.0866977	0.0285699	0.0104066	0.0316784	0.0032362	0.0114689	0.00622997	0.0045113	0.0279438	0.321244
41	I	3.46621	0.025059	0.0147299	0.0283476	0.00793695	0.012497	0.0288463	0.0027667	0.0844934	0.00425115	0.2215	0.03365	0.0248304	0.00151741	0.0152484	0.0187288	0.105355	0.0674382	0.0114668	0.0978637	0.193474
42	Q	2.83471	0.00790549	0.0104243	0.0289771	0.0292192	0.00928174	0.0169334	0.0270927	0.0115789	0.033602	0.0178751	0.0418874	0.0135608	0.0195687	0.531655	0.0239126	0.014671	0.0997377	0.020655	0.016912	0.0245501
43	M	2.90785	0.0510596	0.0362405	0.0133962	0.0241354	0.0913406	0.00483538	0.00633765	0.0607616	0.0432614	0.0503374	0.494329	0.00803348	0.00660254	0.00805674	0.0115927	0.0101155	0.0257382	0.029076	0.0134672	0.0112829
44	C	3.72449	0.0314256	0.248422	0.00506264	0.058569	0.0287302	0.0559977	0.0129259	0.0681778	0.0124398	0.043276	0.0340288	0.0126713	0.00333217	0.0339497	0.0275596	0.140592	0.053788	0.0465832	0.048401	0.0340671
45	T	3.01079	0.0339813	0.0118136	0.0152751	0.0529506	0.0177868	0.00636527	0.0194294	0.043149	0.0120565	0.0303975	0.0570061	0.0351337	0.0218608	0.0102679	0.00508667	0.0483675	0.497739	0.02536	0.033052	0.0229214
46	E	2.75229	0.0131071	0.0089487	0.0433904	0.537752	0.00840571	0.0236404	0.0652469	0.00674594	0.0459871	0.0748758	0.0202113	0.00763141	0.00375478	0.037272	0.0160102	0.00610835	0.0101358	0.0367538	0.0134521	0.0205707
47	L	3.34361	0.0153447	0.039082	0.0107236	0.0828952	0.0284091	0.00601849	0.0239942	0.234004	0.00572971	0.234278	0.117029	0.0170798	0.014852	0.0130975	0.0064545	0.00584431	0.0591146	0.0651306	0.0150582	0.00586063
48	K	3.61568	0.0244468	0.0177166	0.0192789	0.0174635	0.00721149	0.0679691	0.00845028	0.0201106	0.290617	0.0420363	0.0596247	0.0186161	0.0620295	0.0400625	0.0603822	0.103148	0.080137	0.0434644	0.0102369	0.00699877
49	L	2.74749	0.00868137	0.0285065	0.00482657	0.0128093	0.0691477	0.00283293	0.0281305	0.0790392	0.00552594	0.468968	0.0837543	0.00356633	0.0125479	0.0037035	0.00827069	0.00250924	0.00619873	0.137697	0.0255212	0.00776311
50	S	3.57954	0.0657003	0.0762226	0.0664947	0.02831	0.00593	0.238105	0.0253918	0.0706373	0.00449619	0.0168658	0.0334948	0.0120375	0.00573973	0.120001	0.0164282	0.129971	0.0343233	0.0404315	0.00327119	0.00614763
51	D	3.61284	0.0178509	0.0263895	0.151444	0.0611503	0.00288392	0.0117796	0.013014	0.164594	0.0135482	0.0700683	0.0532359	0.0407013	0.20088	0.0407299	0.00414622	0.0229366	0.0420589	0.0336969	0.00547486	0.0234175
52	Y	3.597	0.113276	0.104927	0.00606135	0.00460214	0.093821	0.0307278	0.0101991	0.0129231	0.175016	0.00820422	0.0315559	0.142091	0.00407505	0.00788047	0.020097	0.0300093	0.0241907	0.0287531	0.0257798	0.125811
53	E	2.43862	0.101212	0.00912112	0.0329713	0.598614	0.0163663	0.02046	0.00924375	0.00483587	0.0428738	0.00974495	0.0203599	0.011677	0.00404467	0.0360986	0.00453387	0.00840877	0.00565427	0.0404572	0.0151847	0.00813811
54	G	3.44916	0.0646308	0.030303	0.0103192	0.0668665	0.0197276	0.220998	0.00627069	0.00496072	0.0205571	0.0337122	0.0232139	0.0518827	0.0481508	0.0276207	0.020512	0.265993	0.00667108	0.029464	0.0436084	0.00453656
55	R	3.23464	0.0289666	0.0308107	0.0277869	0.0197344	0.0550078	0.0113492	0.0187748	0.020918	0.361319	0.0561317	0.0182248	0.0142209	0.00545788	0.0174578	0.208616	0.0218749	0.0221752	0.0251699	0.0273146	0.00868892
56	L	2.86785	0.0438378	0.0202005	0.0102562	0.0113904	0.053393	0.00362437	0.00915919	0.131099	0.00911141	0.485096	0.0367124	0.0228921	0.0104136	0.00580122	0.00614325	0.0516434	0.0190514	0.0276209	0.0374357	0.00511819
57	I	2.97341	0.0052963	0.100766	0.0113611	0.0245884	0.0364164	0.00527991	0.00560083	0.420289	0.0097407	0.0786292	0.0630296	0.0252485	0.00342042	0.0095575	0.00459828	0.0102793	0.0220237	0.136159	0.0207924	0.00692425
58	Q	2.54234	0.00424795	0.00513791	0.00743175	0.0239803	0.00889536	0.00318753	0.0301174	0.00620021	0.0254673	0.0164933	0.031547	0.289083	0.0184711	0.450265	0.0170954	0.00326326	0.00486695	0.0206561	0.0255994	0.00799333
59	N	2.17863	0.00870401	0.00523722	0.04779	0.00640832	0.00735217	0.00724285	0.0235826	0.0213587	0.0434355	0.00521405	0.0125604	0.669721	0.0115198	0.00811656	0.00264055	0.042082	0.0299569	0.00639281	0.0155013	0.0251837
60	S	3.02888	0.00853892	0.145978	0.0210865	0.0101405	0.0137649	0.0607336	0.00975633	0.0285904	0.0115151	0.0124206	0.011535	0.0345558	0.0067786	0.00826084	0.0349392	0.431591	0.0904815	0.0145131	0.0290922	0.0157274
61	L	3.07187	0.0132163	0.00993967	0.00722519	0.0068901	0.0487175	0.00890964	0.00954643	0.260154	0.00761971	0.224607	0.0224569	0.0885703	0.00392302	0.00499841	0.00425647	0.0390755	0.192924	0.0307661	0.0107844	0.00541876
62	T	3.26994	0.0556763	0.0351559	0.0100442	0.00860464	0.0134639	0.143169	0.00470162	0.020446	0.0589238	0.0327912	0.0151519	0.0607366	0.00405851	0.0127011	0.0215924	0.0599221	0.36547	0.0603164	0.0105669	0.0065074
63	I	2.83616	0.0139389	0.0599029	0.0088351	0.0114166	0.128226	0.00689201	0.00562915	0.466128	0.0372729	0.102064	0.0407848	0.0118606	0.0050471	0.00823731	0.00503109	0.00228352	0.0359432	0.0302795	0.0139592	0.00626676
64	E	2.65677	0.0173645	0.0091696	0.0310874	0.577417	0.0204177	0.0309056	0.0770287	0.0114321	0.0352872	0.00977409	0.024983	0.0106157	0.00464316	0.029575	0.0121016	0.0115273	0.0198764	0.0301714	0.0184413	0.0181816
65	R	2.91395	0.00667827	0.00960056	0.0205971	0.00647777	0.0439442	0.0632333	0.0195334	0.0303445	0.0712428	0.0112387	0.0269566	0.0909417	0.00321459	0.00776562	0.491341	0.0235968	0.0185515	0.0171487	0.0296128	0.00797944
66	M	3.29	0.0183981	0.0690277	0.0191868	0.0214704	0.017383	0.00956404	0.0109757	0.0498224	0.0472157	0.0851291	0.36653	0.022825	0.011512	0.0218466	0.0138154	0.0238024	0.0249642	0.148835	0.0100568	0.00763991
67	V	3.6478	0.0455943	0.0165447	0.0280737	0.0494268	0.0218226	0.0474066	0.0453039	0.0851432	0.0163216	0.0372686	0.0538714	0.0248649	0.0135395	0.0253988	0.00784642	0.104725	0.0173621	0.298102	0.00899784	0.0523854
68	L	3.08398	0.0119485	0.0473004	0.0344672	0.00984337	0.0129576	0.0508538	0.0214114	0.31389	0.00660032	0.300227	0.0119662	0.0119758	0.0104771	0.0404074	0.0128357	0.0149756	0.0271438	0.0314945	0.0197044	0.0095201
69	S	3.07027	0.104602	0.0255952	0.0134041	0.0124753	0.030843	0.0251468	0.00722791	0.0105815	0.00766137	0.0315764	0.0466481	0.0215237	0.0185701	0.0164299	0.00861342	0.448133	0.0174807	0.0504096	0.00973662	0.0933417
70	A	3.10097	0.392477	0.106859	0.0343614	0.020056	0.00890183	0.0645041	0.00940622	0.0081327	0.0143513	0.00517246	0.0143311	0.00913209	0.0262606	0.0093566	0.00506042	0.113312	0.106518	0.0294365	0.00973487	0.0126352
71	F	3.29691	0.0179804	0.0235808	0.0356354	0.0186082	0.395451	0.00722695	0.0216401	0.0173219	0.0947842	0.0521417	0.0146431	0.0310487	0.00466868	0.0719517	0.0181415	0.0814044	0.0120942	0.0249028	0.0120862	0.0446879
72	D	2.90109	0.076771	0.0159417	0.492188	0.0512374	0.0187454	0.0424726	0.0782013	0.00860385	0.01549	0.00429864	0.0204738	0.0420051	0.00719852	0.00996765	0.0059303	0.00391225	0.00733171	0.0501597	0.0140659	0.0350048
73	E	3.56056	0.195992	0.00779805	0.0323313	0.235015	0.015141	0.0264951	0.0353358	0.0235774	0.029056	0.0256	0.10462	0.0576083	0.00442688	0.037332	0.0344892	0.0635805	0.00316608	0.0466556	0.0150397	0.00673983
74	R	3.43654	0.134044	0.0127389	0.0127765	0.0146909	0.0186325	0.0189827	0.0204602	0.02208	0.100182	0.0140295	0.0362635	0.0347303	0.00553482	0.0228981	0.295935	0.0315877	0.0180159	0.00721384	0.0424017	0.136802
75	R	2.82049	0.0105375	0.0157588	0.017195	0.0212649	0.0193153	0.0328876	0.0144486	0.0351802	0.0426815	0.0264373	0.03029	0.0167358	0.0056074	0.026455	0.554484	0.0403592	0.0298575	0.0108545	0.0314683	0.018181
76	N	3.47703	0.168006	0.00576029	0.0389021	0.0217207	0.00570546	0.0059279	0.0896687	0.0753729	0.0403455	0.0354426	0.0099242	0.240541	0.00250475	0.0392674	0.00527628	0.11967	0.0455052	0.00887393	0.0122366	0.0293487
77	K	3.56242	0.177284	0.0100596	0.0249045	0.021973	0.0318101	0.013826	0.0140991	0.0192497	0.149414	0.0385951	0.0462268	0.0426895	0.00238738	0.034618	0.0879929	0.00664964	0.0405936	0.210865	0.0193169	0.00744547
78	Y	2.56832	0.0477148	0.0283467	0.0354798	0.00745577	0.0559709	0.00893536	0.0379053	0.0110207	0.00999311	0.00678956	0.0163078	0.0288506	0.0125734	0.0139019	0.015872	0.0120706	0.0139726	0.0160897	0.0225289	0.59822
79	L	2.87529	0.0146524	0.0276225	0.00725472	0.00687999	0.0284664	0.01706	0.0401187	0.0324236	0.0319604	0.535708	0.0294966	0.0250961	0.0206445	0.059973	0.0116345	0.0171109	0.0289704	0.0197712	0.0379256	0.00723
80	E	3.4142	0.0766556	0.104008	0.0110172	0.0849472	0.0161718	0.103545	0.00977199	0.0672422	0.0331955	0.0522393	0.0046164	0.02441	0.000865906	0.0139001	0.026951	0.310491	0.0311275	0.00941948	0.00378745	0.0156377
81	E	2.98209	0.00229822	0.00729841	0.0689317	0.182481	0.0380981	0.0148912	0.0373614	0.0684488	0.0190527	0.043634	0.00795729	0.00598649	0.00239996	0.0423027	0.0030472	0.0234681	0.00375259	0.00961737	0.0146598	0.404313
82	H	3.67217	0.0954289	0.0712109	0.0208704	0.0327098	0.0544161	0.014501	0.230257	0.00856055	0.00695362	0.0301868	0.00660834	0.0322087	0.00833877	0.0886887	0.027266	0.0699875	0.125955	0.0119448	0.0107299	0.0531769
83	P	3.56546	0.0203633	0.0214412	0.0038479	0.0117621	0.0112852	0.0351463	0.0320253	0.0135979	0.0763919	0.0278209	0.0315167	0.0234433	0.326583	0.04704	0.0354311	0.0723495	0.0425257	0.0756255	0.077534	0.0142686
84	S	3.49753	0.106256	0.0207775	0.0272882	0.0208116	0.0184563	0.0973573	0.0183784	0.0203392	0.00614849	0.0170024	0.0381836	0.19271	0.00451657	0.0794721	0.0411514	0.235097	0.0173206	0.0149404	0.0191662	0.00462687
85	A	3.47595	0.215736	0.015543	0.0134787	0.0380535	0.00568445	0.130897	0.00529058	0.00461232	0.105289	0.00471503	0.0089681	0.00976934	0.0348354	0.0369369	0.186651	0.0555752	0.0542482	0.0171262	0.0129983	0.0435911
86	G	3.60871	0.0255315	0.013254	0.0393259	0.013362	0.104532	0.279242	0.0653379	0.00477278	0.0144798	0.056508	0.00803005	0.0078274	0.0151876	0.0808266	0.0117887	0.0363305	0.0732025	0.0397238	0.031522	0.0792147
87	K	2.56984	0.0047097	0.00806021	0.00823924	0.0359306	0.0173926	0.00514625	0.0155207	0.0403635	0.580211	0.00678024	0.0475615	0.0293075	0.00357385	0.0236685	0.077677	0.00934064	0.0446949	0.0147628	0.0148603	0.0121988
88	D	2.82448	0.00775602	0.0903546	0.457721	0.0432727	0.00941026	0.0273985	0.0299785	0.00709675	0.00527897	0.0106981	0.0148682	0.0368861	0.00668648	0.0129272	0.00214987	0.167544	0.00299704	0.0216214	0.00945123	0.0359039
89	P	3.29996	0.120332	0.0257606	0.018906	0.00709612	0.00699957	0.252559	0.148224	0.0382188	0.0087292	0.0107887	0.0064963	0.0210085	0.204726	0.0151468	0.0161181	0.0223434	0.014109	0.0139222	0.0357439	0.0127709
90	K	3.33264	0.00668713	0.00623106	0.00401085	0.0360758	0.0172923	0.0799351	0.0172583	0.166515	0.121922	0.0441108	0.00649836	0.064814	0.00174351	0.00757265	0.0116717	0.0112025	0.203704	0.176782	0.00764866	0.00832315
91	K	2.40058	0.0083546	0.0064678	0.0114669	0.0400326	0.0108415	0.00699328	0.00367705	0.0206059	0.571173	0.00613385	0.0179894	0.0352626	0.00589123	0.0204838	0.16782	0.0292837	0.0113787	0.00413891	0.00984684	0.0121581
92	T	2.55894	0.0477845	0.0250646	0.0134282	0.0163686	0.0109433	0.00601968	0.0106732	0.0327455	0.00753612	0.0074704	0.0215797	0.0953874	0.017902	0.0122804	0.00535377	0.0351704	0.584011	0.0200359	0.0192222	0.0110224
93	G	2.22579	0.0251575	0.0185946	0.0111498	0.038947	0.0111852	0.67835	0.0222087	0.00797633	0.0158086	0.00614738	0.0163166	0.0115371	0.00820201	0.013926	0.0233487	0.0155106	0.0103164	0.0252762	0.0234752	0.0165659
94	G	2.40315	0.0335912	0.00920196	0.0123835	0.0477131	0.0117887	0.63265	0.046116	0.0107743	0.0133156	0.00604975	0.0209454	0.0193378	0.00640634	0.010037	0.0353547	0.00738075	0.01271	0.0332935	0.0162768	0.0146739
95	P	3.17523	0.0232163	0.0135915	0.0240641	0.0108706	0.0205244	0.0077212	0.0689832	0.0410836	0.0180923	0.0267538	0.317805	0.00731195	0.261224	0.0251124	0.0208293	0.0441281	0.0450796	0.00570049	0.0125918	0.00531599
96	I	3.14263	0.0216644	0.0788494	0.00997837	0.0643117	0.0326351	0.00363588	0.00554673	0.388936	0.0291695	0.144539	0.0505565	0.0170786	0.00585133	0.00416833	0.00727499	0.00347105	0.0353096	0.06139	0.0170347	0.0185995
97	Y	3.10216	0.0133985	0.208878	0.00855657	0.027281	0.115147	0.00264055	0.156411	0.0318511	0.00320218	0.0476818	0.0072364	0.0204502	0.00193901	0.00537434	0.0021985	0.00720125	0.00217203	0.00368491	0.0888092	0.245887
98	R	3.24322	0.00434994	0.00637842	0.00739813	0.0075946	0.0268352	0.0176692	0.142097	0.0500333	0.0554306	0.00693348	0.0331291	0.00695594	0.00266796	0.136835	0.333101	0.0499296	0.0353627	0.0129592	0.0552664	0.00907373
99	R	2.98946	0.0391528	0.0739469	0.0175584	0.00995677	0.0269399	0.0254271	0.0122044	0.0281859	0.0691636	0.0153238	0.0192268	0.00852531	0.0157367	0.0207848	0.501297	0.0304511	0.0280069	0.0132065	0.0183315	0.026574
100	V	3.8211	0.031305	0.00891641	0.00599805	0.0431868	0.0248444	0.011942	0.00820789	0.0406494	0.0580809	0.106976	0.0169515	0.0456756	0.108429	0.0139809	0.0285643	0.115747	0.0608911	0.167095	0.0183746	0.0841837
101	N	3.77239	0.0016097	0.112779	0.068081	0.00886937	0.00349542	0.179415	0.0582547	0.0167035	0.0354415	0.0164722	0.00549343	0.0850102	0.0198465	0.093851	0.0223268	0.0530847	0.0690501	0.0367252	0.0207022	0.0927891
102	G	3.67281	0.065869	0.0297479	0.0244189	0.043078	0.137799	0.136158	0.0756094	0.0427445	0.0299664	0.03285	0.011296	0.0245551	0.0158907	0.00495876	0.0199359	0.226967	0.00772645	0.0358051	0.0120192	0.0226045
103	K	3.60371	0.119677	0.0162565	0.0095959	0.0478384	0.0107457	0.0496283	0.0395349	0.00824138	0.207563	0.0449451	0.0448483	0.15471	0.0140488	0.0154575	0.125507	0.00925392	0.045692	0.0108989	0.0174863	0.00807186
104	W	3.03708	0.00517461	0.0357975	0.0101383	0.0102625	0.103749	0.0245638	0.0251867	0.0426279	0.00656111	0.0505217	0.0482088	0.069502	0.00563891	0.01023	0.0293482	0.0245706	0.005588	0.00687298	0.455748	0.0297093
105	M	3.43564	0.0773611	0.0684843	0.0098168	0.0206167	0.00903844	0.107487	0.00546841	0.170314	0.0451409	0.0197603	0.275976	0.00694015	0.00377905	0.038042	0.0404336	0.00313375	0.025985	0.0267139	0.0159876	0.029521
106	R	3.31835	0.00613091	0.0800934	0.0146473	0.0135622	0.0328352	0.0350169	0.143826	0.0368812	0.0386781	0.0117682	0.0301431	0.0241729	0.00508824	0.011928	0.368862	0.0325123	0.0559376	0.0311696	0.0171147	0.00963219
107	E	3.61036	0.0283408	0.0352029	0.047391	0.320523	0.0186822	0.031723	0.0285289	0.035075	0.0289319	0.0102855	0.0295601	0.138304	0.0148359	0.0506372	0.0191439	0.0384861	0.0293632	0.0399288	0.0297764	0.0252805
108	L	3.64715	0.0549646	0.0137107	0.0171565	0.0230242	0.0533572	0.0537996	0.116949	0.0488235	0.0169367	0.243597	0.0320066	0.0229273	0.0228856	0.0116099	0.0231082	0.165407	0.0179437	0.0298527	0.0191026	0.0128379
109	I	3.51938	0.00496883	0.0605455	0.0175684	0.0100261	0.0470811	0.00403214	0.108779	0.20554	0.00897562	0.0581408	0.0481628	0.182292	0.00327413	0.0102556	0.00655158	0.0646336	0.0389589	0.0979319	0.0132514	0.00903112
110	L	3.58981	0.0108333	0.0335749	0.0223227	0.027183	0.0440992	0.00842202	0.0474802	0.112617	0.0223178	0.282175	0.0224207	0.0270494	0.0478552	0.0374802	0.0409488	0.0094064	0.0121649	0.14533	0.0305429	0.0157763
111	Y	3.50061	0.00711328	0.0466135	0.051229	0.0195632	0.0446646	0.00934342	0.0409005	0.048444	0.0106324	0.141728	0.0363262	0.0413459	0.00408714	0.0263891	0.0168918	0.0196601	0.0217784	0.0510461	0.0346488	0.327595
112	D	3.26124	0.105858	0.0443066	0.416766	0.0462517	0.0173075	0.0389334	0.0390918	0.00743941	0.00916233	0.0128878	0.0226306	0.0473537	0.00790139	0.0206326	0.00949506	0.0120869	0.0295535	0.0363058	0.0351642	0.0408716
113	K	2.75574	0.0109287	0.0260075	0.0140487	0.039226	0.0126987	0.00636413	0.013561	0.0280073	0.511802	0.00939224	0.0248528	0.0319241	0.00561464	0.0432625	0.152757	0.0160666	0.0179121	0.00699628	0.01974	0.0088374
114	E	3.86051	0.0229444	0.0366626	0.0463944	0.231657	0.0440515	0.0415757	0.0291388	0.0195749	0.0283228	0.00971276	0.0154983	0.0660778	0.0849713	0.0586637	0.00674371	0.0513692	0.0455329	0.0573021	0.0163693	0.0874358
115	E	2.75799	0.0119777	0.0143422	0.148667	0.495824	0.0094277	0.0372811	0.0159647	0.00871793	0.0234013	0.00500949	0.0187882	0.0135935	0.00681995	0.0371356	0.00494764	0.00411799	0.0132945	0.0225898	0.0847784	0.023321
116	I	2.66215	0.0131846	0.117354	0.0162459	0.00926907	0.00966903	0.00388447	0.0166161	0.511015	0.0523057	0.112117	0.0340667	0.00588721	0.00523201	0.00513745	0.00566707	0.00367901	0.0226011	0.0318802	0.0179563	0.00623199
117	R	3.74863	0.0269012	0.0764017	0.0210363	0.00321858	0.00168071	0.0251597	0.0617394	0.0701764	0.013277	0.0979152	0.0308504	0.00953514	0.00106147	0.0547986	0.0750833	0.184794	0.0945088	0.0340264	0.0143961	0.10344
118	R	3.49477	0.00780068	0.00568507	0.00446875	0.00733877	0.00797915	0.0420134	0.0263575	0.00482347	0.1566	0.048481	0.132434	0.0307872	0.012892	0.0103046	0.207738	0.0459269	0.0839314	0.127219	0.0172215	0.0199965
119	I	3.20098	0.0106303	0.0117697	0.00989534	0.0110211	0.039482	0.00443631	0.0106838	0.356415	0.00934831	0.0714659	0.0574083	0.036727	0.00656107	0.0139391	0.0213967	0.0296898	0.199675	0.0361018	0.0399707	0.0233828
120	W	2.39135	0.00654154	0.0414012	0.0113313	0.0100353	0.0208842	0.0228259	0.0161014	0.00996805	0.0148896	0.0257634	0.0197153	0.0164754	0.00601837	0.0149709	0.0303568	0.0446224	0.0102334	0.0107741	0.641002	0.0260895
121	R	3.3651	0.0571804	0.219493	0.00497654	0.00587848	0.0117989	0.0161074	0.0169692	0.0114411	0.131803	0.0390735	0.0327904	0.00498733	0.00668604	0.00852255	0.225984	0.0684614	0.0153488	0.0860913	0.0290341	0.00737284
122	Q	3.39358	0.00391853	0.187499	0.00417588	0.0117228	0.0117623	0.010319	0.0523334	0.059867	0.0719318	0.0647703	0.0782419	0.00461863	0.00262691	0.261049	0.07573	0.013161	0.0210947	0.0473389	0.0101115	0.00772754
123	A	3.06561	0.45282	0.0356958	0.0355893	0.0109981	0.012716	0.0834459	0.0228605	0.013339	0.00578678	0.0106021	0.028368	0.0371655	0.0118274	0.00868829	0.0172598	0.057221	0.0365312	0.0981477	0.00735431	0.0135838
124	N	3.18016	0.033983	0.0269865	0.0374454	0.00403167	0.0797153	0.0318436	0.0671072	0.0242554	0.0225902	0.0132942	0.0587861	0.437401	0.00196969	0.0559124	0.00837579	0.0191317	0.0188908	0.0229539	0.0134459	0.02188
125	N	3.79999	0.0503205	0.105456	0.0276551	0.0387752	0.0268407	0.050106	0.00556279	0.0671976	0.0183816	0.0703198	0.0496726	0.109684	0.0125384	0.0215611	0.0125919	0.0559803	0.0445311	0.210496	0.00185289	0.0204771
126	G	3.73852	0.152587	0.01746	0.059693	0.0312249	0.00311722	0.200377	0.0337817	0.00966288	0.0246358	0.0675886	0.0405082	0.0207218	0.0035259	0.0819935	0.0441585	0.0287199	0.0790341	0.0655994	0.0320376	0.00357374
127	D	4.00808	0.0328121	0.00716067	0.11075	0.0145744	0.0419738	0.0452114	0.0489252	0.025723	0.0508723	0.0677551	0.0777757	0.0295223	0.0164055	0.0550395	0.0221037	0.0398693	0.0268285	0.0773701	0.047245	0.162083
128	D	3.7885	0.00819262	0.126204	0.128706	0.0811514	0.0469053	0.0135443	0.0796551	0.0550226	0.0209195	0.0329896	0.00652747	0.0200445	0.025851	0.028963	0.00837433	0.0140243	0.0836791	0.153712	0.00562416	0.0599092
129	A	3.72902	0.144342	0.0931658	0.0156055	0.0189409	0.00743137	0.020059	0.0376771	0.0125049	0.0471419	0.0446728	0.0410551	0.0593799	0.0067112	0.0218331	0.0232718	0.0507786	0.101485	0.209966	0.00531521	0.0386623
130	T	3.53527	0.0341549	0.00608245	0.00847314	0.0164552	0.00609381	0.0134697	0.0150889	0.0352593	0.0560617	0.0554946	0.0173617	0.0150302	0.218165	0.110188	0.0607473	0.0451493	0.214958	0.0198625	0.0433401	0.00856508
131	A	3.52253	0.150857	0.182128	0.0196345	0.00244871	0.0118613	0.114472	0.0198509	0.00785841	0.00418594	0.00427151	0.107672	0.0117517	0.0509039	0.137639	0.00231642	0.0417239	0.0128833	0.0611709	0.0266532	0.0297187
132	G	2.68725	0.048967	0.0367044	0.0407887	0.00936138	0.0134398	0.557295	0.00776225	0.00879633	0.0085969	0.0166613	0.0104671	0.00959627	0.0282787	0.0180146	0.0232516	0.0953931	0.01761	0.0242209	0.0124405	0.0123538
133	L	3.10876	0.0296849	0.00500017	0.00841847	0.00800248	0.0140597	0.00264347	0.0072706	0.0199171	0.24587	0.289958	0.0941529	0.00732227	0.0118553	0.0963895	0.0371425	0.00937171	0.0159022	0.0790468	0.00471977	0.0132727
134	T	2.65135	0.0941615	0.431632	0.00303278	0.0149119	0.0024563	0.00283121	0.00117459	0.0281455	0.00252182	0.0145468	0.0038572	0.00902936	0.0031836	0.0191839	0.00300152	0.176269	0.0965493	0.0872902	0.00336664	0.00285431
135	H	3.28081	0.219191	0.116262	0.0158043	0.00463417	0.00964025	0.00644556	0.258802	0.015051	0.00992987	0.0116371	0.0345853	0.0382418	0.00347912	0.108545	0.00947062	0.0541031	0.0420221	0.0192169	0.00613421	0.0168046
136	M	3.33723	0.00584706	0.0869973	0.00431782	0.0136423	0.0997614	0.00189517	0.00516683	0.134166	0.0119122	0.0559094	0.211916	0.0271873	0.00121935	0.0387064	0.00428427	0.0174489	0.0452888	0.207808	0.0145789	0.0119464
137	M	3.05289	0.00793534	0.0221727	0.0123663	0.00742859	0.0278311	0.0102243	0.0626836	0.0746414	0.0272822	0.151867	0.426575	0.0083218	0.00489709	0.0379085	0.0128103	0.00827079	0.0363865	0.0238069	0.0216853	0.0149057
138	I	2.91961	0.00864859	0.0304638	0.0155579	0.0138524	0.0468049	0.0102038	0.0128081	0.429466	0.0108426	0.210209	0.0352906	0.0300893	0.00284398	0.0258751	0.00993396	0.0126133	0.0236753	0.0504749	0.0145181	0.00582849
139	W	2.77872	0.00869103	0.0323738	0.0163168	0.0110496	0.0397614	0.0228436	0.0184959	0.0114213	0.0188251	0.0516576	0.0290878	0.00927648	0.00889089	0.0083122	0.0271178	0.0536232	0.0118458	0.0192928	0.55118	0.0499368
140	H	3.60286	0.013427	0.00343151	0.0145983	0.020057	0.0576723	0.0494391	0.14551	0.0580641	0.00462815	0.154608	0.0121698	0.0211978	0.00295212	0.0885091	0.0121917	0.0166153	0.0147998	0.174829	0.0382475	0.0970519
141	S	3.33282	0.204626	0.129254	0.00711888	0.0147277	0.0392907	0.0998644	0.00833318	0.00370931	0.00511635	0.00515796	0.0265505	0.0661056	0.0220757	0.00964795	0.00649052	0.249032	0.0268932	0.0385308	0.0103493	0.0271259
142	N	3.19971	0.0150483	0.0217713	0.0329144	0.0069688	0.0095727	0.222272	0.0707061	0.0193235	0.0626823	0.00435031	0.0070002	0.321805	0.0184072	0.0698245	0.0114652	0.0562477	0.0167818	0.00552713	0.00857816	0.0187534
143	L	3.08492	0.0247585	0.0400027	0.00802584	0.033346	0.0396037	0.00485708	0.0186187	0.0138392	0.00822211	0.437324	0.0544572	0.00869894	0.00737437	0.0132024	0.00660446	0.0224285	0.108567	0.0830921	0.0506085	0.0163686
144	N	3.66821	0.0896417	0.0908734	0.0164194	0.0061871	0.0173959	0.176027	0.0182769	0.0336115	0.0197691	0.103933	0.0575898	0.164529	0.00284295	0.0716313	0.00393734	0.0189267	0.041904	0.0116056	0.00965379	0.0452439
145	D	2.48941	0.0285897	0.0345479	0.610792	0.0381965	0.00802748	0.0299184	0.0372887	0.00972425	0.0106664	0.00691396	0.0212873	0.0324868	0.00443813	0.00892131	0.00347204	0.0160594	0.00662905	0.0475777	0.0116314	0.0328314
146	A	3.26524	0.269298	0.0204003	0.00777982	0.0208259	0.0347716	0.0470697	0.00762971	0.0104493	0.0115663	0.00478193	0.0221737	0.0145269	0.0181403	0.0680504	0.00211232	0.0805816	0.256959	0.0646737	0.0290711	0.00913865
147	T	3.18358	0.0468106	0.0235575	0.00476219	0.00829722	0.0106694	0.00319347	0.0255157	0.0845447	0.0101656	0.0143154	0.0160212	0.073619	0.00959556	0.105341	0.00798853	0.0257923	0.383026	0.108123	0.0166341	0.022028
148	Y	2.17388	0.00620284	0.0548889	0.0240289	0.0117652	0.0402581	0.00696381	0.0340829	0.0080821	0.00806805	0.00685614	0.0161375	0.0401792	0.00299139	0.00987698	0.0065146	0.00926047	0.00609825	0.0116431	0.0266371	0.669465
149	Q	2.89501	0.0445487	0.030938	0.0113335	0.0434019	0.0115086	0.00664075	0.0408324	0.0272399	0.0441599	0.0201465	0.0228787	0.0212772	0.0105959	0.531953	0.0470781	0.0170156	0.0161628	0.017569	0.0156547	0.0190653
150	R	2.62138	0.00417536	0.0116494	0.00956127	0.00953733	0.0104368	0.0310704	0.0293466	0.0257611	0.0342457	0.0115307	0.0350035	0.00884973	0.0115189	0.0102179	0.582086	0.0259641	0.0406939	0.00872516	0.0348337	0.0647922
151	T	2.71991	0.0253732	0.00878908	0.00845703	0.00929959	0.00761067	0.00955473	0.01049	0.0266282	0.0494798	0.0116453	0.0845976	0.0151989	0.00927594	0.0168838	0.0203093	0.142741	0.507773	0.0201422	0.0105213	0.00522829
152	R	2.0831	0.00918036	0.00998052	0.00859513	0.0056857	0.0101603	0.0231815	0.0118431	0.017087	0.0864122	0.0183842	0.0128988	0.0196782	0.00588178	0.0238484	0.68504	0.0181227	0.00907795	0.00557958	0.014418	0.00494487
153	A	3.01923	0.307915	0.0159836	0.0296155	0.00521113	0.00569157	0.0241698	0.00715633	0.0114423	0.0324057	0.0168194	0.0388823	0.00769174	0.010152	0.00889737	0.0191869	0.294736	0.0978477	0.048165	0.00981873	0.00821216
154	L	2.49599	0.0099242	0.0240654	0.00668071	0.00720413	0.025997	0.00358263	0.0304986	0.0825762	0.0058245	0.596764	0.0201357	0.0180878	0.022166	0.0136345	0.00966552	0.0180174	0.00531634	0.0208598	0.0631332	0.0158665
155	V	2.7685	0.0586486	0.0203134	0.0320282	0.00865174	0.0235464	0.0197462	0.00989279	0.187071	0.0100068	0.0124515	0.0186009	0.011847	0.00512055	0.01802	0.00377302	0.0190928	0.0366085	0.482068	0.0105565	0.0119561
156	R	2.2324	0.0135709	0.0340994	0.00622793	0.00861525	0.0118537	0.0142893	0.0172887	0.00689319	0.0262717	0.0156255	0.0368781	0.0226686	0.0116755	0.0321137	0.673798	0.0195053	0.0120447	0.00490789	0.0185541	0.0131186
157	T	3.16026	0.141517	0.165973	0.00615968	0.00198654	0.00308147	0.00673917	0.0083677	0.0227565	0.00524968	0.0102622	0.0881901	0.0247486	0.00626768	0.0488561	0.00596066	0.0275398	0.17406	0.241061	0.00604095	0.00518213
158	G	3.09143	0.0127259	0.0345688	0.0611471	0.0213894	0.023638	0.323553	0.0441198	0.0258399	0.00771298	0.0175721	0.0127863	0.0269685	0.00603581	0.0220786	0.0135683	0.288776	0.00716696	0.0227346	0.00945093	0.0181665
159	M	2.49686	0.0147807	0.00608149	0.00456053	0.00674734	0.00432248	0.00708444	0.00739532	0.184087	0.0217129	0.139705	0.489334	0.00395676	0.00364699	0.0215602	0.00817216	0.00400717	0.0146065	0.0385005	0.0101205	0.00961723
160	D	2.38884	0.0808206	0.00774117	0.623905	0.0422242	0.00936074	0.0292327	0.0290035	0.00498666	0.0118135	0.00513345	0.012163	0.0227952	0.00912547	0.019948	0.00779714	0.00797407	0.00711509	0.0188239	0.0279357	0.0221011
161	P	3.2242	0.115323	0.0168532	0.0113788	0.00343831	0.0118592	0.031258	0.0251452	0.0175416	0.0220246	0.0181677	0.0148654	0.016974	0.344186	0.0078626	0.0173879	0.0721029	0.142081	0.0995445	0.00696218	0.00504391
162	R	2.54982	0.0129145	0.0503281	0.0137698	0.00869846	0.00552702	0.0248838	0.0146972	0.00799286	0.0261953	0.0371676	0.0489624	0.00927475	0.0125558	0.0163846	0.600914	0.0156132	0.0417527	0.0138408	0.0304918	0.00803557
163	M	3.3668	0.00921648	0.0915314	0.00391806	0.00513788	0.198024	0.0109955	0.00675403	0.0527001	0.0107558	0.114514	0.221058	0.0132643	0.0022741	0.0415069	0.00339552	0.0140466	0.0830572	0.0782385	0.00596432	0.0336477
164	C	3.49423	0.0271407	0.251519	0.00333392	0.0047485	0.0255449	0.090624	0.0108679	0.00562424	0.0412025	0.00616023	0.0141534	0.155263	0.0224405	0.118307	0.0117258	0.0452189	0.0603869	0.0681641	0.0231367	0.014439
165	S	2.73238	0.0179013	0.0345883	0.0101386	0.00673066	0.0254351	0.0222318	0.00549077	0.00568773	0.00313784	0.00407742	0.0190288	0.160914	0.114837	0.00371598	0.00555547	0.461575	0.016975	0.00715662	0.0082318	0.0665923
166	L	3.36004	0.0564718	0.0121405	0.00639405	0.0271703	0.00343072	0.0424585	0.0147761	0.0981727	0.011824	0.261068	0.0368467	0.0198279	0.0184687	0.0698346	0.00460358	0.229058	0.0397735	0.031335	0.00596858	0.010378
167	M	2.5522	0.0219943	0.0155526	0.0132917	0.0242516	0.0399461	0.0152069	0.0106923	0.032011	0.0262529	0.0305348	0.611799	0.0280265	0.0147337	0.0135869	0.0125993	0.0239634	0.0241826	0.0299303	0.00713086	0.00431336
168	Q	2.97202	0.0838901	0.0234766	0.00467955	0.0139745	0.00401907	0.0463618	0.0450919	0.0139031	0.0235504	0.00792062	0.02573	0.0259932	0.0157606	0.194265	0.0141408	0.415065	0.00690101	0.0123012	0.0125082	0.0104683
169	G	3.00122	0.0447045	0.114482	0.0253741	0.0158597	0.0101161	0.4448	0.0952894	0.0157435	0.0093762	0.00833223	0.0109005	0.0513445	0.0105597	0.0158215	0.0121999	0.0703676	0.01232	0.0121528	0.0147958	0.00546031
170	S	2.87409	0.0237784	0.034566	0.0443576	0.0206108	0.0190974	0.0267544	0.0161248	0.023205	0.0300999	0.032478	0.0279907	0.00648783	0.0132281	0.0234321	0.0183369	0.54392	0.0467579	0.0174573	0.0119032	0.0194131
171	T	3.24982	0.0491043	0.133903	0.0148064	0.0226712	0.00590061	0.0110593	0.0061548	0.0321508	0.0101196	0.0106741	0.00647793	0.109889	0.00628336	0.0123435	0.00737812	0.175652	0.278752	0.0156284	0.00833274	0.0827192
172	L	2.83259	0.0506806	0.0110585	0.00650752	0.0159779	0.0211543	0.0211381	0.0377045	0.0522968	0.01939	0.536184	0.0152188	0.0115453	0.0386553	0.0285004	0.00607858	0.00840316	0.0499189	0.0441234	0.0133965	0.0120679
173	P	3.20396	0.101085	0.00550947	0.010981	0.0234381	0.0104345	0.0159384	0.0342524	0.0123774	0.004187	0.00929112	0.011499	0.00675751	0.355772	0.145038	0.0460142	0.107207	0.0331206	0.0338076	0.0251232	0.0081661
174	R	2.27712	0.00808243	0.00771225	0.00493446	0.025886	0.00860804	0.020485	0.00579108	0.0265242	0.0592293	0.0127214	0.0346734	0.00891699	0.0145822	0.00612379	0.649969	0.0378559	0.0193841	0.00521728	0.0379344	0.00536852
175	R	3.06345	0.0188882	0.00832481	0.00967473	0.0075525	0.0246202	0.021512	0.0187309	0.00747961	0.134359	0.0102337	0.181308	0.0066634	0.0113798	0.0167062	0.379017	0.0370688	0.035108	0.02547	0.0382502	0.00765193
176	S	3.165	0.0495281	0.231695	0.00917675	0.0438843	0.0264039	0.040274	0.0114538	0.00404433	0.00711902	0.00540759	0.0100594	0.0100711	0.0140365	0.00913884	0.0029087	0.278894	0.146863	0.0585693	0.0062943	0.0341779
177	G	2.66273	0.0788828	0.0183709	0.0156607	0.0446165	0.0120432	0.572603	0.0187574	0.0132111	0.0125798	0.00776454	0.0184317	0.0157752	0.00304515	0.030366	0.0297111	0.0384167	0.00883978	0.0180538	0.0183037	0.024567
178	A	3.51657	0.295588	0.00237062	0.0322342	0.0168502	0.00586454	0.100479	0.00731613	0.0195326	0.0642826	0.0754378	0.00379821	0.0325135	0.0207572	0.0320074	0.0343187	0.107926	0.0668339	0.0501165	0.0231844	0.00858889
179	A	2.95359	0.500762	0.0784498	0.00930862	0.0265816	0.00599362	0.0415358	0.0369951	0.00521961	0.0153268	0.0180831	0.0140607	0.0439627	0.0205961	0.0153782	0.00450771	0.0457718	0.0442813	0.0268752	0.0327789	0.0135318
180	G	2.35707	0.0134168	0.0282471	0.0350514	0.00666222	0.0269953	0.651165	0.00928809	0.0197605	0.00995221	0.00763423	0.0285574	0.0184099	0.00680232	0.0259187	0.0202136	0.0321149	0.0130161	0.0139647	0.0196952	0.0131343
181	A	3.61234	0.248962	0.0287389	0.0388455	0.00858981	0.0140943	0.0280584	0.0375771	0.00719949	0.0129853	0.0426646	0.0398975	0.104271	0.0072032	0.0846061	0.0302002	0.156025	0.0320129	0.0113339	0.0539424	0.012793
182	A	3.42947	0.219694	0.224118	0.00231602	0.0248119	0.0922121	0.0999503	0.0419444	0.00965747	0.00842589	0.0346671	0.0152214	0.0234288	0.0114054	0.00673526	0.00307207	0.0511621	0.0724629	0.0259591	0.0268744	0.00588154
183	V	3.27338	0.137527	0.00732576	0.023298	0.00409357	0.0260152	0.0162821	0.0734666	0.129061	0.00598876	0.11948	0.00718821	0.00687833	0.00585508	0.00704317	0.00585197	0.0568541	0.0702172	0.28181	0.00899029	0.00677281
184	K	2.93437	0.0128106	0.0055363	0.00508454	0.0387025	0.0089419	0.0150473	0.0193713	0.016329	0.476377	0.0182381	0.0615769	0.0167641	0.0070775	0.0682032	0.11326	0.00506088	0.0136075	0.0329625	0.0440236	0.0210251
185	G	2.33736	0.0255336	0.0133659	0.0118882	0.0363023	0.0068586	0.648861	0.0127327	0.00606705	0.00667769	0.0111998	0.0162172	0.0501498	0.00466887	0.0309703	0.0189406	0.0257018	0.0275936	0.0169884	0.0130181	0.0162649
186	V	3.04236	0.0195334	0.0145265	0.0353907	0.0162043	0.030283	0.00583516	0.00910721	0.104834	0.012103	0.0935584	0.122215	0.0326708	0.00881693	0.0187124	0.00329669	0.00822708	0.0157289	0.419793	0.0183565	0.0108074
187	G	2.64453	0.0902091	0.0144878	0.0229474	0.0419629	0.00842796	0.560031	0.0073789	0.00597218	0.00847004	0.00299214	0.0378981	0.00990886	0.0108344	0.00908525	0.0265716	0.0465604	0.0478574	0.0169936	0.0182602	0.0131511
