# POSITION WT SITE_ENTROPY PI_A PI_C PI_D PI_E PI_F PI_G PI_H PI_I PI_K PI_L PI_M PI_N PI_P PI_Q PI_R PI_S PI_T PI_V PI_W PI_Y
2 K 3.40274 0.000759283 0.00523791 0.007128 0.0189081 0.208793 0.00332017 0.02379 0.0281629 0.0423824 0.136837 0.0637072 0.0798487 0.0115903 0.0566595 0.0242466 0.0355937 0.22167 0.0173726 0.00889289 0.00509917
3 A 3.48391 0.0720746 0.0512376 0.0638475 0.0131206 0.0295681 0.00348379 0.0295024 0.031279 0.00335132 0.129094 0.236434 0.00605601 0.00789974 0.0185307 0.00214663 0.0361716 0.0146561 0.0121239 0.0716101 0.167813
4 K 3.69566 0.228805 0.0903495 0.0011714 0.0633519 0.12142 0.0634374 0.000638926 0.0115104 0.0536782 0.044878 0.00439464 0.0325357 0.0277908 0.0596304 0.0456821 0.0422289 0.037739 0.0462142 0.0226928 0.00185095
5 L 3.53909 0.0683782 0.0124574 0.0103594 0.0704715 0.072217 0.00566683 0.0443013 0.0658962 0.226799 0.210684 0.00568189 0.0399128 0.00889662 0.0246446 0.0016082 0.0266505 0.0201572 0.0302796 0.0311174 0.0238198
6 L 2.59628 0.00396574 0.0210974 0.0010375 0.000568786 0.138407 0.00541018 0.314718 0.0050185 0.000478584 0.0498814 0.11964 0.00874465 0.0054683 0.294263 0.00386847 0.00246187 0.00349894 0.00217579 0.00398118 0.0153153
7 V 3.04245 0.00447008 0.00566226 0.00239646 0.00243709 0.0351437 0.00432286 0.000734424 0.0926692 0.158611 0.0415041 0.237849 0.0227158 0.000154587 0.00586805 0.256765 0.00703796 0.0194348 0.0542998 0.00321653 0.0447076
8 L 2.60296 0.0160744 0.0265705 0.00750165 0.00157571 0.481666 0.037926 0.000431334 0.0131559 0.00111896 0.151314 0.00475807 0.00979955 0.00271827 0.0678255 0.000738414 0.00568936 0.0166398 0.0455165 0.106841 0.00213887
9 L 2.76206 0.00492732 0.00994619 0.00100969 0.00217538 0.150729 0.454125 0.0049099 0.0673891 0.0112717 0.110736 0.018233 0.00231139 0.023965 0.0380147 0.0252763 0.0251271 0.00418988 0.0352019 0.00037572 0.010087
10 Y 1.9239 0.00329518 0.0896995 0.00567733 0.000347219 0.643375 5.74832e-05 0.00210974 0.0199721 0.000157046 0.0097337 0.0115724 0.00194513 0.000529585 0.00534808 0.0134785 0.138014 0.021013 0.00758763 0.000911967 0.025176
11 A 3.63397 0.119864 0.109424 0.0264023 0.0193448 0.0182372 0.0128523 0.0254599 0.0458533 0.00496907 0.0559692 0.00288843 0.0981852 0.002601 0.0238905 0.0228975 0.117227 0.0692538 0.195637 0.00108291 0.0279602
12 F 2.91153 0.0134777 0.00720913 0.051231 0.00568509 0.0825607 0.0253627 0.0030189 0.00238947 0.00494458 0.0315986 0.00332582 0.0054297 0.0036108 0.00782823 0.0530216 0.290378 0.00468916 0.266127 0.137258 0.000853028
13 V 3.15871 0.00339111 0.0241301 0.00400824 0.0142935 0.00591367 0.0927476 0.0170289 0.14781 0.035595 0.0139359 0.00429623 0.00261951 0.00908857 0.0706863 0.033284 0.281915 0.0013893 0.201579 0.0205607 0.0157271
14 A 3.55865 0.0777608 0.0129033 0.00429978 0.116088 0.0563489 0.0139688 0.040064 0.00922496 0.0054285 0.168612 0.0423944 0.0950931 0.0027415 0.198198 0.00401717 0.0623772 0.0107852 0.013946 0.0182708 0.0474772
15 T 3.27278 0.00931499 0.0802992 0.0345441 0.0653008 0.0093148 0.00726043 0.0189964 0.0517017 0.00933975 0.00217942 0.270486 0.00358699 0.00525315 0.00349721 0.00588921 0.0523115 0.123343 0.187305 0.0553277 0.00474998
16 D 3.29099 0.0262974 0.0168268 0.145928 0.060034 0.00344405 0.00274395 0.0501589 0.0130234 0.103632 0.135861 0.278256 0.00968005 0.00228865 0.015003 0.0110508 0.023915 0.00824331 0.0018919 0.0819267 0.00979548
17 A 2.84228 0.508165 0.0278958 0.0227316 0.0157581 0.0246577 0.0202202 0.0333141 0.0867521 0.0168745 0.00286854 0.0371148 0.0690026 0.00571764 0.0118478 0.00502694 0.00556486 0.00532235 0.0580412 0.0351665 0.0079581
18 D 2.83217 0.0435595 0.00287017 0.220177 0.106548 0.0035384 0.297719 0.00487876 0.00371293 0.0649663 0.000895819 0.00922567 0.00773734 0.00547916 0.00394101 0.00377678 0.00266833 0.0038347 0.179905 0.0305633 0.00400168
19 T 2.54231 0.000438072 0.000816536 0.0054194 0.00555122 0.00088066 0.00117845 0.0490782 0.154441 0.0813069 0.0107011 0.000283947 0.0133755 0.000566212 0.462515 0.0194002 0.127273 0.0498706 0.00542039 0.00121556 0.0102683
20 I 2.06484 0.0102934 0.00303869 0.0062453 0.00285213 0.00218004 0.0186779 0.0074037 0.260664 0.552139 0.0204244 0.0430041 0.0317451 0.00129433 0.00273985 0.000365793 0.0218405 0.000761966 0.00694499 0.0016629 0.00572289
21 C 2.08155 0.00760763 0.2045 0.578247 0.00202463 0.000764839 0.000583776 0.000769748 0.00125881 0.0312962 0.0510556 0.0068518 0.0120398 0.0422935 0.0171685 0.00123983 0.0321222 0.00556359 0.00251423 0.00151273 0.000585363
22 I 2.45682 0.00499131 0.00566564 0.316324 0.00424296 0.000840446 0.00478175 0.00974472 0.185526 0.0056711 0.00343263 0.0174112 0.124875 0.000846904 0.00189162 0.000386218 0.0111508 0.00233763 0.290386 0.000973035 0.00852204
23 G 1.39778 0.00093181 0.00138081 0.00246264 0.00883185 0.00926172 0.164866 0.00206579 0.000292933 0.00735262 0.000702287 0.00621071 0.00738549 0.00337328 0.00624574 0.0164646 0.744191 0.00260236 0.00410509 0.00946072 0.00181208
24 Y 2.83983 0.00124163 0.027669 0.0122127 0.0365443 0.0846649 0.00154828 0.0304065 0.0566922 0.026992 0.0191654 0.046926 0.00297446 0.00342543 0.00693482 0.00095849 0.010252 0.353454 0.00132055 0.00489573 0.271722
25 H 3.12785 0.107718 0.00936394 0.00283392 0.00218355 0.00321395 0.0107277 0.202532 0.0236678 0.261102 0.0785347 0.0456279 0.0020648 0.000760032 0.0257689 0.000956474 0.00311776 0.00445416 0.0755731 0.0173311 0.122468
26 A 1.88092 0.207778 0.0133935 0.00082233 0.00496353 0.0101214 0.00262726 0.00179397 0.00126783 0.00139035 0.0111727 0.00203437 0.0656449 0.00473809 0.00422236 0.00188821 0.00763677 0.00144165 0.0275724 0.011487 0.618003
27 N 2.52841 0.0172797 0.0183806 0.0270851 0.00746282 0.0186713 0.0388554 0.0333145 0.00361037 0.0208435 0.00436043 0.00672819 0.538441 0.0016264 0.00978091 0.173941 0.030405 0.029221 0.00481972 0.00756886 0.00760473
28 N 1.81652 0.622979 0.00256631 0.00418394 0.00191998 0.00196023 0.000822014 0.00312267 0.00353837 0.0337632 0.00327241 0.0059961 0.180802 0.0095853 0.00192356 0.00151092 0.00565216 0.00351774 0.00201877 0.108059 0.00280587
29 S 2.79299 0.0187058 0.0643575 0.00137692 0.235978 0.00397521 0.0369351 0.0824097 0.00209098 0.00161001 0.0020552 0.00271148 0.0183437 0.000530216 0.0279827 0.0044571 0.227842 0.261061 0.00395529 0.0024966 0.00112563
30 T 2.31987 0.000564475 0.00055583 0.00170083 0.000509469 0.00138953 0.000581269 0.147442 0.00693434 0.0169758 0.000717932 0.0451876 0.0578515 0.0201375 0.00893747 0.00109803 0.0343695 0.132879 0.00197973 0.51858 0.00160718
31 D 2.37062 0.0102056 0.00334231 0.279489 0.0266481 0.00915029 0.00920759 0.00346743 0.00899914 0.00318572 0.0107572 0.00377191 0.00466854 0.000663709 0.470374 0.015519 0.00196182 0.0609616 0.0455183 0.030933 0.00117622
32 T 1.8068 0.00756331 0.00394198 0.00253563 0.694283 0.000128769 0.0737559 0.0138743 0.00241217 0.00198881 0.0107918 0.0428138 0.00221363 0.00057422 0.000591612 0.0146818 0.027413 0.084079 0.0155739 0.000696852 8.60731e-05
33 V 2.50984 0.00255279 0.00285247 0.388061 0.000849018 0.00600507 0.0313542 0.00435183 0.0809713 0.06599 0.00818868 0.0101102 0.000533305 0.00189193 0.0324678 0.0268529 0.020721 0.00266609 0.310634 0.00115715 0.00178905
34 D 3.09918 0.0124713 0.010225 0.336983 0.0860363 0.0941816 0.0937263 0.00164685 0.000652401 0.00567852 0.00728888 0.00383177 0.121501 0.00260672 0.00278938 0.000727982 0.0126169 0.0121522 0.0819665 0.0343918 0.0785265
35 T 2.16149 0.00202625 0.00830519 0.00504126 0.00822945 0.00781615 0.0161952 0.0025156 0.00401513 0.0238995 0.00614227 0.00402603 0.0378372 0.00170738 0.00976301 0.0146472 0.420152 0.398733 0.0225291 0.00343438 0.00298443
36 I 3.13567 0.0561463 0.0319429 0.00444846 0.0141666 0.0391199 0.0062287 0.00595493 0.395139 0.022975 0.0218716 0.107921 0.00507409 0.0149199 0.0579887 0.009676 0.00634802 0.101213 0.0128188 0.00555191 0.0804956
37 L 2.81228 0.00317128 0.0203072 0.268685 0.0361011 0.00159673 0.00726309 0.00329541 0.0460198 0.00522297 0.0702965 0.0166113 0.000282233 0.000178041 0.00673963 0.10401 0.343608 0.0310456 0.00666977 0.00174177 0.027154
38 E 2.58839 0.163107 0.00543281 0.01587 0.49426 0.0037998 0.00380284 0.0518788 0.00761115 0.0151582 0.0022385 0.00841632 0.00538295 0.00683359 0.0260218 0.0507265 0.104707 0.00975761 0.00312134 0.00764881 0.0142252
39 K 2.63041 0.0122643 0.00562554 0.00570344 0.026842 0.00572855 0.349579 0.0265579 0.00508431 0.355712 0.0180464 0.0367365 0.00381298 0.0123653 0.010493 0.00427081 0.0041678 0.0806706 0.00944248 0.010492 0.0164045
40 N 2.65603 0.00464981 0.00888417 0.0184871 0.00924239 0.00774494 0.00663904 0.0242813 0.00470118 0.19449 0.0104474 0.0137072 0.461121 0.0544424 0.0209047 0.00257709 0.117932 0.01268 0.00640956 0.0119637 0.00869549
41 V 2.72691 0.0236135 0.114845 0.0135503 0.0159924 0.00536052 0.0179211 0.0324398 0.0127129 0.0232715 0.00859744 0.0325722 0.0750341 0.00510931 0.0160706 0.00502624 0.00504842 0.00397821 0.517019 0.0619531 0.00988442
42 A 2.9219 0.102975 0.212656 0.0208091 0.00115987 0.0132665 0.0148801 0.00654887 0.00253782 0.010973 0.00316386 0.0201755 0.00716698 0.350718 0.0192967 0.00437658 9.73811e-05 0.0391218 0.122752 0.0354233 0.011901
43 V 3.49552 0.22638 0.0384088 0.028466 0.0523189 0.00782324 0.0107594 0.0485365 0.157315 0.0188273 0.000135159 0.0316291 0.0702517 0.0236099 0.0171862 0.00948491 0.0225898 0.00708727 0.179703 0.0359209 0.0135662
44 T 2.69413 0.0231812 0.00748721 0.00442551 0.00482496 0.00305088 0.0016456 0.00763942 0.00363027 0.135478 0.00257678 0.0104723 0.102255 0.000271519 0.0178868 0.0222851 0.00166131 0.409009 0.185299 0.0443293 0.0125909
45 H 2.84525 0.141937 0.0107217 0.0636266 0.00881337 0.195732 0.0430555 0.38859 0.00277221 0.00266755 0.0215024 0.0328764 0.00638951 0.00558878 0.0166661 0.00451374 0.0304034 0.00162266 0.00868482 0.00647545 0.00736012
46 S 2.64485 0.0657896 0.0111093 0.00888263 0.0117614 0.00443398 0.00785195 0.0124968 0.00575858 0.00668955 0.0943253 0.0076302 0.013418 0.00227674 0.00787411 0.00184933 0.351512 0.0275613 0.0225197 0.330234 0.00602614
47 V 3.26138 0.0108128 0.0122045 0.00362546 0.0187592 0.0948885 0.0356531 0.0444252 0.147315 0.0212397 0.140029 0.0124528 0.00975914 0.000964344 0.0401524 0.00433055 0.0067531 0.0500971 0.313147 0.0154255 0.0179656
48 N 2.65949 0.0030245 0.00788807 0.120254 0.0471496 0.00316487 0.00181334 0.00678001 0.00498417 0.0398312 0.00695936 0.0113284 0.418802 0.013075 0.00819925 0.00321405 0.0246916 0.231891 0.00584608 0.0363623 0.00474146
49 L 2.54856 0.00615327 0.0560453 0.0110162 0.0125968 0.0108726 0.00566472 0.0321413 0.0791951 0.00893902 0.562814 0.00718918 0.00755231 0.00587131 0.0978221 0.0280035 0.00512963 0.0113296 0.010272 0.0269875 0.0144052
50 L 2.46284 0.0732188 0.0131685 0.0200594 0.00571065 0.00834855 0.00847733 0.00926995 0.00340168 0.0102867 0.574361 0.00971678 0.00688498 0.047877 0.0455845 0.00814572 0.108607 0.00289122 0.00570111 0.0136228 0.0246668
51 E 2.81212 0.0929389 0.0107871 0.141146 0.24133 0.0678674 0.0035469 0.00182376 0.0271185 0.00607574 0.00991733 0.00263217 0.00139131 0.00210963 0.00763941 0.00302853 0.00897811 0.0216381 0.331266 0.00975902 0.00900647
52 D 3.55897 0.0779486 0.00993438 0.228339 0.0380389 0.00957971 0.0350792 0.10559 0.00630995 0.00557588 0.0626339 0.00306658 0.161362 0.0102106 0.0167815 0.00858192 0.0353069 0.0363624 0.0800363 0.0566963 0.0125642
53 S 3.75441 0.0336029 0.00200692 0.000917483 0.0544752 0.0727881 0.0358571 0.0762824 0.00993594 0.0104623 0.071148 0.0200274 0.0954226 0.000258363 0.154443 0.0933831 0.0963273 0.0272908 0.0954965 0.0028574 0.0470182
54 H 2.93172 0.0753172 0.0117088 0.0248049 0.00476679 0.00228447 0.0225954 0.471552 0.0398239 0.043424 0.0031847 0.0108323 0.00663079 0.0750993 0.021816 0.00718117 0.034623 0.0936594 0.0319954 0.0105578 0.00814277
55 N 2.97344 0.00558692 0.00332509 0.053824 0.00748856 0.00570228 0.0334537 0.019152 0.0153917 0.0739919 0.00325417 0.0175288 0.34011 0.0235927 0.068769 0.0145077 0.26392 0.0310815 0.00185539 0.0113352 0.00612901
56 G 1.94706 0.0320676 0.00119166 0.0269431 0.00482807 0.0187004 0.134661 0.041286 0.000808138 0.0113384 0.000420046 0.652789 0.0221312 0.00242522 0.00190384 0.00231148 0.0392066 0.00443805 0.00106556 0.000705666 0.000779752
57 K 2.71542 0.103998 0.0179721 0.0225634 0.00038511 0.472994 0.00635706 0.000774008 0.00119813 0.0673657 0.0203811 0.0547972 0.00629666 0.00168459 0.00367721 0.074618 0.00342009 0.00357085 0.0504203 0.0864963 0.0010296
58 L 3.17153 0.00380609 0.0180495 0.00273661 0.0023302 0.0758888 0.00135464 0.00809678 0.0274309 0.00254182 0.306231 0.051791 0.140263 0.0187438 0.00793176 0.101389 0.00635701 0.0118132 0.0085795 0.135894 0.0687729
59 C 2.51212 0.0110616 0.55802 0.00949107 0.0308677 0.00472622 0.00508664 0.00863027 0.0448779 0.0185517 0.0213911 0.0686246 0.00934285 0.00289911 0.118845 0.00639639 0.00767885 0.00506297 0.052055 0.0110027 0.00538846
60 K 3.1876 0.0154664 0.00364828 0.0259196 0.00405099 0.00954926 0.00631891 0.17255 0.00479139 0.112056 0.0652232 0.0106078 0.0312869 0.000490923 0.00568316 0.292236 0.0866106 0.0541258 0.00044134 0.00798152 0.0909616
61 L 2.51523 0.00300794 0.00497459 0.00811109 0.0643815 0.00644752 0.00540402 0.00295503 0.410228 0.00273362 0.260759 0.0081062 0.0305512 0.0149162 0.00996357 0.00443355 0.00264269 0.00585899 0.0173314 0.00121381 0.135979
62 K 2.82238 0.0376681 0.00185877 0.0483443 0.0414536 0.00534062 0.0296818 0.425562 0.00515829 0.221378 0.00310521 0.00616052 0.0157762 0.00472271 0.0371639 0.0426281 0.0147646 0.00244566 0.00410782 0.0338688 0.0188108
63 G 2.442 0.00897252 0.00940511 0.00726484 0.00623198 0.00611668 0.277745 0.45456 0.00208838 0.0436088 0.00316599 0.00888949 0.00810292 0.00355854 0.00559006 0.0119294 0.0786096 0.0392369 0.00283145 0.011777 0.0103151
64 I 3.53861 0.038323 0.00750149 0.0662309 0.0596184 0.00518206 0.0451598 0.0365182 0.258297 0.0500604 0.0383343 0.0356802 0.193638 0.0019318 0.0386107 0.0464697 0.00494561 0.0144711 0.0326999 0.0130899 0.013238
65 A 3.57292 0.137407 0.00204386 0.0630737 0.178486 0.00308309 0.0568932 0.0955788 0.0225214 0.190168 0.0169659 0.00405846 0.0153259 0.0125781 0.0289128 0.0584178 0.0310542 0.0242267 0.0173191 0.00986197 0.0320237
66 P 2.77087 0.249087 0.022364 0.00936952 0.00490797 0.00870631 0.0781338 0.029378 0.0371323 0.00797774 0.00306969 0.0336626 0.0208164 0.412499 0.00416821 0.00813818 0.0151854 0.00638531 0.00388378 0.039202 0.00593295
67 L 2.72485 0.00325515 0.0504994 0.00941018 0.0184268 0.00846421 0.00324201 0.072547 0.0205162 0.0144991 0.543701 0.0324797 0.0408062 0.00405968 0.0181126 0.00339847 0.0194954 0.0305996 0.0444384 0.0113903 0.0506583
68 Q 3.80862 0.0380356 0.00357592 0.0764781 0.0838069 0.0542357 0.0103753 0.0076813 0.0275509 0.0297705 0.0340985 0.111722 0.0133916 0.0391585 0.0434752 0.182348 0.00429634 0.0639099 0.119994 0.0328243 0.0232712
69 L 2.54825 0.00925703 0.00420463 0.0188389 0.0193854 0.0146379 0.150783 0.00363722 0.146407 0.0107369 0.492207 0.0453387 0.00745058 0.0125789 0.00507029 0.00305606 0.00701582 0.00295117 0.00766884 0.0357487 0.00302758
70 G 3.62883 0.0160653 0.00683468 0.134296 0.00399762 0.0869062 0.190458 0.0761275 0.00753158 0.0349141 0.10869 0.00941961 0.0334348 0.0738422 0.0947149 0.0605932 0.0212527 0.0165106 0.0117318 0.00102937 0.011651
71 K 3.35771 0.0147817 0.0207884 0.00372964 0.0108315 0.00217448 0.26318 0.00622927 0.00357191 0.12275 0.0551186 0.00502432 0.0407182 0.0274055 0.035378 0.0822753 0.103439 0.151127 0.00456763 0.0430096 0.0038986
72 C 2.25941 0.030511 0.33392 0.0034647 0.006531 0.00392377 0.00543979 0.0017908 0.0565761 0.00464974 0.00346041 0.447789 0.00240936 0.0109654 0.0236509 0.036783 0.00143703 0.00196309 0.0115142 0.00894795 0.00427187
73 N 3.31968 0.00916862 0.0825798 0.132171 0.0862526 0.00204824 0.0605836 0.0094133 0.00357936 0.0465454 0.0021117 0.00572216 0.204765 0.00236815 0.0538887 0.0194592 0.194511 0.0749339 0.00159343 0.00309439 0.00521142
74 I 2.43588 0.00978345 0.00548049 0.00286615 0.00411294 0.0835044 0.0138905 0.00414559 0.434097 0.00279256 0.23944 0.140007 0.00498815 0.00501625 0.00549296 0.00804269 0.00145088 0.00391942 0.0176677 0.00651664 0.00678595
75 T 2.94097 0.0257082 0.0111664 0.000336735 0.000217627 0.00171263 0.0233908 0.00113885 0.117618 0.0265914 0.0754902 0.0485274 0.0342884 0.0366153 0.0110278 0.0162848 0.00812863 0.11405 0.424929 0.000692493 0.0220855
76 G 2.19785 0.174818 0.00302689 0.0112268 0.0361077 0.00895107 0.59979 0.00462727 0.00529833 0.00392282 0.00666186 0.0318289 0.0260354 0.00837431 0.0171629 0.00203502 0.01076 0.00424005 0.00821757 0.032365 0.00455036
77 W 1.82412 0.00335758 0.0101704 0.00651759 0.0256172 0.00768346 0.0133036 0.0118307 0.0537998 0.0088734 0.0114452 0.00774172 0.0073481 0.00255842 0.00688952 0.00916355 0.00328123 0.0058269 0.0337146 0.735262 0.0356159
78 L 2.01788 0.0119313 0.00275182 0.00365913 0.00182743 0.00992475 0.00426093 0.0026808 0.000821787 0.00269646 0.224563 0.0613061 0.00704737 0.00691592 0.00187041 0.00529694 0.572743 0.00767099 0.063852 0.00665159 0.00152805
79 L 2.69618 0.0491531 0.00138844 0.0114784 0.0061293 0.0020286 0.00607397 0.00456688 0.0888929 0.00604943 0.341696 0.0208502 0.020546 0.335404 0.00486069 0.0244814 0.00634585 0.0211415 0.0113195 0.0060641 0.0315312
80 G 1.49796 0.0198473 0.0143736 0.00551385 0.0161202 0.00399806 0.801361 0.00315202 0.00257036 0.0115065 0.00131924 0.00511606 0.0160741 0.00851224 0.0257415 0.00445535 0.0168759 0.0181658 0.00311285 0.00846299 0.0137213
81 N 2.46411 0.0354147 0.00480699 0.00268152 0.0051402 0.00421415 0.0114018 0.17293 0.00806654 0.0284409 0.00667661 0.0121053 0.50885 0.00125417 0.0228509 0.00225912 0.110811 0.0480853 0.00487209 0.00626054 0.00287818
82 P 1.72849 0.00720302 0.00136431 0.0117599 0.0133136 0.000455839 0.00333961 0.595803 0.00284403 0.000995403 0.00121952 0.0111219 0.00110994 0.292361 0.00511064 0.0189325 0.0119585 0.00407607 0.00616452 0.00255086 0.0083173
83 E 3.48805 0.0275994 0.0186842 0.0257212 0.187766 0.00978051 0.183587 0.00702928 0.00702875 0.00265563 0.0857795 0.102873 0.0716069 0.00155805 0.0714671 0.00222629 0.0439229 0.0387259 0.00452352 0.00533279 0.102134
84 C 1.66608 0.00513651 0.748793 0.0192469 0.00410106 0.00470804 0.00365353 0.00300463 0.00685381 0.00529353 0.00204691 0.00661378 0.024677 0.00151863 0.0115363 0.00241566 0.0522666 0.00308129 0.0306017 0.0589087 0.00554188
85 D 2.45156 0.00154896 0.0139605 0.552768 0.0784129 0.00822764 0.0142594 0.0192539 0.00506986 0.00386863 0.0244569 0.0134795 0.0033595 0.0249221 0.117694 0.00250769 0.0141909 0.0873714 0.00374478 0.00516263 0.00574055
86 S 3.87074 0.111957 0.0192571 0.028462 0.00800965 0.0896368 0.0449931 0.114536 0.0954791 0.0147149 0.0821367 0.00690434 0.0513984 0.0703037 0.0478155 0.0060802 0.103623 0.00130235 0.0170279 0.0248823 0.0614799
87 L 2.48285 0.002491 0.0307928 0.00857586 0.0137024 0.00455329 0.0107346 0.0098089 0.117669 0.00379605 0.577851 0.0391813 0.00889361 0.0360027 0.0163301 0.0166685 0.00406172 0.0484757 0.0215941 0.00460258 0.024215
88 L 2.42653 0.000687399 0.00670119 0.00952277 0.253162 0.0180962 0.00406206 0.00124861 0.0597609 0.0023223 0.0995013 0.00235482 0.000618891 0.00344694 0.0179232 0.000839555 0.0120002 0.0223266 0.0252452 0.454291 0.00588902
89 P 3.18944 0.0470523 0.000562651 0.00836208 0.0942069 0.390693 0.0593288 0.00774767 0.0140343 0.0348177 0.0946572 0.0151485 0.00999787 0.0545229 0.00319847 0.0104301 0.0444963 0.027734 0.0167332 0.00158879 0.0646866
90 A 3.89697 0.0823152 0.00531686 0.0255887 0.047796 0.095016 0.0308872 0.00499865 0.0944979 0.0192127 0.0568862 0.169252 0.0471579 0.0339038 0.0311596 0.0130047 0.0635842 0.0719505 0.0472596 0.001547 0.0586653
91 R 3.61405 0.0241293 0.0166313 0.0048575 0.220345 0.117095 0.0349192 0.00391537 0.100241 0.0260172 0.0205322 0.00154743 0.0223463 0.00560184 0.0629226 0.107892 0.0403602 0.0386511 0.0771198 0.00150982 0.0733676
92 S 3.75085 0.0263443 0.00203643 0.105048 0.00232841 0.0209805 0.115695 0.00254299 0.0635032 0.0339944 0.00873906 0.00851117 0.0239174 0.0532284 0.0440409 0.0463925 0.115515 0.0973735 0.0420444 0.0252044 0.16256
93 W 2.53771 0.00342555 0.0374971 0.00502352 0.00551868 0.210578 0.0328138 0.00851087 0.00348306 0.0518164 0.0888051 0.023154 0.0302158 0.00422315 0.00271392 0.00373056 0.00304024 0.00264584 0.00517235 0.47304 0.00459149
94 S 2.31868 0.0117196 0.0244362 0.0170211 0.0105197 0.0320143 0.045898 0.0242847 0.0181472 0.00451099 0.00228542 0.00800065 0.00609795 0.0102021 0.00670959 0.00411866 0.604306 0.00803125 0.00768188 0.137309 0.016706
95 Y 2.14532 0.00154204 0.00878518 0.027179 0.00496428 0.0340426 0.0081751 0.00674208 0.00196398 0.0296167 0.00434818 0.00739723 0.00910436 0.0123433 0.0171682 0.0584622 0.0402408 0.0172268 0.0140241 0.0235548 0.673119
96 I 2.3397 0.00329183 0.00548282 0.00648278 0.0144472 0.0566213 0.00336841 0.0254966 0.604313 0.00282716 0.0398881 0.0295164 0.00489695 0.0129744 0.00832398 0.00998193 0.0110809 0.019779 0.11289 0.0257034 0.00263416
97 V 2.46616 0.0484674 0.00642832 0.0136769 0.0135682 0.0160366 0.0170374 0.0368491 0.151946 0.0157075 0.0177126 0.00872501 0.00583492 0.0160756 0.0156676 0.00229345 0.00596923 0.00336321 0.568386 0.0196979 0.0165577
98 E 2.54249 0.0112902 0.00340648 0.0118028 0.402485 0.00363683 0.0793979 0.00198441 0.296315 0.00484304 0.00234557 0.00693838 0.00214786 0.00163138 0.033962 0.00212846 0.00818353 0.0321004 0.0604873 0.00639977 0.0285141
99 T 3.30493 0.201126 0.00570534 0.0211692 0.259221 0.00427431 0.0032508 0.0155474 0.00970887 0.0165889 0.0513172 0.0126199 0.00488759 0.0250075 0.108434 0.0831724 0.0378728 0.0999544 0.0246027 0.00107026 0.0144701
100 P 3.54912 0.108421 0.000793566 0.00267367 0.0740474 0.00784974 0.195152 0.185765 0.0294968 0.0431804 0.0422597 0.00512366 0.0166043 0.0998991 0.00398445 0.0276982 0.018573 0.0127695 0.0434573 0.0636486 0.018604
101 N 2.88373 0.00119917 0.00371168 0.198109 0.00136161 0.372622 0.0784256 0.0162851 0.00182255 0.010478 0.0577976 0.0102221 0.0839861 0.0031393 0.00116879 0.0912258 0.0110893 0.0302915 0.0094071 0.0115396 0.00611818
102 S 2.33996 0.120432 0.00368366 0.00245017 0.00457483 0.00615607 0.0507744 0.00215587 0.00244411 0.00200135 0.00220075 0.00898724 0.00127483 0.0423714 0.53181 0.00176788 0.11965 0.0773699 0.00178437 0.0174939 0.000618777
103 E 3.45306 0.0540911 0.00156179 0.00440146 0.190353 0.0268229 0.0495912 0.115464 0.0319945 0.00446096 0.0205402 0.0119827 0.251776 0.0464568 0.0619666 0.0184823 0.0473602 0.0113136 0.0305034 0.0194395 0.0014378
104 N 3.0359 0.0313714 0.00589242 0.000522324 0.31418 0.173639 0.00378821 0.0998266 0.00191454 0.00425419 0.056373 0.00354672 0.0612747 0.000354119 0.140879 0.0165453 0.041989 0.000606885 0.0119728 0.00259877 0.0284712
105 G 2.8715 0.0750466 0.0426794 0.0715826 0.0509932 0.00986502 0.485566 0.0531442 0.0014522 0.0718652 0.00214666 0.0259565 0.0266393 0.0173823 0.00324244 0.00924593 0.0174326 0.0162615 0.00542816 0.0111926 0.00287737
106 A 3.17448 0.2032 0.103468 0.00985063 0.169186 0.00248095 0.00275853 0.0224981 0.00567522 0.00332118 0.123327 0.00349601 0.0516834 0.154701 0.00543715 0.000604425 0.00590574 0.0242098 0.104769 0.00229878 0.0011297
107 C 2.26995 0.0478129 0.611223 0.00965306 0.00528497 0.00783541 0.00910319 0.00886035 0.0152745 0.0438156 0.00462383 0.0890109 0.00894362 0.00270668 0.00637811 0.00200192 0.0181487 0.00351466 0.0026525 0.0165011 0.0866556
108 Y 1.90715 0.0159386 0.00711848 0.00760035 0.00833824 0.0141023 0.00289707 0.0166389 0.0317876 0.0120467 0.0234144 0.00835474 0.0657201 0.00412654 0.00317433 0.0023935 0.0289366 0.0125452 0.00269473 0.0146837 0.717488
109 P 2.11384 0.0474245 0.00354154 0.00844939 0.00827769 0.00441804 0.00210339 0.0362711 0.00497707 0.00574118 0.00525149 0.00796043 0.00838526 0.641143 0.00333935 0.00655174 0.0279287 0.0138335 0.0161756 0.129903 0.0183236
110 G 1.93638 0.00503775 0.0233007 0.0147909 0.0430596 0.010949 0.701023 0.00512268 0.00460287 0.0135247 0.00365256 0.0908204 0.0129118 0.00660252 0.00727758 0.00685244 0.0106746 0.00572863 0.00658998 0.0216285 0.00584879
111 D 3.4737 0.0601429 0.0156796 0.161025 0.282348 0.00987077 0.0435632 0.0209326 0.0830198 0.0427404 0.0016886 0.0105051 0.0093931 0.028598 0.00882916 0.0358967 0.0440755 0.0873472 0.0266544 0.00165286 0.0260388
112 L 2.40864 0.00222784 0.0122401 0.00582318 0.00634892 0.0125 0.00396144 0.0524368 0.0907551 0.00676686 0.561169 0.0105017 0.0131004 0.00262107 0.013667 0.00216116 0.00761402 0.0956343 0.0870407 0.00865916 0.00477094
113 I 3.40991 0.217974 0.00458437 0.0952103 0.00619006 0.177236 0.00129954 0.00739555 0.0834792 0.0798033 0.0248053 0.0975952 0.0344212 0.00246906 0.0102467 0.0200986 0.0506319 0.0712559 0.0107123 0.00219808 0.00239342
114 D 3.13957 0.118239 0.00184356 0.345499 0.078106 0.0421855 0.0244446 0.105151 0.00255476 0.00115883 0.0821133 0.00281024 0.0044051 0.00117582 0.0505003 0.00511075 0.0523467 0.00445363 0.00336842 0.058328 0.0162071
115 Y 3.3028 0.0608969 0.00164778 0.00199668 0.0095055 0.0186699 0.020683 0.0196632 0.274002 0.00679623 0.0615531 0.00329555 0.0356207 0.0127318 0.0549414 0.0209208 0.0747071 0.0694645 0.0146481 0.01063 0.227626
116 E 2.89587 0.0550965 0.0157311 0.00177845 0.44326 0.0436005 0.0521647 0.0144888 0.00241238 0.00873141 0.0105389 0.0286256 0.00545097 0.0421544 0.169144 0.00202237 0.0161935 0.00123178 0.0230678 0.0192798 0.0450271
117 E 2.34682 0.00790974 0.00767343 0.0155338 0.551972 0.00802988 0.00531798 0.00699662 0.0198165 0.035331 0.00223569 0.0419812 0.0238929 0.0312298 0.0124317 0.00265947 0.00371025 0.201908 0.00313716 0.0119088 0.00632377
118 L 2.12302 0.00188839 0.00612529 0.056707 0.00480424 0.0515375 0.0035653 0.00378359 0.161669 0.0038592 0.607658 0.025803 0.00842585 0.0075558 0.0240938 0.00240783 0.00345208 0.00569693 0.0068898 0.0102642 0.00381244
119 R 3.0975 0.021542 0.0166443 0.00501765 0.00900333 0.0698361 0.00490903 0.124387 0.00570399 0.0526712 0.00577792 0.00699783 0.00444463 0.00431757 0.0169405 0.37469 0.0109788 0.0370665 0.0216303 0.0886278 0.118814
120 E 2.39862 0.0180893 0.0127869 0.0113932 0.626007 0.0205141 0.00965058 0.0188148 0.00723445 0.026903 0.00868469 0.0170475 0.0244606 0.00395207 0.0104762 0.0537828 0.0691087 0.0068457 0.00659048 0.0265822 0.021076
121 Q 2.95915 0.00569553 0.0206941 0.029895 0.015226 0.00648824 0.0038026 0.0348623 0.0112752 0.00770858 0.0436029 0.0131104 0.0455608 0.00224378 0.441015 0.14321 0.053374 0.0150109 0.00557895 0.0846669 0.0169799
122 L 1.86706 0.00300733 0.00260751 0.00719139 0.00635939 0.0144078 0.00181592 0.00490971 0.596705 0.00439709 0.257714 0.0201755 0.00290357 0.00355539 0.0040648 0.00238681 0.00512253 0.00222239 0.0373975 0.019134 0.00392167
123 S 3.42572 0.14306 0.0973006 0.0024966 0.00300199 0.0143738 0.123954 0.00692308 0.00246615 0.0538273 0.0275531 0.0140228 0.0289498 0.00179374 0.105577 0.0218719 0.135493 0.188929 0.0121516 0.00688804 0.00936687
124 S 3.16257 0.236967 0.0064245 0.0159945 0.268268 0.0024233 0.0839991 0.0156422 0.0391081 0.00352685 0.0419346 0.015962 0.0123967 0.00141131 0.0265536 0.00384264 0.145329 0.0255239 0.028028 0.00566442 0.0209997
125 V 2.75966 0.0884941 0.00801226 0.00211304 0.00154967 0.0128541 0.000420855 0.000389668 0.402415 0.00062698 0.135531 0.0883421 0.0185198 0.00169962 0.00194257 0.00030693 0.031811 0.108002 0.0837833 0.00114479 0.0120422
126 S 3.21898 0.000584658 0.000182951 0.0433512 0.0175341 0.0105074 0.0371175 0.050149 0.290325 0.00102989 0.00170767 0.00293862 0.00611422 0.00456242 0.0289978 0.0214758 0.108421 0.109967 0.0776558 0.021709 0.165669
127 S 3.50175 0.0522091 0.00693233 0.149677 0.162526 0.00513212 0.129331 0.00801259 0.0238711 0.121173 0.00842373 0.0263192 0.00291591 0.00738761 0.0119239 0.0343935 0.121004 0.00394411 0.0347368 0.00355448 0.086532
128 L 3.27807 0.118004 0.00348625 0.00923056 0.00864003 0.096919 0.04111 0.0792504 0.00953572 0.0368999 0.333772 0.0164749 0.00247554 0.00236049 0.00451387 0.00663306 0.0947271 0.0171715 0.0556066 0.0256051 0.037584
129 E 2.7669 0.0115817 0.00358937 0.198949 0.432065 0.00516614 0.00298216 0.0430442 0.00491811 0.00852396 0.00199014 0.0282722 0.00475201 0.00324081 0.0112909 0.00393404 0.0564225 0.0776582 0.0355107 0.00945725 0.0566514
130 R 2.5443 0.015161 0.015874 0.0113995 0.0141704 0.00972604 0.0129074 0.00461643 0.00640484 0.288543 0.00661836 0.0250274 0.00822901 0.0807044 0.0147436 0.43925 0.00602969 0.0158158 0.00619445 0.0115511 0.00703321
131 F 2.70605 0.0152736 0.0138085 0.0225479 0.0145119 0.387549 0.00627931 0.00647536 0.116199 0.0100708 0.0142879 0.019506 0.0113968 0.00514307 0.00762479 0.00444206 0.00303611 0.00701095 0.00873768 0.0510316 0.275067
132 E 2.76425 0.00497745 0.0225733 0.0157452 0.37943 0.0087358 0.00303921 0.0075579 0.0659237 0.0141874 0.00884198 0.0126567 0.0976291 0.273528 0.0262555 0.00411772 0.00458174 0.0170462 0.00548104 0.0199091 0.00778318
133 I 2.43207 0.00972728 0.00915788 0.0139696 0.00793661 0.0159251 0.00543247 0.00668407 0.224103 0.0115142 0.519366 0.0479057 0.0244288 0.00307355 0.00519138 0.00444333 0.00231817 0.00674734 0.03457 0.0167939 0.0307118
134 F 2.30955 0.0559096 0.017215 0.0101383 0.0108513 0.629648 0.00372747 0.0170036 0.00756476 0.0702343 0.0226792 0.0247684 0.00792735 0.00283063 0.00634737 0.00311596 0.0114722 0.0140133 0.0105348 0.0606779 0.0133412
135 P 3.25638 0.0094896 0.00137622 0.20796 0.198538 0.00992651 0.00533198 0.0105028 0.000754335 0.0472057 0.013015 0.0048314 0.059411 0.203288 0.0465368 0.0125255 0.0257569 0.0726817 0.00652929 0.00583479 0.0585039
136 K 3.93484 0.0355402 0.0597483 0.0426153 0.0596228 0.0449422 0.0672143 0.00278075 0.0173102 0.0944682 0.0483552 0.00344157 0.00258449 0.084886 0.110599 0.0176813 0.0630574 0.127257 0.0127854 0.0551549 0.0499559
137 E 3.39577 0.214858 0.0013153 0.0102914 0.190699 0.00573496 0.0807385 0.0289437 0.0145518 0.00219147 0.0625731 0.0356508 0.100793 0.0069411 0.0267873 0.00437685 0.0535714 0.125045 0.0239397 0.00332513 0.00767316
138 S 1.73069 0.0189791 0.000226753 0.00335663 0.00254264 0.00314372 0.00337965 0.0167973 0.0107653 0.00967433 0.0136261 8.57836e-05 0.731903 0.00362044 0.00998112 0.00202351 0.0178155 0.00716392 0.0170735 0.0838829 0.0439582
139 S 3.37942 0.205118 0.00648073 0.000653716 0.00128542 0.0372172 0.0139988 0.108584 0.0537723 0.0184976 0.00948045 0.0363558 0.00656749 0.000404568 0.0803073 0.0030872 0.0701684 0.0859569 0.0559731 0.203983 0.00210739
140 W 1.63671 0.0131844 0.00586917 0.00863336 0.00266364 0.0445083 0.00650156 0.0495597 0.00506259 0.00572802 0.00922049 0.0204792 0.00282566 0.00312278 0.0152267 0.00423477 0.00230492 0.0040074 0.00549581 0.763764 0.027608
141 P 3.41169 0.0494287 0.037151 0.0146583 0.127084 0.00500379 0.00842341 0.00948504 0.0355158 0.00218359 0.0123151 0.026719 0.00842393 0.268553 0.148761 0.11676 0.0151856 0.0580114 0.0282476 0.0106019 0.0174877
142 N 2.87621 0.0145319 0.055698 0.00888306 0.0224425 0.00259089 0.0627252 0.0254194 0.048402 0.014107 0.0087037 0.0060616 0.471921 0.0822922 0.113951 0.00546116 0.00870803 0.00604406 0.0231814 0.0117588 0.00711595
143 H 3.21459 0.0129031 0.00326431 0.00668692 0.0162141 0.110744 0.00274327 0.247425 0.0253212 0.00206945 0.00821638 0.00416583 0.0313786 0.00133719 0.0398262 0.00616509 0.215125 0.109621 0.0483951 0.0141177 0.0942794
144 T 2.3445 0.0184463 0.00773629 0.0878545 0.0175399 0.0112214 0.200371 0.0195328 0.00937196 0.00756945 0.00250605 0.0225268 0.00881291 0.00433537 0.00534896 0.0069482 0.010374 0.541275 0.00282023 0.00619073 0.00921769
145 F 3.52426 0.129811 0.048724 0.259932 0.105758 0.140888 0.0409902 0.0383317 0.0149144 0.00837336 0.0134855 0.0182411 0.0330005 0.00251625 0.0390473 0.0143582 0.0118336 0.0244968 0.0149584 0.0265732 0.0137658
146 N 3.39102 0.117234 0.00347467 0.119716 0.0290186 0.0540673 0.0842194 0.0598613 0.00308503 0.00089815 0.0120372 0.00185968 0.0651972 0.0196313 0.291141 0.0365698 0.0153674 0.00558182 0.0103687 0.0144357 0.0562364
147 G 3.16051 0.00409789 0.0226599 0.0430969 0.00494378 0.0189362 0.413329 0.080048 0.0713452 0.101322 0.00398481 0.0127327 0.0121972 0.00179298 0.0166176 0.0158341 0.0311589 0.0596509 0.0338412 0.0235605 0.0288505
148 V 2.94489 0.0516037 0.00204552 0.0033754 0.00206572 0.00177073 0.00509349 0.000626097 0.348126 0.118534 0.00187981 0.00586255 0.0224928 0.00712502 0.0137355 0.0302271 0.145051 0.107913 0.109881 0.0013223 0.0212682
149 T 1.55846 0.00185778 0.00573915 0.00463539 0.0036587 0.00221947 0.00325584 0.00238384 0.010831 0.0156556 0.00393683 0.0066144 0.00144388 0.00400952 0.00498883 0.00807431 0.669179 0.238478 0.00581453 0.00253277 0.00469064
150 V 2.95247 0.282051 0.0309694 0.0129861 0.0226819 0.0227129 0.00740541 0.0589575 0.00837914 0.0038241 0.0234892 0.0267693 0.0212864 0.000657518 0.0291615 0.000835767 0.332269 7.27701e-05 0.00654614 0.0332595 0.0756854
151 S 2.99914 0.152062 0.0162711 0.00428037 0.0110068 0.0106137 0.00391407 0.0987514 0.0218886 0.00408104 0.139228 0.0157955 0.0102442 0.00307805 0.0072687 0.0228616 0.377064 0.0347467 0.0461656 0.0090156 0.0116624
152 C 2.44796 0.0106447 0.624549 0.0320956 0.00767639 0.0145372 0.0216636 0.0112316 0.0129285 0.0275286 0.0495625 0.0164561 0.0130861 0.0298353 0.0293239 0.00937116 0.0264737 0.00324297 0.00427884 0.0401045 0.0154094
153 S 3.37883 0.0270954 0.00249594 0.0139083 0.199035 0.0209172 0.0914858 0.00179651 0.00131142 0.0207479 0.177929 0.00557852 0.00154377 0.0394496 0.0229532 0.145592 0.058292 0.0882802 0.0762226 0.00170506 0.00366061
154 H 2.9637 0.115835 0.00385838 0.00306508 0.0064542 0.0138444 0.0134667 0.0338884 0.0258817 0.0211398 0.00659164 0.00425536 0.000284461 0.00546155 0.0956198 0.11945 0.0835693 0.397563 0.0312751 0.00073911 0.0177563
155 R 3.22306 0.0207354 0.000812521 0.0212601 0.000861401 0.00585993 0.0417135 0.00689788 0.0338481 0.0205512 0.285395 0.0198779 0.13067 0.00088202 0.0199761 0.0775334 0.0361338 0.00396019 0.209181 0.0441849 0.0196645
156 G 3.44561 0.0275208 0.0422181 0.162441 0.206735 0.00334199 0.135353 0.0253112 0.0171649 0.00408468 0.0135525 0.0245669 0.00883207 0.00197979 0.143021 0.0462839 0.0493412 0.00820525 0.00791338 0.0663908 0.00574265
157 K 2.98358 0.00375367 0.000228451 0.00765036 0.302499 0.0116122 0.0324062 0.0359455 0.0866116 0.0284687 0.0385338 0.00250291 0.00076115 0.0002854 0.0178681 0.0106754 0.0357208 0.234462 0.00242098 0.00624857 0.141345
158 S 2.95442 0.0124151 0.00156674 0.00108469 0.00837447 0.0128623 0.000877616 0.0168303 0.000346544 0.0701313 0.260134 0.0565978 0.0348315 0.166697 0.0441759 0.000794745 0.0470372 0.000892947 0.00647267 0.00199344 0.255884
159 S 2.66298 0.011096 0.0017358 0.137984 0.460904 0.00294009 0.0779427 0.0945733 0.00346162 0.0103163 0.0119934 0.0130934 0.00650351 0.000231523 0.0420181 0.00214508 0.0690795 0.050679 0.000547385 0.00188822 0.00086771
160 F 1.81212 0.0388985 0.0144781 0.00692569 0.00784079 0.742998 0.0024319 0.00355147 0.0208483 0.00596921 0.00899365 0.0131474 0.0099634 0.0154274 0.00360339 0.00499996 0.0147966 0.0305259 0.00586668 0.0116063 0.0371275
161 Y 1.37434 0.00140466 0.00297016 0.00294127 0.00110287 0.735015 0.00214536 0.0144735 0.000493642 0.00274078 0.000674441 0.00291752 0.0022486 0.00129576 0.0152882 0.00202345 0.00432455 0.0201038 0.000961907 0.00958438 0.177289
162 R 2.78292 0.0201404 0.00536729 0.0174101 0.0113941 0.0141651 0.0229138 0.221069 0.00506472 0.266087 0.00365613 0.00734043 0.0198977 0.00885904 0.0335341 0.297707 0.00555339 0.00160215 0.00121933 0.00932857 0.0276903
163 N 1.543 0.00553461 0.018208 0.00933243 0.0109292 0.00738452 0.00419318 0.00744794 0.00468965 0.0111412 0.00682891 0.0106368 0.790943 0.00163928 0.0210195 0.0021732 0.00427307 0.0441291 0.00969497 0.0171004 0.0127006
164 L 1.69006 0.00061041 0.019258 0.00273487 0.0159957 0.00664598 0.00597593 0.00118592 0.602783 0.0025688 0.283713 0.0158162 0.00297466 0.000331761 0.00304264 0.00122845 0.00129293 0.00167198 0.0270361 0.00314445 0.00198972
165 L 1.87165 0.0130689 0.00475849 0.00132134 0.00237623 0.00187891 0.0735328 0.00950862 0.00825266 0.000884575 0.093052 0.00728427 0.0304935 0.00170282 0.00193815 0.0270488 0.00839003 0.000723179 0.687224 0.0199141 0.00664729
166 W 1.76275 0.00830757 0.0199265 0.00854843 0.0110863 0.0170442 0.0258137 0.0143334 0.0033395 0.00778389 0.0124539 0.0362412 0.00379498 0.0149552 0.00594775 0.00333769 0.0024019 0.0368409 0.00592094 0.752696 0.00922642
167 L 2.20059 0.012132 0.00672079 0.00877342 0.00535249 0.00451022 0.00205214 0.00467327 0.432275 0.0033249 0.358278 0.00121314 0.0224488 0.00385788 0.00810985 0.00123141 0.0031295 0.0663639 0.0431284 0.00934686 0.00307836
168 T 2.98968 0.0187597 0.00390547 0.0214635 0.00472991 0.0177515 0.036127 0.0405722 0.00489502 0.00811077 0.0856724 0.0195345 0.00596065 0.00129456 0.00581349 0.00516721 0.130998 0.336437 0.0295883 0.00563606 0.217583
169 K 3.55702 0.090521 0.0438221 0.000653122 0.021323 0.00345603 0.0628673 0.0803921 0.00272491 0.0828704 0.0637442 0.0159636 0.00542984 0.0048076 0.10696 0.205544 0.101835 0.0858263 0.00408549 0.0124473 0.00472576
170 K 3.65537 0.0512089 0.00532558 0.0088689 0.0300233 0.00143848 0.0137085 0.0856322 0.0857984 0.0662525 0.041459 0.033178 0.0312615 0.00247271 0.0152012 0.166217 0.0466241 0.0495704 0.0135384 0.0396385 0.212583
171 G 3.3493 0.0139633 0.018199 0.058486 0.0432714 0.104335 0.105177 0.00928303 0.0179527 0.0114452 0.120223 0.00178608 0.190057 0.0044042 0.00073993 0.00489725 0.218719 0.036172 0.0122559 0.000515834 0.0281182
172 D 2.36683 0.0446704 0.00123072 0.135544 0.583167 0.0015412 0.004159 0.0265224 0.00625171 0.00100395 0.0103899 0.0194466 0.0423316 0.0261105 0.0229952 0.00940348 0.0127056 0.0117718 0.0356615 0.00358481 0.00150848
173 S 3.18208 0.00522858 0.000146437 0.000797989 0.106438 0.0116284 0.0264512 0.0238209 0.0352207 0.000644884 0.0261131 0.00401399 0.157968 0.00318695 0.018775 0.00700006 0.0473995 0.0782925 0.330472 0.0736946 0.0427065
174 Y 2.43058 0.00428181 0.047139 0.0320443 0.0207212 0.0490662 0.00391072 0.0118351 0.0252527 0.00626978 0.00152386 0.00926036 0.044543 0.0027587 0.00661136 0.00698788 0.0065263 0.00875132 0.00490916 0.145048 0.562559
175 P 3.8299 0.0149282 0.00714259 0.169916 0.00487937 0.0567404 0.150752 0.0445467 0.044162 0.0106127 0.0269974 0.0866868 0.0388755 0.0466756 0.0151098 0.0685219 0.0988542 0.0317734 0.0410888 0.0207193 0.0210173
176 K 3.6367 0.0728653 0.00245618 0.00676993 0.0438391 0.00141135 0.012657 0.0818611 0.0324203 0.0669833 0.0552396 0.149638 0.00259075 0.0240873 0.0116006 0.031307 0.052885 0.206179 0.0845163 0.00340256 0.0572909
177 L 2.57679 0.254225 0.00301966 0.0010199 0.00131338 0.0673558 0.00311699 0.00170988 0.133388 0.00072601 0.0888854 0.00572271 0.000687234 0.000154079 0.00592877 0.0015623 0.0240237 0.014478 0.363297 0.00158626 0.027801
178 T 3.54996 0.0670905 0.00187692 0.0744891 0.0714259 0.0882 0.0247987 0.0148594 0.00921649 0.0166945 0.139206 0.00644428 0.00479128 0.00384004 0.00492356 0.0154271 0.111072 0.196681 0.0103149 0.0331157 0.105532
179 N 3.46737 0.0465842 0.0139514 0.0439067 0.0160017 0.117361 0.0384393 0.0147557 0.00969226 0.00979849 0.0181394 0.0172345 0.104286 0.0069076 0.108254 0.010549 0.0228029 0.221267 0.171022 0.00842507 0.000622243
180 S 3.67801 0.150217 0.0238223 0.0491913 0.1034 0.0355856 0.0127197 0.0159326 0.0277012 0.0170577 0.0120739 0.0309061 0.152403 0.00139557 0.143636 0.00806697 0.104941 0.026224 0.051387 0.0296464 0.00369383
181 Y 1.64965 0.00145184 0.00359496 0.00508333 0.00272335 0.0311996 0.00166178 0.00744998 0.000656869 0.00468067 0.00117723 0.0247412 0.00677734 0.000790407 0.00958456 0.000360874 0.000883855 0.0162114 0.000514417 0.646089 0.234367
182 V 3.51681 0.125128 0.00705166 0.00423258 0.0377889 0.0214512 0.00734664 0.00424716 0.120832 0.0132819 0.0230099 0.012763 0.0334278 0.00314148 0.00457127 0.0437634 0.0132866 0.175966 0.128818 0.137637 0.0822557
183 N 1.8565 0.00391357 0.00715484 0.0193395 0.0115391 0.05546 0.0265991 0.0190269 0.00727216 0.0302599 0.00479118 0.0133585 0.731578 0.0030331 0.0073063 0.00274485 0.00364403 0.0133819 0.0105947 0.0206227 0.00837957
