# POSITION WT SITE_ENTROPY PI_A PI_C PI_D PI_E PI_F PI_G PI_H PI_I PI_K PI_L PI_M PI_N PI_P PI_Q PI_R PI_S PI_T PI_V PI_W PI_Y
2 K 3.76485 0.00913288 0.0563431 0.00170836 0.015235 0.127181 0.0418925 0.0125447 0.200056 0.0609146 0.085835 0.0120563 0.0348127 0.0408176 0.0510242 0.0225444 0.0598363 0.0856148 0.0652449 0.00765454 0.00955077
3 A 2.77078 0.0438893 0.0337067 0.0313914 0.00077235 0.0886424 0.00850435 0.00110607 0.0200977 0.00825763 0.482949 0.00173253 0.0243493 0.00132022 0.0125918 0.00247962 0.0271255 0.0213412 0.137306 0.032075 0.0203616
4 K 3.82537 0.0468143 0.0267488 0.00819109 0.00715923 0.00237032 0.00468067 0.120012 0.0340906 0.0507755 0.0986661 0.0129409 0.00803267 0.0711745 0.0964407 0.123341 0.0345901 0.0176997 0.0540458 0.101025 0.0812025
5 L 3.03239 0.12255 0.00846724 0.0502956 0.00287183 0.380196 0.00466279 0.097976 0.0844736 0.0047847 0.115072 0.0337804 0.0100077 0.0188214 0.00652954 0.00475158 0.0227578 0.00784915 0.00952738 0.00891884 0.00570484
6 L 2.14044 0.010368 0.0246596 0.000336457 0.00285549 0.0126185 0.000541735 0.00513982 0.268033 0.00372491 0.0422577 0.0245294 0.000841721 0.0212334 0.00252993 0.00185939 0.0169278 0.0170967 0.00137845 0.53378 0.00928783
7 V 3.41135 0.0298999 0.0959309 0.00903817 0.0306069 0.14386 0.0215626 0.00392826 0.237062 0.00201674 0.095429 0.0529263 0.0335452 0.00148133 0.00368363 0.000935078 0.0036307 0.0394519 0.0682509 0.12051 0.00625153
8 L 3.56723 0.0143588 0.0145187 0.0110799 0.00702331 0.0637782 0.0150955 0.0286973 0.0732483 0.0285503 0.211739 0.0572974 0.0126222 0.0288936 0.0149799 0.0295285 0.224251 0.0885362 0.0110034 0.0175739 0.0472257
9 L 2.83854 0.000242417 0.184598 0.00642139 0.00250724 0.00272254 0.0565498 0.00148023 0.0146117 0.0103349 0.054216 0.291211 0.0574463 0.00232129 0.00154045 0.00678925 0.00540203 0.00402993 0.0629521 0.000737108 0.233888
10 Y 3.10002 0.00752765 0.044408 0.00167782 0.00665866 0.0161648 0.0151572 0.00750643 0.146434 0.420649 0.0483773 0.010847 0.00881508 0.0147296 0.0378171 0.0222278 0.0484051 0.0382288 0.0140839 0.0359263 0.0543593
11 A 3.2288 0.0459765 0.0181554 0.0112598 6.48475e-05 0.227272 0.0094205 0.00124268 0.0393793 0.0285031 0.28102 0.0265592 0.00736532 0.0154169 0.00465996 0.00918099 0.032444 0.134228 0.0195111 0.0461728 0.042167
12 F 2.79045 0.039906 0.0582808 0.000917843 0.0054966 0.0393762 0.481958 0.00194812 0.0897713 0.0110084 0.0449712 0.0237103 0.00729879 0.00082757 0.0352767 0.00291052 0.101537 0.00448849 0.0201797 0.00033455 0.0298022
13 V 2.86423 0.108987 0.0323657 0.0392092 0.477566 0.0299042 0.00402433 0.00498514 0.0877278 0.00256315 0.00537316 0.00567595 0.0217321 0.0200657 0.0399957 0.0125847 0.007571 0.00658799 0.0614587 0.00708917 0.024532
14 A 3.704 0.28186 0.0361078 0.0182577 0.12797 0.0603023 0.0142052 0.0365651 0.0270473 0.0319177 0.0261193 0.0763716 0.026371 0.052341 0.0270749 0.0173204 0.0208257 0.0283689 0.00915815 0.0424876 0.0393293
15 T 2.6853 0.0227826 0.254631 0.00256272 0.00592196 0.00439463 0.00537779 0.00194799 0.23836 0.00765412 0.00564005 0.0184542 0.0207774 0.293033 0.00646784 0.00175084 0.00652684 0.0767583 0.0167382 0.00744102 0.00278095
16 D 3.78444 0.0609089 0.0483145 0.214967 0.0222802 0.025992 0.0127376 0.0441135 0.0336662 0.0409335 0.00449049 0.0402886 0.00647782 0.00448105 0.0550724 0.0684085 0.0381759 0.0706326 0.148418 0.0274855 0.0321552
17 A 3.20404 0.295851 0.0187096 0.163865 0.00480778 0.0101287 0.00621479 0.0832238 0.0107868 0.02804 0.00495229 0.0246585 0.0154165 0.00571781 0.0553319 0.0130669 0.176431 0.0204834 0.00797676 0.0481826 0.00615499
18 D 3.38053 0.0150883 0.0194533 0.315775 0.0442278 0.00683739 0.13059 0.0203708 0.0111766 0.0116018 0.00590937 0.0473966 0.123578 0.0132173 0.00951084 0.0865442 0.0171851 0.00782448 0.0210744 0.0454373 0.0472019
19 T 2.49544 0.000123691 0.00256388 0.00328476 0.0327846 0.0105175 0.00733979 0.0110395 0.0353688 0.0763368 0.560407 0.00799854 0.0101336 0.000491716 0.018169 0.0725492 0.0118497 0.0342062 0.0840252 0.000146825 0.0206644
20 I 3.14481 0.0121942 0.00204815 0.0822036 0.0918292 0.007405 0.00663979 0.00812872 0.339936 0.00603442 0.099091 0.0323509 0.0324176 0.00739756 0.143761 0.00347697 0.0075515 0.00329416 0.0642846 0.004219 0.0457373
21 C 2.88331 0.021474 0.408968 0.0224407 0.00643654 0.0295828 0.00727126 0.00638257 0.00415347 0.00433114 0.0163489 0.0234256 0.0155062 0.0309063 0.00637996 0.0245283 0.0233455 0.0194315 0.0930363 0.227212 0.00883861
22 I 2.74441 0.0616516 0.00980005 0.0101332 0.0015136 0.0155122 0.000831699 0.0124386 0.298578 0.0154528 0.120945 0.00936281 0.00151577 0.000704381 0.00894742 0.00574405 0.00341634 0.0163606 0.0647069 0.0149889 0.327396
23 G 2.7081 0.0220476 0.0351637 0.0191073 0.0142501 0.00636534 0.545335 0.0464568 0.0121734 0.0098929 0.0312694 0.0180734 0.0126103 0.0919664 0.00782642 0.0202944 0.0653981 0.00284147 0.0171654 0.0147546 0.00700795
24 Y 3.36761 0.0219601 0.0477902 0.0143211 0.0297732 0.0918978 0.00278062 0.00364716 0.0183345 0.0613408 0.00722349 0.00393379 0.00500439 0.00553053 0.129615 0.00701738 0.00631035 0.0268521 0.125965 0.17842 0.212282
25 H 3.46933 0.149506 0.0129251 0.00348325 0.00740373 0.0101051 0.0161917 0.201547 0.152633 0.0794305 0.074529 0.00867941 0.0047542 0.0243619 0.0846776 0.0045073 0.0128798 0.0769565 0.0583215 0.0103493 0.00675803
26 A 1.64288 0.0666417 0.280073 0.00176059 0.00134749 0.00313916 0.000571869 0.00343189 0.00168653 0.00347772 0.00244591 0.00881605 0.00260764 0.000551121 0.000786472 0.00135164 0.0160263 0.00387979 0.59768 0.00180698 0.00191802
27 N 2.95195 0.0960812 0.00480999 0.0111338 0.00323737 0.210754 0.00851592 0.0387205 0.117183 0.0405282 0.00148041 0.00536789 0.351894 0.00453937 0.014902 0.00394893 0.0177784 0.010431 0.00644249 0.0378978 0.0143545
28 N 2.41399 0.00740778 0.00812868 0.0445406 0.00716278 0.0147399 0.0251988 0.0117069 0.00560396 0.0257407 0.0281262 0.00992407 0.632019 0.00953033 0.0172105 0.00795678 0.0482651 0.0282759 0.0174626 0.0280395 0.0229599
29 S 3.27012 0.169771 0.0498173 0.00786971 0.0108816 0.0172533 0.0195664 0.0116217 0.0225768 0.112723 0.013417 0.0156548 0.056762 0.00438867 0.0402669 0.00957093 0.344446 0.0220052 0.0185372 0.0190466 0.0338252
30 T 3.11668 0.0120403 0.00507044 0.0174227 0.0527266 0.00480422 0.0405289 0.0722559 0.0147094 0.0241513 0.0140176 0.0182591 0.0370402 0.0276558 0.0255052 0.0249159 0.0522711 0.429416 0.00211472 0.118063 0.00703155
31 D 3.36732 0.0170906 0.0254837 0.307748 0.0576228 0.00468308 0.0254917 0.0687574 0.0195191 0.126521 0.00773257 0.00344958 0.0682649 0.0128315 0.0426165 0.00525997 0.00598867 0.129881 0.00448602 0.0248399 0.0417321
32 T 3.20723 0.0142069 0.013171 0.00264633 0.123122 0.00715454 0.0260868 0.0284088 0.0117185 0.0355759 0.135386 0.0206772 0.0441301 0.0126935 0.02041 0.0889976 0.0294451 0.360873 0.0113558 0.00451603 0.00942394
33 V 2.67276 0.00723004 0.00482457 0.0178946 0.00982495 0.0107109 0.00150927 0.00525047 0.0946965 0.22123 0.344169 0.00983871 0.00779188 0.000879588 0.0131989 0.00644112 0.0156228 0.0108464 0.210302 0.00298891 0.00474919
34 D 2.92305 0.0083469 0.00750807 0.478424 0.0714113 0.00370307 0.0108675 0.03839 0.0147478 0.00336888 0.0292457 0.104839 0.0293137 0.00267692 0.0304866 0.0590311 0.00523927 0.0226007 0.0287289 0.016677 0.0343934
35 T 2.50621 0.0168854 0.00621636 0.007825 0.00841064 0.0358095 0.00468592 0.0500746 0.0416338 0.017371 0.0102921 0.0247312 0.0278418 0.00955146 0.10574 0.00573283 0.0231473 0.581676 0.00618934 0.00933072 0.00685474
36 I 3.49088 0.0245906 0.104918 0.00330635 0.00729641 0.120898 0.0498288 0.00313907 0.308011 0.0296757 0.0297004 0.0461987 0.0391434 0.0534848 0.011943 0.0195343 0.0188074 0.0387202 0.00706611 0.0184465 0.0652899
37 L 3.33557 0.0561448 0.159423 0.00732705 0.00474243 0.0901875 0.00818622 0.00178464 0.0170724 0.00354122 0.089037 0.0128868 0.0269073 0.0201389 0.0119578 0.080448 0.243095 0.139543 0.000987452 0.00601077 0.0205785
38 E 3.46341 0.0372079 0.00689201 0.0476558 0.286637 0.0130897 0.00916254 0.0258173 0.031539 0.0212002 0.00773606 0.00968308 0.12134 0.00254948 0.0254891 0.0430481 0.072842 0.0333254 0.0374974 0.153839 0.0134492
39 K 3.33031 0.0285673 0.064865 0.0131461 0.0339909 0.0137856 0.0155069 0.0678654 0.0112909 0.33242 0.00701928 0.0404038 0.0556437 0.0109103 0.0170332 0.186348 0.010334 0.0400863 0.009416 0.0129029 0.0284644
40 N 3.18875 0.0738623 0.0256977 0.0253658 0.022847 0.0101826 0.0482141 0.0367798 0.0151704 0.0448328 0.00806489 0.0149489 0.397412 0.00376698 0.0113733 0.144047 0.0254939 0.00406223 0.0563605 0.020106 0.0114131
41 V 3.46357 0.0179392 0.0218303 0.0211317 0.0248714 0.0142885 0.0182173 0.0158515 0.0889708 0.0223971 0.0344044 0.0486344 0.0864234 0.00703305 0.111112 0.00814648 0.00950938 0.057911 0.331901 0.0416984 0.0177283
42 A 3.34976 0.124901 0.0436069 0.0288425 0.000459753 0.0319126 0.00456679 0.0286918 0.00575102 0.0966526 0.0037888 0.0129806 0.0132137 0.0105691 0.019093 0.174751 0.000178197 0.0588826 0.266703 0.044085 0.0303707
43 V 3.69244 0.0134266 0.0365435 0.0317496 0.0378246 0.0331601 0.0267435 0.177906 0.0944051 0.0328833 0.000590797 0.0532616 0.0251366 0.0284298 0.0448676 0.0143267 0.00955615 0.0323182 0.231793 0.0380997 0.0369783
44 T 3.10792 0.014541 0.00608715 0.0845903 0.0366322 0.13121 0.0264754 0.028165 0.00863566 0.0295095 0.108144 0.035768 0.0015128 0.000473839 0.0079611 0.0117154 0.0355912 0.390363 0.00362282 0.0209928 0.0180088
45 H 3.15495 0.00290686 0.00355036 0.0120912 0.0306242 0.0700356 0.00481908 0.206439 0.006292 0.00541214 0.0261474 0.167358 0.0142524 0.00233753 0.0490071 0.0169097 0.266841 0.00485745 0.00266133 0.0650723 0.0423854
46 S 3.33648 0.0288627 0.0246104 0.00986804 0.012118 0.0646645 0.00532813 0.250904 0.0289191 0.106635 0.0252011 0.00927611 0.0603383 0.0193872 0.00749253 0.00427896 0.223051 0.0154785 0.0134206 0.0877708 0.00239402
47 V 3.59548 0.0203804 0.00930697 0.00184679 0.017095 0.0357368 0.0215622 0.00639954 0.133957 0.141389 0.0202118 0.139675 0.00433576 0.00990954 0.0742251 0.0720935 0.00398071 0.0148173 0.149193 0.0368891 0.086995
48 N 3.33328 0.0026641 0.00296258 0.0606802 0.0899331 0.0300755 0.00749109 0.0103777 0.0113418 0.0517743 0.00667838 0.013344 0.365425 0.0726685 0.0112784 0.0770331 0.0643827 0.0321995 0.0228451 0.0275614 0.0392833
49 L 2.88275 0.00798715 0.0230921 0.012814 0.0694133 0.0363041 0.0189629 0.0258403 0.061107 0.00904046 0.503092 0.0180648 0.0119733 0.0969014 0.01733 0.00413734 0.00737282 0.0170687 0.0178969 0.0250473 0.0165537
50 L 2.72349 0.00823617 0.0367395 0.386015 0.00944412 0.00633549 0.0332598 0.0157156 0.00492773 0.0117787 0.317889 0.0152247 0.00370844 0.0175105 0.0125451 0.0116 0.00963573 0.00847521 0.0354377 0.0196757 0.0358443
51 E 3.21847 0.276171 0.0229179 0.00626601 0.125597 0.0593392 0.0100307 0.0191161 0.0107314 0.0062083 0.145657 0.00716669 0.00210738 0.00115587 0.0102072 0.0586403 0.00926994 0.122842 0.0974402 0.00485491 0.00427949
52 D 3.48423 0.169437 0.0220444 0.148406 0.0277022 0.0016833 0.00845404 0.0458962 0.00845885 0.0320725 0.0437592 0.0483916 0.0714248 0.00678689 0.00907851 0.00371609 0.0635201 0.225091 0.0454321 0.00401072 0.0146347
53 S 2.86642 0.155237 0.00210684 0.00285965 0.419136 0.0351384 0.00607457 0.124361 0.00534916 0.0190355 0.00917783 0.0565038 0.00749675 0.00031255 0.00801623 0.00744505 0.0466644 0.0138858 0.0458412 0.0322555 0.00310223
54 H 3.08612 0.0145402 0.0103508 0.00463198 0.0281083 0.00744308 0.0047532 0.141678 0.0110872 0.0126764 0.0124684 0.00442958 0.00402065 0.0565294 0.119369 0.132791 0.0117443 0.0386676 0.0157618 0.0156009 0.353349
55 N 2.23801 0.00698347 0.0087089 0.00300294 0.0731066 0.575859 0.0170071 0.00945211 0.00280668 0.0112551 0.00123925 0.00669969 0.182156 0.00151448 0.015227 0.00674525 0.0226926 0.0195318 0.0057922 0.0267377 0.00348339
56 G 2.98069 0.0371825 0.00611789 0.00955682 0.0494886 0.014146 0.332122 0.025153 0.27882 0.0103002 0.0077286 0.0107543 0.0141035 0.00951076 0.0162261 0.00805484 0.00645962 0.105204 0.0243775 0.0175661 0.0171274
57 K 3.58652 0.0473369 0.0187001 0.00424044 0.00482443 0.0325262 0.0428769 0.111999 0.00581212 0.223824 0.0933411 0.0220271 0.0375183 0.00730715 0.0555252 0.136314 0.00295323 0.0105072 0.0900107 0.0398842 0.012471
58 L 2.95128 0.00581163 0.0526838 0.00531884 0.0497599 0.00470835 0.00803033 0.00713632 0.182576 0.0334254 0.423121 0.0132077 0.00403156 0.0391798 0.0355478 0.0321662 0.0106632 0.0104517 0.015764 0.00558814 0.0608287
59 C 3.17774 0.00767916 0.305725 0.00379326 0.111046 0.00519616 0.0318099 0.00693272 0.0483242 0.0118035 0.0282893 0.00963362 0.055256 0.00710638 0.0618703 0.00665476 0.00468532 0.0141507 0.0111678 0.0522685 0.216607
60 K 3.52168 0.0610246 0.000823715 0.00535161 0.0313735 0.0448864 0.00678552 0.0997025 0.00406274 0.113297 0.0174875 0.0160369 0.164561 0.000560231 0.0867479 0.0343913 0.129978 0.0229652 0.00594738 0.00416859 0.149849
61 L 2.75346 0.00690317 0.010103 0.0141803 0.0076558 0.023525 0.0136339 0.00647246 0.142375 0.0227184 0.312561 0.0153976 0.0150846 0.0155024 0.00541963 0.011642 0.0109053 0.00149696 0.334197 0.0122901 0.0179383
62 K 3.46243 0.0294424 0.00252603 0.1266 0.0058424 0.0256582 0.107562 0.13458 0.0021515 0.0811704 0.015761 0.0224369 0.0346063 0.00132146 0.156705 0.085158 0.0117564 0.00315414 0.00217906 0.00532935 0.14606
63 G 3.3783 0.0115822 0.019748 0.170846 0.0404091 0.0263652 0.298145 0.120783 0.00992721 0.0487512 0.0125805 0.028018 0.040744 0.00607955 0.0113707 0.0411694 0.0714559 0.00656928 0.0114361 0.0166511 0.00736963
64 I 3.17489 0.00346966 0.0520821 0.00241841 0.00393575 0.026068 0.0142357 0.0645729 0.0840342 0.17239 0.0929481 0.0652387 0.0285363 0.00156833 0.000727751 0.0121692 0.0214813 0.0294623 0.32032 0.00202097 0.00231953
65 A 3.69787 0.0814627 0.0134311 0.00539626 0.146551 0.0734986 0.0251316 0.0042979 0.00167821 0.0822047 0.0304203 0.156476 0.0716271 0.052565 0.134313 0.0152806 0.0420849 0.0201205 0.00890924 0.0143792 0.0201724
66 P 2.85533 0.148394 0.0307094 0.0121787 0.023179 0.0241232 0.043935 0.0261286 0.0104709 0.0374695 0.0129444 0.0540306 0.0127208 0.489119 0.0108119 0.00876732 0.00700176 0.00931243 0.00997573 0.0179805 0.0107482
67 L 3.12378 0.00670685 0.0121459 0.00752158 0.0113828 0.0133042 0.00834952 0.031982 0.0202587 0.0111431 0.397975 0.0463859 0.0128773 0.0364821 0.021183 0.0356551 0.0138637 0.0334451 0.151636 0.113064 0.0146369
68 Q 3.82736 0.0109245 0.00313273 0.198557 0.0302982 0.0347267 0.0475868 0.0130408 0.0389669 0.0107854 0.0810424 0.0115423 0.0229686 0.0180319 0.0907739 0.0238179 0.0966474 0.0590233 0.0504739 0.0762612 0.0813982
69 L 2.92766 0.00368095 0.00512323 0.0226123 0.0154467 0.0149151 0.0271376 0.00967913 0.0614416 0.00533733 0.382935 0.0275477 0.0282016 0.00449445 0.00500145 0.255542 0.0542445 0.0144206 0.0190193 0.0235885 0.0196321
70 G 3.59437 0.0226104 0.0121025 0.00982229 0.12345 0.0418039 0.18335 0.165186 0.00430891 0.0887517 0.0606425 0.034973 0.0255076 0.000806153 0.0778644 0.0367413 0.063695 0.0359874 0.00422607 0.0058067 0.00236429
71 K 2.98471 0.0486185 0.00363323 0.00783417 0.0121769 0.00223804 0.0550252 0.00231498 0.171315 0.0615807 0.0236148 0.071171 0.0167684 0.387291 0.0271892 0.00490297 0.0028096 0.0847682 0.00445543 0.00461702 0.00767621
72 C 2.7316 0.0219455 0.560615 0.0152909 0.00672924 0.0377506 0.0203762 0.0118296 0.00551879 0.0642867 0.010854 0.0427979 0.0198988 0.0137609 0.0281229 0.0106045 0.019751 0.00826644 0.0235478 0.0321931 0.0458607
73 N 3.38941 0.00261213 0.0206277 0.0842572 0.0540541 0.00699191 0.0518163 0.0355815 0.00556351 0.00654194 0.00660377 0.105802 0.159511 0.0124131 0.00762642 0.0300146 0.198609 0.18446 0.00698606 0.012805 0.00712281
74 I 3.0946 0.00946402 0.0349415 0.00125295 0.00204966 0.13063 0.00825328 0.0250443 0.200476 0.00541799 0.0969273 0.0163716 0.00934449 0.288611 0.0139247 0.00435653 0.0041027 0.0373465 0.0998153 0.00542885 0.00624074
75 T 3.67377 0.0178134 0.180655 0.00552705 0.0166626 0.010811 0.0253808 0.0255591 0.101525 0.0348274 0.108153 0.0120012 0.0235336 0.0657127 0.0263618 0.0396628 0.0621917 0.17974 0.0480315 0.00210506 0.0137456
76 G 2.82598 0.117548 0.0106656 0.0141321 0.0321602 0.00631062 0.495907 0.0115102 0.00894936 0.0867796 0.048015 0.0350413 0.00629148 0.00812635 0.00853351 0.00739609 0.0326514 0.0128932 0.0214034 0.0243652 0.0113215
77 W 3.01665 0.0085388 0.0721477 0.016147 0.0174288 0.0310984 0.0352241 0.0448405 0.0423272 0.00655511 0.0463092 0.0208502 0.0305913 0.00843243 0.0143353 0.010057 0.0179411 0.00369151 0.0444736 0.487093 0.0419177
78 L 2.81024 0.0251674 0.00563987 0.00649483 0.00864004 0.0440915 0.0362654 0.0117363 0.00630467 0.0149239 0.414623 0.188257 0.0185112 0.00991857 0.0138666 0.00677726 0.0180248 0.00430316 0.151369 0.00698105 0.00810468
79 L 2.98234 0.0152364 0.00964302 0.00437082 0.0287589 0.0207216 0.00205955 0.00746283 0.0502031 0.0060132 0.451893 0.0209511 0.106647 0.00723873 0.011139 0.0874112 0.00728412 0.057859 0.0499691 0.0373868 0.0177513
80 G 2.257 0.0543339 0.0143149 0.00402088 0.0146501 0.0200977 0.656771 0.0170749 0.00383501 0.0106317 0.00559526 0.0192515 0.00535751 0.0120528 0.0262128 0.00634664 0.0142125 0.00749472 0.040221 0.0409162 0.026609
81 N 3.10382 0.0377343 0.0318536 0.0388702 0.0288523 0.00631149 0.0160454 0.0473993 0.0281965 0.0432441 0.0432594 0.00692395 0.464926 0.00195794 0.00893134 0.02341 0.0791404 0.0345207 0.0311753 0.0163575 0.0108902
82 P 2.79584 0.0335145 0.00603089 0.0610606 0.0881061 0.0130518 0.032867 0.00643912 0.0189655 0.0566195 0.0112109 0.0542715 0.00987573 0.520868 0.00900976 0.02134 0.0145501 0.0154421 0.00583284 0.0124927 0.00845092
83 E 3.80061 0.166489 0.0245675 0.0174729 0.142861 0.0478416 0.0433611 0.0219888 0.0251114 0.00926739 0.046674 0.0713755 0.10573 0.00204793 0.0249742 0.0103342 0.0747011 0.0247048 0.0478987 0.00613845 0.0864605
84 C 2.87222 0.0177868 0.467729 0.00724153 0.0275015 0.0542929 0.00758438 0.00779304 0.00804559 0.0269423 0.00281665 0.0374617 0.0137725 0.00704313 0.0243667 0.138082 0.00390201 0.0180522 0.0871743 0.0334741 0.00893679
85 D 3.44519 0.0471203 0.0381576 0.297628 0.145565 0.0283193 0.0303033 0.0266763 0.00813421 0.00721568 0.0552989 0.00412762 0.0246591 0.00731098 0.054198 0.00897268 0.0281429 0.121785 0.00860591 0.0102911 0.0474892
86 S 3.3318 0.00625852 0.000944738 0.215002 0.237868 0.0217844 0.0301094 0.00526264 0.0031779 0.0115069 0.0768964 0.0238486 0.0307687 0.00568204 0.0208815 0.0771937 0.0349686 0.0429652 0.129204 9.74725e-05 0.0255784
87 L 3.15223 0.0265665 0.0226144 0.0516199 0.00674063 0.00407424 0.00648714 0.0724663 0.121315 0.00761217 0.405633 0.0234691 0.00933246 0.00559142 0.0511836 0.0391321 0.0263885 0.0717756 0.0320799 0.0085788 0.0073386
88 L 3.50987 0.0331107 0.0029477 0.00455406 0.0371613 0.0368584 0.0186445 0.0477755 0.18478 0.155603 0.234333 0.0332056 0.0134259 0.00934429 0.0277484 0.0118254 0.0382423 0.0355041 0.0149585 0.0467056 0.0132724
89 P 3.84673 0.0245791 0.000772108 0.0858375 0.00648069 0.00643672 0.0821607 0.0599112 0.0469013 0.0603939 0.140693 0.0646663 0.130001 0.0652897 0.00759837 0.0437023 0.0213074 0.0472612 0.0397022 0.000370422 0.0659346
90 A 3.80296 0.0771521 0.0344372 0.0180416 0.0731471 0.0538058 0.0415451 0.0345439 0.146444 0.190575 0.0950301 0.00149691 0.010579 0.01771 0.0361739 0.015162 0.0237563 0.0589354 0.0180047 0.0348549 0.0186036
91 R 3.83001 0.0299113 0.00585446 0.0293843 0.0235285 0.00323726 0.00770706 0.065958 0.0658686 0.00751457 0.130408 0.102784 0.0451211 0.0138159 0.0485034 0.149406 0.0288199 0.0394439 0.0904611 0.0213592 0.090914
92 S 3.49552 0.00656459 0.0140368 0.0133771 0.0584512 0.0856743 0.00326599 0.233503 0.0667866 0.0924655 0.0780504 0.00728247 0.0166321 0.0714791 0.137428 0.00545521 0.0800566 0.0100133 0.0081693 0.00220951 0.00909892
93 W 2.37215 0.0035328 0.415786 0.282618 0.0048923 0.0103342 0.0133669 0.00294778 0.00370084 0.0165583 0.00653488 0.0145984 0.0208769 0.00587061 0.00329251 0.00319168 0.00506938 0.00202382 0.00717177 0.166677 0.0109563
94 S 2.52074 0.0188347 0.0351456 0.0329315 0.0130099 0.0110249 0.2882 0.00344706 0.00513596 0.00728371 0.00782711 0.0140323 0.00767348 0.0152745 0.0510014 0.00593819 0.450137 0.00447866 0.0124824 0.012173 0.00396991
95 Y 2.21653 0.0249522 0.00832786 0.0198507 0.00727641 0.0128265 0.0357296 0.0265498 0.00370864 0.0110631 0.0142106 0.0121245 0.00404124 0.0072884 0.0752917 0.0122748 0.0199583 0.0295467 0.00516053 0.00960783 0.66021
96 I 2.98009 0.00660056 0.0896521 0.0041459 0.00644904 0.0065962 0.0111442 0.00976628 0.277565 0.011863 0.0526906 0.0284753 0.0121572 0.00698456 0.00439252 0.0156163 0.0665514 0.00648701 0.315418 0.0552539 0.0121921
97 V 2.52138 0.0329437 0.0219313 0.00543338 0.00727357 0.0034638 0.00883485 0.0078621 0.492921 0.00659338 0.0569149 0.0108411 0.0303579 0.00424358 0.0281036 0.00187631 0.00388276 0.0303065 0.227173 0.0115068 0.00753686
98 E 3.16353 0.010495 0.0177423 0.0316982 0.366991 0.148416 0.0034782 0.0141208 0.103221 0.0108918 0.0201308 0.0247417 0.0161728 0.00520984 0.0074147 0.00636048 0.058284 0.0464328 0.0870677 0.0117531 0.00937903
99 T 3.63813 0.0969225 0.0141621 0.264891 0.0325198 0.0139661 0.093553 0.0291589 0.00728862 0.0219482 0.0415919 0.00704081 0.0100252 0.0372381 0.0283495 0.0515453 0.0763269 0.0985277 0.0528228 0.00707777 0.0150437
100 P 3.75899 0.125597 0.00503747 0.038274 0.0613418 0.121488 0.0542886 0.0336616 0.146331 0.0497935 0.0446532 0.0264585 0.0363088 0.106129 0.00687309 0.0974119 0.00884945 0.0115677 0.00587227 0.00209272 0.0179706
101 N 3.21305 0.0213702 0.0152361 0.303803 0.00069558 0.0875487 0.23377 0.0133493 0.0156619 0.0177696 0.0714977 0.0118531 0.0511909 0.0059569 0.0314189 0.0295352 0.0373136 0.0165165 0.00434113 0.00223588 0.0289364
102 S 3.32754 0.035655 0.00525266 0.0084212 0.0407274 0.00654021 0.257957 0.0208531 0.0148076 0.00543545 0.00339958 0.0235095 0.0312582 0.150087 0.106107 0.0038696 0.162499 0.0715607 0.0208731 0.0306516 0.000534442
103 E 3.68769 0.0401504 0.00371941 0.00976994 0.190498 0.0167947 0.0707945 0.0294854 0.00248162 0.0438979 0.0379688 0.163999 0.00766561 0.105249 0.0176986 0.0234217 0.0681612 0.0344128 0.0568013 0.00529979 0.0717312
104 N 3.29411 0.0188098 0.0431956 0.00210009 0.196481 0.0579345 0.0102846 0.325727 0.00255834 0.012269 0.0263779 0.0147315 0.068288 0.00236797 0.0302389 0.0117411 0.0314891 0.020303 0.0538014 0.0461021 0.0251988
105 G 2.99419 0.0790633 0.0172454 0.0202355 0.022044 0.00356992 0.384512 0.0178837 0.010592 0.174646 0.0043051 0.048167 0.015807 0.0167298 0.00694783 0.011132 0.124483 0.00129011 0.0200024 0.0152165 0.00612758
106 A 2.97739 0.202941 0.0136128 0.00351172 0.140205 0.0572119 0.0141055 0.0114082 0.0168979 0.00420754 0.260916 0.00314493 0.00395169 0.180901 0.00343211 0.005522 0.0576403 0.00694554 0.0049308 0.00512127 0.00339209
107 C 2.32472 0.0178614 0.637066 0.00414359 0.0125331 0.0214794 0.00507104 0.0194465 0.014538 0.0165003 0.0129958 0.0635142 0.00805275 0.00951582 0.00693485 0.0130451 0.0293935 0.0206493 0.00803014 0.0690695 0.0101581
108 Y 2.6947 0.0314777 0.00847098 0.0078102 0.0211152 0.0546724 0.0512585 0.0195352 0.0337031 0.0166526 0.00614828 0.00818839 0.00718438 0.0113988 0.0146933 0.0188272 0.00351025 0.0289697 0.0752867 0.0246931 0.556404
109 P 2.05913 0.00587074 0.0125825 0.00584298 0.00507654 0.00758871 0.00850549 0.00903367 0.0040928 0.00692531 0.00466492 0.0179325 0.00497775 0.551497 0.00809383 0.00876205 0.0107193 0.00996862 0.28697 0.0245674 0.00632911
110 G 3.01564 0.0353508 0.0324511 0.0137029 0.0622355 0.0565092 0.489248 0.012644 0.00852372 0.0234049 0.0035712 0.0281605 0.015897 0.0261365 0.0129742 0.0227198 0.00390336 0.0269071 0.0217113 0.0548315 0.0491169
111 D 3.42473 0.291027 0.00713104 0.0718284 0.0245058 0.00212126 0.140093 0.00406425 0.0380551 0.00839026 0.0265245 0.0958626 0.0256492 0.0534077 0.0122625 0.0271878 0.0240701 0.0894136 0.00774842 0.00134885 0.0493089
112 L 2.55637 0.00197174 0.00654988 0.00704331 0.00147768 0.0398472 0.000263095 0.00162976 0.30088 0.000871027 0.0728915 0.302477 0.00449215 0.00222985 0.000898525 0.00162446 0.00556563 0.0471297 0.0195162 0.181642 0.00100045
113 I 2.96289 0.0177422 0.00283583 0.00400031 0.0093577 0.0012787 0.0133296 0.239725 0.0415444 0.0579359 0.0111371 0.0338986 0.0347817 0.000280578 0.253053 0.00410651 0.0236547 0.224924 0.00434831 0.00256245 0.0195042
114 D 3.6798 0.0846588 0.00977415 0.204962 0.0780197 0.0306943 0.0223198 0.147722 0.00169062 0.016653 0.0279479 0.0826485 0.0898617 0.0164228 0.0416541 0.0110359 0.0672536 0.0163754 0.00588787 0.0272532 0.0171646
115 Y 3.61469 0.0231945 0.00672116 0.00771419 0.0152639 0.00246565 0.0367955 0.0263693 0.0793945 0.0144677 0.140493 0.023648 0.0346525 0.0657035 0.108489 0.00683341 0.182413 0.0539895 0.00758919 0.0160686 0.147734
116 E 3.19761 0.0241144 0.00527364 0.0156428 0.176967 0.0205263 0.0792795 0.0093546 0.00193244 0.00872924 0.00673725 0.0205651 0.00159159 0.255599 0.206571 0.0095647 0.0650019 0.0147419 0.00462608 0.0371916 0.0359898
117 E 2.69204 0.0451388 0.00899614 0.0604266 0.548254 0.0167685 0.00517319 0.00840108 0.0226746 0.0888289 0.00800546 0.033883 0.0189606 0.0131834 0.0185435 0.00844905 0.0113723 0.0123081 0.0107296 0.0507382 0.00916472
118 L 2.5872 0.0040586 0.00974463 0.00909 0.0075546 0.0506394 0.0113759 0.0102575 0.0577055 0.0102223 0.57542 0.0535196 0.0106555 0.0141752 0.0547163 0.0130808 0.0070281 0.0161065 0.0449509 0.033148 0.00655031
119 R 3.25406 0.0119827 0.00922696 0.00788848 0.0176861 0.0601133 0.00667444 0.0184927 0.0710402 0.0115122 0.0233166 0.00714095 0.0352574 0.0198854 0.018413 0.40076 0.0246174 0.0889882 0.0330344 0.0473599 0.0866104
120 E 2.94943 0.0323683 0.0167925 0.0521313 0.401136 0.0190803 0.00695004 0.0150072 0.00755099 0.246472 0.00995129 0.0227925 0.0201588 0.00387556 0.0186236 0.0199545 0.0178159 0.0193045 0.012195 0.036639 0.021201
121 Q 3.09487 0.0225144 0.00739229 0.00561684 0.0119375 0.0136618 0.0070715 0.209078 0.00569844 0.0060367 0.0187702 0.0131327 0.0166156 0.00283909 0.301369 0.135151 0.04427 0.11988 0.0373103 0.0138173 0.00783725
122 L 2.82097 0.024506 0.00873835 0.0106438 0.0124316 0.039189 0.00371154 0.0306448 0.204941 0.0257857 0.455013 0.0319358 0.00737672 0.00519441 0.0318092 0.00965823 0.00715205 0.0156683 0.0503113 0.0165658 0.00872359
123 S 3.18827 0.00343699 0.0356065 0.00371309 0.0180431 0.186875 0.331232 0.0536028 0.0145054 0.0142418 0.00976317 0.0375392 0.106141 0.00310269 0.0187665 0.00994688 0.0806102 0.0104349 0.0389869 0.00371057 0.0197414
124 S 3.70296 0.098075 0.0148872 0.0374953 0.0197387 0.0626291 0.0689069 0.0595919 0.148198 0.00419708 0.0195912 0.00722386 0.00344804 0.00788387 0.0523934 0.0591761 0.176101 0.0220243 0.0238886 0.00631255 0.108238
125 V 2.98688 0.00718149 0.0857929 0.00308257 0.00669844 0.0458011 0.0286983 0.0160519 0.385223 0.00584521 0.00693662 0.0255711 0.0100529 0.00298699 0.00662918 0.00129962 0.0828001 0.045406 0.182104 0.0440872 0.00775115
126 S 3.50665 0.0234536 0.0141591 0.00791861 0.0835903 0.102277 0.00128884 0.00372969 0.00988136 0.0549711 0.147695 0.00967466 0.0270269 0.00398436 0.0380832 0.186613 0.0706001 0.165585 0.0247664 0.0090415 0.0156608
127 S 2.82405 0.0432077 0.0041296 0.164149 0.0536318 0.0153551 0.0437303 0.00176787 0.00121508 0.0150808 0.00785861 0.00667739 0.00298317 0.00201047 0.441834 0.04699 0.0917458 0.0214755 0.0183283 0.0038109 0.0140193
128 L 3.04442 0.360734 0.00443138 0.00123687 0.0010691 0.0200012 0.00540397 0.00699081 0.012916 0.0065692 0.0898233 0.119046 0.00142803 0.00209718 0.0438646 0.000755769 0.0184004 0.113587 0.0909892 0.0408429 0.0598125
129 E 3.19779 0.0148518 0.00633624 0.00777408 0.248841 0.00650634 0.0112724 0.0846496 0.0194696 0.00823488 0.0150626 0.266321 0.0175277 0.0388482 0.0106957 0.00921566 0.0671245 0.119885 0.0284013 0.00919763 0.00978502
130 R 2.95285 0.0144235 0.0299185 0.01968 0.0269539 0.016905 0.0134928 0.0541132 0.0446249 0.0383818 0.0192377 0.0341412 0.0149659 0.0291686 0.0173425 0.522839 0.00769873 0.0385214 0.0175986 0.0204202 0.0195723
131 F 3.22598 0.0157164 0.0119808 0.0218921 0.0415512 0.407518 0.0841122 0.0281823 0.0290618 0.0255583 0.0185309 0.0223463 0.0164998 0.00696656 0.0187304 0.00917813 0.00664695 0.0188561 0.123451 0.0436081 0.049613
132 E 3.15612 0.0294768 0.0517869 0.141759 0.414106 0.0155886 0.0116435 0.0132675 0.00964117 0.0219761 0.0152217 0.0322714 0.0136413 0.00925409 0.0473285 0.00992749 0.0809797 0.0216268 0.0184106 0.0294201 0.0126728
133 I 3.17178 0.0155617 0.0381092 0.022628 0.0101002 0.0120318 0.0190431 0.0162776 0.312564 0.0174319 0.0583218 0.269321 0.0178969 0.00848756 0.0108455 0.00803468 0.00627012 0.0186753 0.0619368 0.0375552 0.0389075
134 F 2.55318 0.0127377 0.018767 0.0177712 0.0233532 0.447316 0.00648957 0.0137634 0.0259472 0.0168803 0.00769364 0.01996 0.0116671 0.00467846 0.0153839 0.00951502 0.00837995 0.00661644 0.0128377 0.0182623 0.30198
135 P 3.40167 0.0155804 0.0180286 0.0236089 0.0323626 0.0038972 0.0202399 0.011078 0.0188422 0.298355 0.0029835 0.00664223 0.0553572 0.11945 0.0920454 0.104045 0.0962492 0.00815852 0.0478235 0.00495633 0.0202965
136 K 3.65481 0.00822141 0.00641184 0.0284153 0.0276969 0.0825729 0.0474568 0.0133846 0.0131978 0.102022 0.113699 0.0162642 0.00765241 0.0150147 0.0242464 0.0494665 0.0485225 0.0519895 0.151566 0.000902331 0.191297
137 E 3.40109 0.0732901 0.00392362 0.213973 0.0972049 0.0372654 0.0263901 0.0208022 0.019554 0.000867402 0.037618 0.116561 0.21393 0.00767604 0.0161963 0.00368273 0.0603743 0.00890329 0.0105968 0.00265144 0.0285391
138 S 3.47785 0.0239461 0.000125522 0.0174172 0.0466719 0.0436428 0.25677 0.0106276 0.127817 0.0213191 0.0401391 0.166671 0.0144413 0.0159439 0.0359917 0.0126517 0.0663033 0.00964367 0.0700216 0.016481 0.00337379
139 S 3.58415 0.062634 0.0250345 0.0165975 0.0100456 0.0607589 0.0641722 0.00253663 0.0124409 0.0131383 0.013491 0.0723907 0.00150402 0.000714397 0.101675 0.0149667 0.112073 0.229679 0.0694732 0.0965239 0.0201497
140 W 2.67056 0.0107968 0.0286861 0.00383709 0.00512362 0.29659 0.00678508 0.0198739 0.0116456 0.0024617 0.0452052 0.0284866 0.0030795 0.00421689 0.00273494 0.00321841 0.00426163 0.00470314 0.047275 0.36682 0.104199
141 P 3.48997 0.0198918 0.00634109 0.0118354 0.0600224 0.00688248 0.085457 0.00222304 0.0346475 0.0305858 0.0831633 0.014778 0.0544862 0.141782 0.286605 0.0517328 0.0494087 0.00909793 0.0228078 0.00435377 0.0238988
142 N 2.23132 0.00393621 0.00701695 0.0132375 0.0449542 0.0129556 0.00671923 0.0286896 0.00323448 0.0134201 0.016892 0.0121139 0.665569 0.00694561 0.0120039 0.0340981 0.013316 0.0191721 0.014834 0.0466104 0.0242804
143 H 2.96636 0.022803 0.00328622 0.00618521 0.0070285 0.0134412 0.00386844 0.180558 0.0215364 0.00840393 0.0246163 0.0156916 0.0320099 0.00189565 0.0221008 0.0186548 0.0288385 0.104754 0.043041 0.0269921 0.414294
144 T 3.08254 0.0106392 0.00730416 0.0681192 0.0360276 0.0130627 0.255955 0.00811063 0.00530091 0.029304 0.0406399 0.0254433 0.00374157 0.0108068 0.0371825 0.00823894 0.0912973 0.318473 0.00386701 0.0109463 0.0155397
145 F 3.17372 0.0266525 0.0198184 0.0359095 0.383226 0.116557 0.00883278 0.00963471 0.0330122 0.00412307 0.0104916 0.0375145 0.0673042 0.0117887 0.025661 0.00803893 0.0114316 0.0169554 0.0110301 0.140376 0.0216415
146 N 3.59833 0.0504778 0.00473675 0.0347231 0.0374852 0.120663 0.0596153 0.0300976 0.0133283 0.0121675 0.00788839 0.0219895 0.0640018 0.0111961 0.221389 0.0149613 0.0225858 0.0446742 0.0148103 0.0249551 0.188253
147 G 3.20002 0.0732157 0.00977715 0.00605987 0.0571881 0.00753044 0.418116 0.0680106 0.0125222 0.0265089 0.0316995 0.0168359 0.104184 0.0271387 0.0271703 0.0305061 0.0278865 0.0159732 0.0156692 0.0165585 0.00744963
148 V 3.47875 0.0158007 0.00354142 0.0017168 0.0207243 0.00758393 0.0165228 0.0491785 0.0998941 0.0131013 0.00767106 0.090285 0.0639406 0.00954616 0.0468841 0.203746 0.0426922 0.158603 0.13885 0.00369464 0.00602438
149 T 2.23907 0.00261889 0.0488312 0.00504266 0.0107423 0.00279108 0.00579207 0.0153121 0.00399721 0.0266747 0.00339654 0.0203038 0.0254737 0.0101345 0.00803654 0.0113104 0.601576 0.15985 0.00247333 0.0148819 0.0207609
150 V 2.88811 0.100454 0.000593401 0.0013695 0.0146162 0.269764 0.00411147 0.000895195 0.0139172 0.0127769 0.0506712 0.00789978 0.0205502 0.00264848 0.102778 0.00956382 0.0481182 0.00627926 0.0222105 0.309281 0.0015001
151 S 2.89717 0.335122 0.0166975 0.00691863 0.01569 0.0139487 0.0211873 0.0132597 0.00616835 0.0281729 0.194365 0.00848836 0.0146988 0.00585072 0.00337835 0.00393603 0.191594 0.0971329 0.00159931 0.00856581 0.0132262
152 C 3.00519 0.0148946 0.450781 0.0174486 0.0138201 0.0281621 0.0603722 0.00925999 0.00607873 0.00917185 0.0192215 0.0100075 0.0104369 0.00697004 0.0356816 0.0232595 0.12846 0.0286668 0.00502719 0.0557549 0.0665248
153 S 3.18894 0.0611004 0.000634648 0.0289687 0.00829987 0.00180853 0.126158 0.00794317 0.208797 0.00875044 0.0120395 0.00418067 0.27573 0.0230494 0.0918933 0.0155139 0.0281387 0.0691988 0.0140891 0.0110885 0.00261758
154 H 3.40155 0.28066 0.109984 0.0678251 0.00542501 0.00416642 0.00239254 0.0676059 0.0449201 0.011096 0.0106463 0.0110357 0.00844962 0.0127105 0.018289 0.00738377 0.0635609 0.151911 0.0153665 0.0649338 0.0416387
155 R 3.20361 0.0807325 0.00210201 0.0012922 0.0195082 0.0313646 0.00947588 0.189646 0.00648067 0.0226911 0.0328787 0.0287266 0.00230559 0.00343921 0.110668 0.0527982 0.0147098 0.0577532 0.00861547 0.0124502 0.312361
156 G 3.19207 0.222428 0.00370038 0.0829247 0.00196047 0.00133505 0.0491036 0.00783536 0.00165674 0.201882 0.00134971 0.110067 0.085287 0.000422767 0.0501434 0.0271259 0.121219 0.019589 0.00460936 0.0059242 0.00143547
157 K 3.66734 0.0104832 0.0280106 0.00599743 0.0659327 0.0129785 0.0171006 0.0149248 0.11235 0.110952 0.0295011 0.215159 0.00536521 0.0217911 0.0275999 0.0710088 0.0991166 0.0350917 0.0856835 0.028628 0.0023255
158 S 3.27909 0.0647027 0.00585489 0.0100943 0.00721594 0.00171908 0.00495353 0.0152169 0.0274821 0.0871027 0.0140124 0.0656803 0.00669852 0.108653 0.032674 0.0257748 0.0804067 0.364729 0.0241133 0.0304636 0.0224516
159 S 2.95119 0.0165017 0.0246199 0.0792146 0.0145181 0.0212415 0.431911 0.0135305 0.00555078 0.0264577 0.00664555 0.00936165 0.0313146 0.00502314 0.094826 0.0132191 0.151085 0.0341241 0.00561976 0.00679192 0.00844354
160 F 2.57501 0.0108182 0.0281331 0.0120128 0.0118199 0.579752 0.0054818 0.0517198 0.00557779 0.0127106 0.0130591 0.054308 0.0202531 0.0118112 0.013933 0.00715469 0.0122052 0.0200076 0.0319301 0.0127382 0.0845732
161 Y 3.12583 0.0122883 0.00823347 0.018434 0.12575 0.133756 0.01018 0.0163067 0.0368856 0.00686333 0.014346 0.0164591 0.0342304 0.0125665 0.00339007 0.00213468 0.0258831 0.027117 0.0200151 0.0998121 0.375349
162 R 3.03877 0.0262193 0.0472759 0.0106656 0.0344759 0.011563 0.0119155 0.0648412 0.0126868 0.0151799 0.00324219 0.0119343 0.00656856 0.00884948 0.0430489 0.466325 0.0853173 0.0618371 0.0235763 0.0184885 0.0359895
163 N 2.62821 0.00405411 0.0449203 0.0232272 0.00820969 0.0102482 0.00994555 0.11055 0.00439795 0.0124849 0.00179287 0.0102004 0.531606 0.0200211 0.029987 0.00533606 0.0733161 0.0700063 0.00570674 0.0140904 0.00989849
164 L 2.64344 0.00817025 0.0359293 0.0156744 0.00610949 0.127873 0.027387 0.00569014 0.0171833 0.0193065 0.543986 0.0263373 0.020504 0.0150616 0.0145879 0.00864511 0.0583539 0.00508303 0.00676603 0.0300907 0.00726104
165 L 2.95577 0.112471 0.0109682 0.0258511 0.00845071 0.421597 0.0249524 0.0263269 0.0511833 0.0491548 0.1595 0.0187462 0.0155286 0.00160659 0.0115724 0.00290607 0.0183023 0.0125444 0.0171884 0.0068925 0.00425794
166 W 2.72853 0.00596315 0.0475623 0.020046 0.0155543 0.00731727 0.0220366 0.005159 0.0213805 0.00887523 0.0213488 0.0619418 0.00555483 0.0143469 0.0147257 0.184263 0.0180209 0.0146609 0.0111181 0.489196 0.0109284
167 L 2.27425 0.0104387 0.0507741 0.00445994 0.00650431 0.00242593 0.00445787 0.00869958 0.0381574 0.00268567 0.29023 0.00332175 0.00432223 0.0175212 0.00463423 0.0102361 0.00402561 0.016042 0.491442 0.00532648 0.0242942
168 T 3.34777 0.0024451 0.0172832 0.0145775 0.0224694 0.0121489 0.0784565 0.0219708 0.0718816 0.0169072 0.0149366 0.0550284 0.0113386 0.00404556 0.152942 0.0346127 0.0293174 0.340553 0.0177608 0.0228765 0.0584485
169 K 3.41005 0.0256872 0.00671733 0.000962314 0.232536 0.00120326 0.0253028 0.0227711 0.0404734 0.0732247 0.0248953 0.0690258 0.000928141 0.00282414 0.171149 0.0698143 0.0456617 0.119631 0.0631435 0.00282807 0.00122009
170 K 3.76513 0.094287 0.0274413 0.119442 0.117398 0.0261467 0.0500207 0.0239852 0.0155099 0.190243 0.0118579 0.0189773 0.0549855 0.00812695 0.0315231 0.0882058 0.021558 0.0100449 0.0188682 0.00868765 0.0626915
171 G 2.88844 0.00951315 0.00023428 0.0340267 0.0230395 0.00957417 0.0432723 0.0163203 0.012136 0.00777211 0.01889 0.124335 0.231337 0.00464894 0.363013 0.0031786 0.0097448 0.0676678 0.00578021 0.0109612 0.00455506
172 D 3.14084 0.0230669 0.00447422 0.066826 0.297741 0.00908346 0.00757334 0.00986097 0.191042 0.00169212 0.00884736 0.048479 0.0286515 0.0964153 0.00924078 0.00234015 0.0167113 0.133745 0.0374954 0.00358496 0.00312903
173 S 2.96822 0.0507235 0.000688046 0.316626 0.261801 0.0193765 0.00235494 0.00471003 0.0356689 0.0028795 0.0255883 0.0227482 0.0071359 0.00153025 0.0035705 0.0273644 0.0431794 0.0784705 0.00386232 0.00351712 0.088205
174 Y 2.64955 0.00909592 0.0144986 0.0244691 0.0239088 0.106421 0.0105083 0.0359469 0.0153743 0.0118867 0.0158962 0.058691 0.00974041 0.00403033 0.0173629 0.00546732 0.00849355 0.0261914 0.00912497 0.0384996 0.554393
175 P 3.24987 0.13221 0.00257804 0.00296518 0.206155 0.0016943 0.00922892 0.0197829 0.0604954 0.230437 0.00461315 0.101605 0.0245134 0.0272325 0.000175219 0.0440442 0.0186321 0.00365837 0.0146853 0.0896614 0.00563314
176 K 3.88633 0.0274577 0.00318683 0.0550383 0.00482335 0.0647824 0.0170675 0.04925 0.15232 0.0908235 0.0998854 0.00845878 0.0212562 0.0196386 0.0876536 0.00919119 0.0938714 0.0326077 0.0436862 0.0546973 0.0643045
177 L 2.92494 0.120775 0.0221099 0.00430447 0.0145444 0.0754254 0.00519783 0.0157421 0.048846 0.0022572 0.143053 0.000507603 0.00210914 0.0015794 0.00519192 0.0141186 0.0323338 0.0615078 0.400056 0.00160868 0.0287323
178 T 3.62915 0.174491 0.0355106 0.00462628 0.0360758 0.00940592 0.0431869 0.00432056 0.0615065 0.0314896 0.0897518 0.0272289 0.0101421 0.00368942 0.00481864 0.0240625 0.143429 0.0870138 0.152782 0.0462598 0.0102091
179 N 3.37936 0.197897 0.0134448 0.0012816 0.00195813 0.00743789 0.00991445 0.00666208 0.0687712 0.00758226 0.0187995 0.0902927 0.0631362 0.026642 0.120986 0.0328693 0.184958 0.00663198 0.124193 0.000896072 0.0156462
180 S 3.76288 0.0272195 0.0143306 0.0141464 0.0180458 0.11012 0.0468404 0.00594671 0.0728833 0.00119776 0.0486867 0.0287219 0.0970469 0.0102049 0.0126577 0.0211143 0.108964 0.0324838 0.128573 0.158909 0.0419059
181 Y 2.53506 0.0202108 0.00847721 0.0526175 0.0148623 0.100168 0.00481804 0.0335854 0.0208915 0.00923038 0.0120677 0.0266951 0.0152049 0.0073214 0.00947184 0.0067507 0.00986576 0.00272921 0.0182829 0.0486007 0.578148
182 V 3.51055 0.0368341 0.157281 0.00132278 0.0133181 0.0143439 0.0128814 0.00639239 0.0778032 0.0200839 0.0184941 0.118658 0.0685388 0.015258 0.0123477 0.0251554 0.0160021 0.0624088 0.0574998 0.252537 0.0128405
183 N 2.44685 0.00702855 0.314084 0.0194167 0.0319785 0.01937 0.00321356 0.0127501 0.00590631 0.0227618 0.00313885 0.0184373 0.450374 0.00957033 0.0114723 0.00472302 0.00455701 0.00846015 0.00859811 0.0291326 0.0150267
184 N 3.35974 0.00579042 0.00153681 0.00607131 0.0318483 0.00266533 0.00207536 0.0312846 0.0100449 0.192983 0.0115504 0.0766842 0.0308143 0.00235966 0.201539 0.0366421 0.0791585 0.0126053 0.0940922 0.0163661 0.153888
185 K 3.42482 0.113328 0.00199269 0.00257535 0.0436186 0.294037 0.0339659 0.0122341 0.0369587 0.101478 0.063207 0.0731251 0.034022 0.000905834 0.0318362 0.021866 0.00934042 0.0172715 0.0959142 0.00292514 0.00939709
186 G 2.99672 0.00151196 0.00336542 0.0769829 0.0138747 0.00134509 0.0977219 0.0430314 0.00364119 0.25884 0.0137421 0.0519168 0.00107518 0.00402801 0.0086954 0.0161823 0.124181 0.26198 0.0100639 0.00420811 0.00361364
