# POSITION WT SITE_ENTROPY PI_A PI_C PI_D PI_E PI_F PI_G PI_H PI_I PI_K PI_L PI_M PI_N PI_P PI_Q PI_R PI_S PI_T PI_V PI_W PI_Y
2 K 3.94502 0.134309 0.0901062 0.00447662 0.0258456 0.0189461 0.013786 0.0174425 0.0436834 0.0754428 0.11916 0.0329565 0.0379614 0.0201625 0.0474091 0.0476306 0.0414619 0.112916 0.0405272 0.0105839 0.0651935
3 A 3.62637 0.103031 0.0100109 0.00356276 0.0118228 0.107836 0.00383329 0.0100272 0.0113222 0.00594611 0.0182231 0.0496025 0.216042 0.0180688 0.0643576 0.0166981 0.111897 0.026306 0.0706427 0.0690133 0.0717567
4 K 3.84128 0.0192739 0.133371 0.00789808 0.0080936 0.0179068 0.0418194 0.0126097 0.117887 0.0954435 0.0223938 0.0481098 0.0187126 0.100202 0.0148162 0.0768396 0.0516687 0.116011 0.065055 0.0237265 0.00816096
5 L 3.12364 0.261746 0.00306264 0.0257729 0.0118084 0.15898 0.00643101 0.0108181 0.130289 0.00698428 0.168604 0.0159753 0.0163541 0.00771369 0.00824329 0.0168056 0.00953538 0.00152267 0.00314868 0.0177528 0.118453
6 L 3.328 0.0518172 0.0137554 0.0107881 0.00865173 0.181198 0.0139443 0.00363172 0.0785434 0.0275837 0.224372 0.0477171 0.00441992 0.00257932 0.0173451 0.00593946 0.2043 0.037582 0.0240018 0.0124476 0.0293827
7 V 3.28476 0.0647888 0.0853151 0.00390675 0.0376416 0.00645688 0.0121342 0.0138788 0.00190487 0.00221542 0.279035 0.0034683 0.0299292 0.00432511 0.0545066 0.0198236 0.00471888 0.0711264 0.194462 0.0240411 0.0863213
8 L 3.10767 0.0982194 0.0548092 0.00264243 0.0165145 0.0523953 0.0234586 0.00130791 0.0897497 0.00284867 0.422487 0.020907 0.00311186 0.0152761 0.0261949 0.0600439 0.0194068 0.030019 0.0146241 0.00926509 0.0367183
9 L 3.05386 0.0125068 0.0302735 0.0124984 0.0055001 0.0571961 0.00438722 0.00174634 0.0738907 0.00575532 0.214709 0.166214 0.0124812 0.0155139 0.00393719 0.0352028 0.00492908 0.00518299 0.0167117 0.300292 0.0210703
10 Y 3.36254 0.235099 0.144069 0.0124727 0.0013907 0.00179496 0.00298193 0.0238025 0.0770311 0.0109005 0.0186636 0.0365791 0.0338027 0.00441243 0.012228 0.0299231 0.158562 0.024776 0.0427294 0.00148767 0.127293
11 A 3.51423 0.0897644 0.0127911 0.00261421 0.00421115 0.0716523 0.0170876 0.0109092 0.193995 0.00751481 0.0313831 0.046312 0.0189223 0.0493909 0.00409334 0.0157926 0.0608853 0.0196402 0.190681 0.137024 0.0153351
12 F 3.03937 0.0215972 0.31337 0.00062698 0.00278971 0.070677 0.00347777 0.0225757 0.00309507 0.0124487 0.210733 0.116374 0.000681992 0.0279997 0.00590801 0.0548333 0.0918172 0.00776443 0.00718207 0.0203343 0.00571392
13 V 3.48492 0.133767 0.0219124 0.020571 0.0135863 0.0822899 0.00481068 0.0731773 0.00904677 0.00429285 0.0134188 0.0316932 0.0166775 0.0207024 0.0813518 0.0718978 0.0304384 0.0139719 0.296873 0.0138859 0.0456355
14 A 3.66769 0.180533 0.199608 0.00610781 0.0430976 0.023023 0.00804709 0.0389298 0.0265997 0.0384198 0.0259212 0.0257004 0.149426 0.0183614 0.0279961 0.0126356 0.0520282 0.0531667 0.0189616 0.0352566 0.0161793
15 T 2.99416 0.106199 0.0367731 0.0104017 0.00944121 0.00470284 0.0071468 0.00468808 0.399227 0.00905432 0.0102015 0.0126842 0.017581 0.0171775 0.00754249 0.00451567 0.0523224 0.173706 0.0631413 0.0206596 0.0328343
16 D 3.2384 0.208563 0.00753433 0.0557094 0.0923549 0.00286565 0.00800838 0.100283 0.00575034 0.226933 0.000832019 0.0263103 0.00151413 0.000783593 0.00372352 0.0857732 0.101923 0.00377354 0.00796636 0.0221373 0.0372622
17 A 2.89319 0.434858 0.0168139 0.0141541 0.0149458 0.0152018 0.216161 0.0156303 0.011724 0.0705995 0.0273686 0.0187028 0.0139821 0.0191285 0.0303915 0.00855516 0.0107256 0.0126923 0.0130498 0.0276032 0.00771246
18 D 2.41085 0.0204156 0.0297132 0.625974 0.0263244 0.0165355 0.00516008 0.0215451 0.00671048 0.0105218 0.0124302 0.00848839 0.0153288 0.0156638 0.0593967 0.0299996 0.00766408 0.0119831 0.00640619 0.0129604 0.0567789
19 T 3.55218 0.00134508 0.000937646 0.00368336 0.0816895 0.0110485 0.00372943 0.0330888 0.0206 0.02587 0.043765 0.0566709 0.233293 0.00202828 0.10647 0.0552752 0.0464338 0.109989 0.0686464 0.00508725 0.0903502
20 I 2.83041 0.0162462 0.00462322 0.00477453 0.0143968 0.0263697 0.00372425 0.00319811 0.47624 0.0736235 0.115755 0.0890768 0.0129354 0.0104998 0.0356531 0.0153316 0.0508246 0.0041636 0.0124962 0.00734182 0.0227267
21 C 2.26654 0.00875581 0.64718 0.0157322 0.00791341 0.00762442 0.0015833 0.0226262 0.00554764 0.0804597 0.0137863 0.0390319 0.0087717 0.0164795 0.0259473 0.00719069 0.0143606 0.00787326 0.0357556 0.0187223 0.014658
22 I 2.54659 0.00696151 0.0183006 0.00175164 0.0243574 0.0247592 0.00777937 0.0337051 0.432259 0.0266029 0.30563 0.0140113 0.00497545 0.00321493 0.00843913 0.01847 0.0246887 0.0298118 0.00602656 0.00359695 0.00465788
23 G 2.3873 0.0406502 0.0151673 0.0277045 0.0127484 0.00538326 0.633089 0.00564139 0.0150101 0.00598213 0.00977197 0.014336 0.0223547 0.0571133 0.0175274 0.0124616 0.00294877 0.0122887 0.0244232 0.0325761 0.0328226
24 Y 2.50899 0.00363567 0.0190957 0.0100863 0.00669139 0.0440215 0.00278212 0.0129367 0.0135814 0.0117749 0.00901317 0.0762607 0.00715621 0.0019186 0.122454 0.0161369 0.00987387 0.00921791 0.0608067 0.00993585 0.552621
25 H 2.91772 0.0202151 0.0222745 0.00516997 0.00247991 0.00218489 0.00595821 0.267725 0.00891787 0.00645405 0.289462 0.0542288 0.00237639 0.00483861 0.0204253 0.00339212 0.113719 0.121461 0.0322478 0.00302977 0.0134404
26 A 2.72172 0.501338 0.0120366 0.00447944 0.00560652 0.00706898 0.0072248 0.0140222 0.0157401 0.0136859 0.00329726 0.0395614 0.0874813 0.0172178 0.0478993 0.00664835 0.127935 0.0537421 0.00686218 0.00711668 0.0210358
27 N 2.31966 0.0147548 0.00910666 0.0136834 0.0122898 0.0152547 0.0109374 0.0113071 0.00696948 0.12132 0.0285149 0.0156201 0.624222 0.0219119 0.00496638 0.0201823 0.0137622 0.0202736 0.00319536 0.0109131 0.020815
28 N 2.45322 0.0157372 0.0128763 0.298875 0.02082 0.0222996 0.0454184 0.011598 0.00251877 0.0160794 0.00675404 0.0155707 0.457468 0.00155701 0.0171378 0.00634833 0.00233747 0.00928624 0.00197516 0.0122763 0.0230654
29 S 2.69376 0.152082 0.0259078 0.00308206 0.00402722 0.00678302 0.0314052 0.0206028 0.00228092 0.0330762 0.00479132 0.0114152 0.0294892 0.00203255 0.0207096 0.0146575 0.491921 0.0947895 0.0380544 0.00533211 0.00756087
30 T 2.38945 0.00168016 0.00275634 0.00249133 0.014728 0.015153 0.0077193 0.00721571 0.0109299 0.0126072 0.0132464 0.0169625 0.356111 0.0324201 0.0155249 0.00474271 0.0656793 0.406687 0.00378942 0.00710202 0.00245352
31 D 2.87285 0.0280199 0.00179282 0.337757 0.130785 0.0342303 0.022382 0.140798 0.00630842 0.00516885 0.00214948 0.00463995 0.0287385 0.00253238 0.00358993 0.00209266 0.00621908 0.00544196 0.202392 0.0119502 0.0230114
32 T 2.96976 0.0608425 0.039794 0.00563946 0.0133654 0.00643404 0.00148867 0.0168123 0.00417211 0.0117367 0.0634297 0.0213876 0.0101035 0.0287058 0.0284022 0.024934 0.106269 0.469512 0.0393772 0.0387183 0.00887466
33 V 2.46777 0.0312425 0.0315811 0.0179011 0.0080519 0.00432666 0.0127673 0.00257721 0.260843 0.00570737 0.0220114 0.015452 0.00167462 0.00382789 0.00409976 0.00330701 0.0917008 0.00244611 0.457759 0.00271562 0.0200075
34 D 2.56053 0.00500993 0.00387003 0.550457 0.0241039 0.0277247 0.020994 0.00165554 0.0159033 0.016578 0.0225184 0.00623802 0.0237609 0.128787 0.00333182 0.00368349 0.00629668 0.0517704 0.05345 0.00715851 0.0267081
35 T 2.3744 0.0476391 0.00662332 0.0179346 0.0141324 0.00715565 0.0201908 0.0146193 0.0131631 0.00455054 0.0192855 0.0424843 0.0589156 0.00946657 0.0153694 0.00822271 0.00561614 0.629197 0.00999296 0.0097977 0.0456443
36 I 2.45762 0.0299564 0.0345515 0.00187566 0.00364973 0.00310692 0.0035967 0.00189723 0.223785 0.00347359 0.0119462 0.462066 0.00251087 0.0249899 0.0158882 0.00659 0.0226762 0.132767 0.00118467 0.00707078 0.00641863
37 L 2.8794 0.0194733 0.0139911 0.00122043 0.0104721 0.0154539 0.00126455 0.00459169 0.0132927 0.00644906 0.127903 0.00263203 0.00598304 0.00903663 0.057276 0.0592535 0.130907 0.423175 0.00252773 0.0377998 0.0572966
38 E 2.81291 0.0341722 0.00863289 0.0202709 0.501733 0.008109 0.0858379 0.0301998 0.0296103 0.0084405 0.00286239 0.00898027 0.0203032 0.00330036 0.0748355 0.0789989 0.0434592 0.00616903 0.00583536 0.0097975 0.0184528
39 K 1.73579 0.00221494 0.00312939 0.00477621 0.019586 0.00340575 0.00257056 0.0101458 0.00428989 0.148645 0.00648447 0.0114374 0.0144035 0.0210535 0.00374169 0.704937 0.00629242 0.0100289 0.00577833 0.0122863 0.00479224
40 N 2.96174 0.0212613 0.0157887 0.0278186 0.0864298 0.0113984 0.0944793 0.0171186 0.00835486 0.0692685 0.00729219 0.0464642 0.469158 0.00383819 0.0368806 0.0130636 0.0230202 0.00628719 0.00530779 0.0223998 0.0143699
41 V 2.87663 0.00757557 0.0133734 0.00732807 0.0173818 0.0385569 0.0182719 0.00755642 0.349738 0.020769 0.0145321 0.0487551 0.00765863 0.0036214 0.0272158 0.0145584 0.00351297 0.0168595 0.305985 0.063612 0.0131375
42 A 3.25517 0.082368 0.21792 0.00941976 0.0010111 0.22276 0.106223 0.00813362 0.010511 0.051388 0.00684761 0.0053142 0.00585293 0.0766054 0.00386296 0.00640472 7.19016e-05 0.0129345 0.105874 0.0493967 0.0171017
43 V 3.56139 0.0265752 0.0282615 0.0339161 0.0353622 0.0158598 0.0434102 0.0421472 0.0179571 0.0751618 0.000354531 0.082192 0.0348138 0.0147092 0.0433679 0.0209211 0.0135487 0.0373286 0.34039 0.0361166 0.0576068
44 T 1.97619 0.00760166 0.00901967 0.0755549 0.0145779 0.00847323 0.00774675 0.0152089 0.0139866 0.015307 0.0068027 0.0165752 0.00529573 0.000631319 0.0280128 0.00424306 0.0161902 0.704495 0.00629467 0.014042 0.0299409
45 H 3.13833 0.0449633 0.0228741 0.0359181 0.0347049 0.0314667 0.0155321 0.390134 0.00752405 0.00821009 0.0281176 0.0311026 0.0527323 0.00304545 0.0922417 0.00289515 0.154936 0.0129883 0.00323518 0.00745455 0.019924
46 S 2.93456 0.0117494 0.0155635 0.031856 0.0123087 0.143759 0.0115203 0.0213159 0.0086442 0.0160032 0.0784778 0.0135696 0.0625724 0.0143233 0.025423 0.00878375 0.455595 0.00930451 0.0057982 0.0476497 0.00578324
47 V 2.93751 0.0132012 0.0171116 0.00941802 0.00551973 0.190262 0.00192899 0.00771871 0.064079 0.0062237 0.0254318 0.005767 0.00228249 0.00400764 0.0501813 0.0276432 0.00507541 0.0144893 0.237293 0.0157294 0.296636
48 N 3.10707 0.00351474 0.0138519 0.0244268 0.128069 0.0383983 0.00370174 0.0059377 0.00374055 0.0300831 0.0110078 0.0426275 0.364803 0.0138745 0.0398366 0.00549115 0.154838 0.0464296 0.00425662 0.0602808 0.00482972
49 L 2.67834 0.00533873 0.00811494 0.0111298 0.00916139 0.0315405 0.00684559 0.00828562 0.0491225 0.0143831 0.560844 0.0132631 0.0183859 0.0788025 0.0289856 0.026471 0.0421068 0.0183942 0.0140339 0.00902814 0.0457631
50 L 2.11128 0.00400142 0.0212764 0.0203523 0.0238159 0.0244272 0.0266985 0.00807818 0.0131581 0.0454717 0.693435 0.0131762 0.00584356 0.00592893 0.00694781 0.0173443 0.00590667 0.0169526 0.0190349 0.0211979 0.00695243
51 E 2.90171 0.18324 0.0357144 0.0103041 0.193065 0.00192411 0.00134966 0.0111884 0.0273025 0.0157074 0.00538873 0.00717966 0.0183965 0.00246811 0.0183264 0.00487972 0.0111529 0.00554852 0.333684 0.0123084 0.10087
52 D 3.48329 0.0823725 0.0135903 0.231595 0.0227305 0.00968386 0.0988977 0.0164638 0.0555529 0.0224488 0.0127246 0.0141436 0.0915612 0.00975771 0.00356296 0.00333805 0.176632 0.0735442 0.0431377 0.00862075 0.00964232
53 S 3.39265 0.172326 0.0022405 0.0093607 0.0679471 0.0594701 0.233527 0.0125235 0.00397647 0.137667 0.0184598 0.00410769 0.0278046 0.00347123 0.0644011 0.0105445 0.0741606 0.0230385 0.0645758 0.00663966 0.00375813
54 H 2.84527 0.0423113 0.0177643 0.00651252 0.0080199 0.00319461 0.00360445 0.247284 0.0700251 0.00320536 0.0031089 0.194097 0.00152214 0.0228735 0.0217993 0.0011752 0.0189295 0.302265 0.012752 0.00885555 0.0107002
55 N 2.98076 0.00448591 0.0135931 0.0782138 0.00619375 0.0196377 0.0386319 0.00631828 0.0251118 0.0312904 0.0155249 0.0615109 0.456107 0.00297624 0.0213919 0.0109437 0.03586 0.119093 0.0361131 0.00965394 0.00734885
56 G 2.70463 0.00574158 0.0164066 0.0847524 0.0662199 0.0164841 0.51477 0.00830199 0.00646842 0.00877589 0.00550225 0.0136151 0.0642196 0.0120074 0.022629 0.10354 0.0161626 0.006263 0.00711158 0.0140542 0.00697416
57 K 3.09103 0.113311 0.00886198 0.0158859 0.00486265 0.31854 0.036695 0.00401918 0.0147043 0.239586 0.0268786 0.0698566 0.0390707 0.00449394 0.0126898 0.0312535 0.00609822 0.00278075 0.019818 0.0190196 0.0115743
58 L 2.68928 0.00996428 0.00788814 0.00994286 0.0475525 0.0155443 0.0122817 0.0527027 0.0476084 0.0148995 0.563341 0.0470198 0.00558882 0.0221421 0.0297739 0.0075947 0.026699 0.0121107 0.00530601 0.0462215 0.0158178
59 C 2.68284 0.0149875 0.481563 0.0266247 0.0228411 0.0302963 0.0136025 0.0156143 0.00922627 0.00202078 0.00696897 0.0720593 0.0337513 0.00916978 0.201461 0.0055882 0.00872871 0.00929362 0.011193 0.0164112 0.00859807
60 K 3.66111 0.0651294 0.0191745 0.0471902 0.0282638 0.0764378 0.00620566 0.0226555 0.0086968 0.136738 0.0591057 0.0417743 0.169848 0.00331381 0.00617938 0.176927 0.0404573 0.0290446 0.00387129 0.044286 0.0146999
61 L 2.83028 0.00980652 0.0148127 0.00117236 0.0157219 0.0146469 0.0129566 0.00552464 0.272329 0.00902385 0.331498 0.128371 0.0222585 0.0102466 0.00240297 0.0126372 0.00267397 0.00850983 0.0913134 0.00621846 0.0278746
62 K 2.48186 0.0314919 0.000620594 0.000476859 0.143988 0.00955703 0.0308553 0.220164 0.000699692 0.0611127 0.00670243 0.00307505 0.432607 0.000409667 0.00756739 0.0296722 0.00522076 0.000988872 0.000392168 0.00239945 0.0119989
63 G 2.77143 0.0101219 0.011154 0.0139428 0.0211211 0.0106941 0.465265 0.0456922 0.00639075 0.00919087 0.00375481 0.0160194 0.195517 0.0080408 0.0773399 0.0265921 0.0108108 0.020518 0.00878741 0.0149851 0.024062
64 I 2.79436 0.0137466 0.00493122 0.00545951 0.0149468 0.0395658 0.00440755 0.000855795 0.121229 0.00560464 0.0179948 0.0409054 0.0265997 0.00166257 0.244043 0.369945 0.00474006 0.0615171 0.0166533 0.00354081 0.00165192
65 A 3.64835 0.105075 0.0012909 0.00922336 0.108413 0.0156493 0.0747516 0.153368 0.00773725 0.02117 0.038833 0.0945158 0.143291 0.0518161 0.00887181 0.0742359 0.0184831 0.0567395 0.0115982 0.00212241 0.00281469
66 P 2.5345 0.0766586 0.0209788 0.0400177 0.0130091 0.00884974 0.0178018 0.0592431 0.0111096 0.0107461 0.00433219 0.0204894 0.0106438 0.587714 0.00308725 0.0104266 0.0126831 0.00552351 0.0262273 0.016295 0.0441637
67 L 3.10785 0.00600401 0.00734445 0.0167548 0.00741513 0.0438034 0.00266939 0.0658811 0.166692 0.0295185 0.397388 0.046319 0.034846 0.0103093 0.00999039 0.00316941 0.0253463 0.049735 0.0170911 0.0121665 0.0475559
68 Q 3.15748 0.047106 0.00840013 0.00228791 0.0556266 0.0338588 0.0152166 0.00353892 0.164101 0.0171858 0.102058 0.348802 0.00325916 0.0238253 0.0940792 0.0150963 0.00655577 0.00790049 0.0288474 0.00641447 0.0158398
69 L 2.17475 0.00565135 0.0100232 0.0670156 0.0102626 0.00564032 0.0154774 0.0245631 0.0250164 0.00615439 0.667942 0.0227408 0.0155689 0.00459126 0.00925153 0.00389538 0.0411081 0.00675158 0.0295569 0.0230838 0.00570535
70 G 3.35196 0.0148952 0.0100153 0.0299238 0.0146139 0.0241538 0.154782 0.0184366 0.00125326 0.0336139 0.033435 0.0773782 0.06505 0.00479622 0.140086 0.2937 0.0147779 0.0247795 0.00718979 0.00336396 0.0337555
71 K 2.19427 0.00300086 0.00543982 0.00278573 0.00972637 0.00429931 0.0533738 0.00606349 0.00413968 0.0541393 0.00451832 0.00778745 0.038169 0.0145323 0.101081 0.0144403 0.0336382 0.627972 0.00221872 0.0104281 0.00224642
72 C 2.27019 0.0172985 0.628555 0.00575383 0.0209209 0.0460235 0.002469 0.0224098 0.00517441 0.00630985 0.0196521 0.043591 0.00582411 0.00459615 0.0145087 0.00268704 0.00435183 0.0212285 0.101388 0.0116766 0.0155808
73 N 3.30481 0.073466 0.00183594 0.0538215 0.00321395 0.00491561 0.0653689 0.0660018 0.00165028 0.0291439 0.00208593 0.0725042 0.246444 0.00581522 0.0541265 0.00790177 0.210966 0.0768759 0.00889496 0.00484628 0.0101207
74 I 2.30032 0.00128261 0.000787733 0.00271596 0.000428791 0.095386 0.00127511 0.00462769 0.150079 0.00189507 0.123716 0.055595 0.00198973 0.00076241 0.0249139 0.00166946 0.000973472 0.00478874 0.50532 0.0198528 0.00194176
75 T 3.27116 0.0194349 0.0165639 0.001825 0.0145383 0.0214723 0.014926 0.0243185 0.340561 0.0368214 0.0824419 0.0293449 0.043573 0.00894466 0.0166641 0.0206637 0.0306266 0.196266 0.0588095 0.00506602 0.0171385
76 G 2.32596 0.0368019 0.0359 0.0382195 0.0218502 0.0107635 0.64186 0.00828888 0.00566556 0.00805273 0.00312293 0.0410278 0.0118266 0.00705026 0.00809833 0.00816541 0.021827 0.0067106 0.0502701 0.0199787 0.0145201
77 W 1.88999 0.012632 0.0180448 0.0186113 0.00916988 0.0116713 0.0105071 0.00620245 0.00715058 0.0151404 0.00239881 0.0309055 0.00841016 0.00434297 0.00817741 0.00804755 0.030565 0.0314458 0.0274692 0.733355 0.00575306
78 L 2.05699 0.0239592 0.00587259 0.0153405 0.0302281 0.0192271 0.00413366 0.0158129 0.0106255 0.00870065 0.704136 0.0295347 0.00825124 0.0165182 0.00548472 0.00374959 0.0272603 0.0123853 0.0340777 0.0167495 0.00795293
79 L 2.65967 0.0355119 0.0215025 0.0164576 0.00305267 0.00919342 0.00719201 0.00871744 0.184115 0.0033668 0.504153 0.027377 0.00573205 0.0068247 0.00803114 0.0215705 0.0102426 0.0265193 0.0503786 0.0207387 0.0293231
80 G 2.1276 0.0628508 0.00450195 0.00500405 0.0090447 0.0110557 0.680395 0.00461749 0.0120193 0.0114966 0.015657 0.028248 0.0279515 0.0293921 0.0310119 0.00423518 0.0107829 0.00926574 0.0145145 0.0234784 0.00447786
81 N 2.40181 0.00351639 0.00370651 0.00332895 0.00455445 0.00145651 0.00667292 0.321689 0.0288253 0.0421624 0.00737639 0.00340758 0.432735 0.000679255 0.023315 0.00349233 0.0429301 0.0329332 0.0120284 0.0196493 0.00554068
82 P 1.99252 0.00409449 0.0200711 0.0104046 0.0164973 0.0156853 0.00244177 0.00546256 0.00860459 0.003244 0.0424823 0.00279163 0.0322517 0.706331 0.00882573 0.0179864 0.010319 0.0497263 0.0173513 0.00821698 0.0172119
83 E 3.44424 0.261913 0.00415727 0.0941581 0.178127 0.0248174 0.0607916 0.0166913 0.0277967 0.018432 0.0341439 0.0279355 0.107698 0.000242091 0.00161381 0.0146685 0.0108482 0.0194591 0.0363312 0.0166895 0.043486
84 C 1.76932 0.00242354 0.741346 0.0184274 0.0049631 0.0115143 0.00744062 0.00526051 0.00352011 0.0132139 0.00357191 0.0186197 0.0467195 0.036559 0.00986638 0.0103932 0.00280232 0.00441079 0.00292892 0.0454577 0.0105611
85 D 2.1151 0.0105556 0.0121595 0.369108 0.463363 0.00159077 0.0133129 0.0105028 0.00605272 0.00186298 0.0103389 0.027801 0.00399826 0.00769098 0.00655481 0.00533572 0.00285769 0.00604862 0.0109644 0.00443029 0.025471
86 S 3.59992 0.0753502 0.0383024 0.225091 0.0174098 0.00164325 0.0192423 0.0534484 0.144818 0.032602 0.0130628 0.0207581 0.0130876 0.0107257 0.118177 0.0219596 0.047735 0.0300412 0.0106319 0.00476364 0.10115
87 L 2.96258 0.0467912 0.0137056 0.100385 0.00457941 0.00367548 0.0115241 0.0121468 0.124249 0.00802224 0.436421 0.0812676 0.00378951 0.0196987 0.0178109 0.0135569 0.0269172 0.00341644 0.0385391 0.0208482 0.0126551
88 L 2.65936 0.0455778 0.0030042 0.00761327 0.00813182 0.000771806 0.0540194 0.00586593 0.0512837 0.016419 0.104367 0.52286 0.0108866 0.00379102 0.0701105 0.00196022 0.0406527 0.0168031 0.0200108 0.00407748 0.0117938
89 P 3.45335 0.0473143 0.000300371 0.0346339 0.0229316 0.012573 0.0240632 0.0517564 0.229397 0.017615 0.204082 0.00390809 0.0196445 0.0798822 0.0146282 0.0276765 0.0520319 0.0229939 0.0111691 0.000263805 0.123136
90 A 3.55899 0.0815204 0.0130551 0.116283 0.0293764 0.0515717 0.0531154 0.101398 0.0342568 0.0132973 0.0295171 0.0132678 0.0285293 0.0243443 0.000452088 0.00822319 0.0640675 0.282421 0.0277243 0.00344552 0.0241348
91 R 3.13708 0.0326692 0.0105929 0.0129048 0.0363231 0.000547203 0.0173737 0.242626 0.00976708 0.0197502 0.0122992 0.0024599 0.292187 0.00240377 0.0441006 0.104589 0.012437 0.0120458 0.0859858 0.0040738 0.0448643
92 S 2.70797 0.00649582 0.000110804 0.00520627 0.0760974 0.0695962 0.0275396 0.00208823 0.0680436 0.00241146 0.0306914 0.504367 0.00481752 0.00490308 0.00272716 0.00892704 0.0447595 0.0701919 0.0105984 0.00611136 0.0543162
93 W 2.50698 0.00379684 0.020398 0.017276 0.0182527 0.385866 0.00426189 0.0214764 0.00747175 0.014384 0.0287331 0.00878111 0.00502869 0.0253142 0.013784 0.00405082 0.0200107 0.0147755 0.00981421 0.371922 0.00460072
94 S 2.63877 0.108798 0.0309531 0.046038 0.0444644 0.0156323 0.0342873 0.0111805 0.00812943 0.00605667 0.00328631 0.0102798 0.00922112 0.00669725 0.0410864 0.00832361 0.550423 0.00955458 0.00870921 0.0129326 0.033947
95 Y 1.75346 0.00202361 0.00760551 0.0121275 0.00696451 0.00407952 0.0175402 0.0290391 0.0071856 0.0341924 0.0305905 0.0143713 0.00843948 0.0210215 0.00690287 0.00282315 0.00388049 0.0223659 0.00528673 0.0093228 0.754238
96 I 2.47142 0.00694127 0.00657293 0.00306754 0.00802398 0.0133345 0.00840661 0.00922777 0.499529 0.00838441 0.178209 0.00967939 0.00689854 0.00668859 0.0299421 0.00232654 0.0106037 0.0351718 0.139714 0.0115384 0.00573938
97 V 2.49983 0.0143711 0.0355162 0.0273645 0.009298 0.00554063 0.00421555 0.0341031 0.315276 0.00311476 0.0032654 0.0335002 0.00376147 0.00481364 0.0133947 0.0037219 0.00890049 0.0197511 0.431219 0.0152353 0.0136375
98 E 2.26529 0.00674225 0.0067713 0.0177919 0.527453 0.00670029 0.00759504 0.0124235 0.00694105 0.0115 0.0485164 0.0263459 0.0080954 0.00535285 0.258121 0.016635 0.00240127 0.00247042 0.00543312 0.0179496 0.00476065
99 T 1.99986 0.0456619 0.000853007 0.00812303 0.0170046 0.00974683 0.00119584 0.0748772 0.00342756 0.012015 0.0399867 0.000187485 0.00144149 0.00429857 0.673963 0.033473 0.0251481 0.0386345 0.00108452 0.00878444 9.36081e-05
100 P 3.73926 0.117975 0.00183484 0.0196436 0.0595509 0.00132684 0.062555 0.0322356 0.032972 0.0184348 0.0689672 0.00308148 0.0483547 0.135735 0.114334 0.0231277 0.00951529 0.032501 0.104971 0.00213347 0.110751
101 N 3.57455 0.0741803 0.0363467 0.215298 0.027909 0.0175258 0.0108437 0.012273 0.00785569 0.0443191 0.109128 0.0289992 0.206316 0.0169899 0.0156175 0.0232173 0.0764441 0.0258468 0.0059751 0.0242539 0.020661
102 S 3.175 0.0749978 0.0845351 0.00182201 0.00258071 0.01311 0.175569 0.00169335 0.00704905 0.00219827 0.0038065 0.0110958 0.00877044 0.0340815 0.0226064 0.0268214 0.147688 0.145618 0.229274 0.00393419 0.00274784
103 E 2.84167 0.00390193 0.00591588 0.00539446 0.0859937 0.00489489 0.00224211 0.0261291 0.43074 0.0062183 0.0997559 0.00205745 0.00843973 0.110043 0.0189711 0.0150351 0.0241714 0.0180029 0.113925 0.000554579 0.0176141
104 N 3.94201 0.05577 0.0280221 0.00913259 0.0983536 0.108161 0.0187662 0.108823 0.0216655 0.0980755 0.0458761 0.0370059 0.101283 0.00231428 0.0442213 0.00884089 0.0363803 0.0270867 0.0177424 0.0472018 0.0852778
105 G 2.51949 0.020596 0.0122678 0.0114767 0.0143146 0.00755154 0.566164 0.00269522 0.00485993 0.00268959 0.0137088 0.00870516 0.00368315 0.0268568 0.0171391 0.0295524 0.0498993 0.0186182 0.00593096 0.0872215 0.0960699
106 A 2.66132 0.105693 0.000758759 0.00458238 0.00401603 0.00267034 0.0202871 0.00222958 0.0191557 0.000622325 0.0335069 0.0198227 0.0115235 0.310535 0.0238592 0.000866736 0.0806682 0.0164695 0.338016 0.00396615 0.000750717
107 C 1.90727 0.00317782 0.690679 0.00806951 0.00278883 0.0137008 0.00372657 0.0119473 0.0182873 0.00671679 0.00259828 0.110196 0.00633255 0.00803198 0.0106792 0.020872 0.00331095 0.0142028 0.00287382 0.0521504 0.00965711
108 Y 2.5689 0.0420179 0.0088226 0.0094426 0.0106415 0.0805846 0.00459111 0.00839576 0.0460986 0.00746905 0.0203024 0.0880108 0.0252438 0.0134387 0.00379463 0.0176195 0.00803765 0.0199888 0.00785677 0.0121508 0.565493
109 P 2.14819 0.00677461 0.0108827 0.00412389 0.0319176 0.00523489 0.00252336 0.0174668 0.00438215 0.0295854 0.130122 0.00995587 0.00904817 0.640401 0.00740529 0.0304537 0.00564229 0.00969477 0.00953935 0.0296023 0.00524469
110 G 2.39668 0.00980793 0.0605203 0.0142467 0.0273736 0.00977087 0.629006 0.00618748 0.0137558 0.00909144 0.00358709 0.0272803 0.00754969 0.0207076 0.0223977 0.00446563 0.0365227 0.0107797 0.0438442 0.022171 0.0209338
111 D 3.44217 0.0599917 0.00580239 0.187861 0.0174137 0.0166767 0.0420481 0.0252489 0.0377138 0.0468454 0.151972 0.0164353 0.00248827 0.24734 0.00390341 0.0212132 0.0231531 0.0351389 0.00641252 0.0156052 0.036735
112 L 2.64701 0.00605446 0.00961569 0.00622999 0.00482896 0.147616 0.00757261 0.0187559 0.0236939 0.00650417 0.4758 0.0426576 0.0107172 0.00408234 0.00325411 0.00572188 0.0150684 0.0521788 0.0123971 0.141158 0.00609391
113 I 3.07949 0.220908 0.0259938 0.0148985 0.014925 0.0227642 0.00374465 0.019347 0.0901066 0.014292 0.125679 0.0178342 0.0210677 0.00102492 0.00219353 0.0493254 0.31416 0.00426882 0.00283926 0.00659799 0.0280294
114 D 3.18787 0.261599 0.0193399 0.131755 0.0466728 0.0149848 0.0226034 0.0160805 0.00215104 0.00474475 0.037731 0.00230174 0.185256 0.00628294 0.0805388 0.00534274 0.125942 0.00224661 0.000168984 0.00515746 0.0291
115 Y 3.51653 0.0931513 0.0061116 0.0157975 0.0103373 0.0499277 0.0260261 0.0109827 0.140094 0.00246065 0.0767781 0.0513286 0.00999891 0.014077 0.0275507 0.00975272 0.172236 0.0527853 0.0283555 0.000941361 0.201307
116 E 2.72522 0.191993 0.0235047 0.0048205 0.485857 0.0086913 0.0331728 0.0132494 0.0100707 0.0113787 0.00948811 0.0323246 0.0107271 0.0366978 0.0484548 0.00530883 0.0174611 0.00488825 0.0111012 0.0094156 0.0313941
117 E 2.55164 0.0108971 0.00419624 0.0335154 0.578698 0.0107656 0.0650131 0.00810828 0.0234498 0.0392782 0.0038273 0.0348466 0.0224372 0.0162217 0.0249669 0.00960247 0.0094199 0.0116357 0.00368518 0.081821 0.00761404
118 L 2.44155 0.0401872 0.018657 0.00981698 0.00972707 0.0145895 0.0114829 0.00555125 0.0309969 0.0287918 0.613577 0.0760908 0.0070168 0.018528 0.0138231 0.0137088 0.00415343 0.0176307 0.00680451 0.0120018 0.046864
119 R 3.28111 0.00805527 0.0172024 0.00424344 0.0159102 0.0143573 0.00945569 0.126401 0.0936161 0.125252 0.0220999 0.00230585 0.00565555 0.00256023 0.0044193 0.232281 0.00559157 0.0478732 0.0561674 0.0176512 0.188903
120 E 2.76783 0.0150844 0.0218107 0.0140465 0.538507 0.0225373 0.00910492 0.0114773 0.0131263 0.0160633 0.0107371 0.0813552 0.0657286 0.0032179 0.027478 0.0227984 0.0361762 0.00659835 0.00948842 0.0282386 0.0464261
121 Q 2.90749 0.030473 0.016675 0.0228672 0.0134747 0.0341565 0.00514827 0.108289 0.0112491 0.0256217 0.0190379 0.0143644 0.0346703 0.00664586 0.48374 0.00416407 0.0302505 0.019093 0.00599555 0.0173275 0.0967573
122 L 2.22771 0.0106103 0.00833268 0.0143463 0.00849259 0.00861521 0.00310829 0.0124488 0.108072 0.010435 0.640683 0.0422858 0.00822478 0.00562651 0.0150876 0.00368721 0.017082 0.01879 0.0376682 0.0157647 0.010639
123 S 3.2191 0.0759531 0.0171314 0.0146035 0.167263 0.00500432 0.244053 0.00494787 0.00895008 0.012995 0.00937392 0.00818703 0.00775898 0.0110261 0.0464313 0.0189785 0.191453 0.118889 0.024998 0.00949951 0.0025033
124 S 3.49352 0.0160064 0.0165152 0.112508 0.0634453 0.0185316 0.159408 0.00351381 0.00599997 0.0132602 0.00676498 0.166835 0.0222424 0.0069916 0.0197076 0.111081 0.15304 0.00486347 0.0263822 0.00527962 0.067623
125 V 2.86575 0.245217 0.0263268 0.0024534 0.00333221 0.0094938 0.00147359 0.00320691 0.168005 0.00569581 0.0126909 0.0352371 0.00317272 0.000872787 0.0103498 0.000706426 0.0516767 0.175003 0.232593 0.00689558 0.0055975
126 S 3.39082 0.0710185 0.00286525 0.178735 0.00735938 0.0154232 0.00468526 0.0111181 0.0863053 0.0290157 0.258792 0.0344772 0.0550341 0.000653017 0.0653935 0.0164999 0.0656265 0.0762849 0.0115811 0.00061194 0.00852036
127 S 3.51681 0.0471625 0.00738038 0.00656157 0.0156547 0.18139 0.0256247 0.00256102 0.00594843 0.175909 0.0188749 0.0131942 0.0506723 0.00264525 0.0366636 0.0914532 0.145023 0.0460033 0.101384 0.00983129 0.0160623
128 L 2.96191 0.0178866 0.0217233 0.00243528 0.00456492 0.145203 0.00116557 0.00202809 0.14515 0.00943613 0.104645 0.0707886 0.00113231 0.00116922 0.0190445 0.000970775 0.00466631 0.0310923 0.0567145 0.349262 0.0109226
129 E 3.31152 0.0213632 0.0100293 0.0361074 0.373931 0.0197162 0.00581184 0.0845204 0.0290892 0.0189264 0.0410803 0.0239766 0.0976161 0.00458564 0.0140845 0.0282502 0.0708167 0.00615119 0.0225021 0.00883021 0.0826114
130 R 2.36768 0.00932773 0.0154464 0.011133 0.0255558 0.0146955 0.0113732 0.0152633 0.0159862 0.0258768 0.0170735 0.0437013 0.0169172 0.0272851 0.0192831 0.652652 0.0102377 0.0144967 0.0207739 0.018573 0.0143488
131 F 2.69307 0.0205756 0.0185626 0.0348344 0.0219192 0.543663 0.0110811 0.0121288 0.131313 0.0162635 0.00765742 0.0225927 0.0163401 0.00733323 0.0157362 0.00972198 0.00653937 0.0316704 0.0145126 0.0244264 0.0331285
132 E 3.14489 0.00681132 0.0092156 0.0207571 0.266938 0.00822482 0.00295131 0.0127942 0.0032591 0.0112642 0.0421191 0.0223193 0.0545044 0.209813 0.0774953 0.0282171 0.00655927 0.00313085 0.184091 0.0205665 0.00896777
133 I 3.08038 0.0837987 0.0258397 0.0129981 0.0121454 0.175202 0.0103669 0.0145934 0.400936 0.020762 0.00741844 0.0406956 0.0667551 0.0116845 0.00897517 0.0196519 0.0102558 0.0082322 0.0248896 0.0334185 0.0113808
134 F 2.0793 0.00605932 0.0178767 0.0125549 0.00881312 0.375425 0.00205057 0.00560349 0.00662577 0.00492178 0.00489353 0.466915 0.00800881 0.00356323 0.00683273 0.0115067 0.00359094 0.00855895 0.0063517 0.0264616 0.0133866
135 P 2.15464 0.0182723 0.00233651 0.631582 0.00767696 0.00713434 0.00178979 0.00593988 0.00405674 0.0664665 0.00458275 0.00223385 0.0612045 0.0880663 0.0233431 0.00430432 0.0450744 0.00961755 0.000532904 0.00654018 0.00924515
136 K 3.16143 0.105856 0.00369731 0.100874 0.00154433 0.367517 0.0272979 0.0221449 0.00190033 0.135483 0.034531 0.013443 0.0149007 0.0173243 0.0222073 0.0370128 0.0417096 0.0204949 0.0224238 0.00894008 0.000697667
137 E 3.27428 0.173351 0.00152309 0.0139256 0.310285 0.00773861 0.0416924 0.0444148 0.00964671 0.00623145 0.022679 0.00679091 0.0920254 0.028513 0.0110075 0.00529707 0.0644394 0.0321391 0.0971454 0.00243192 0.0287231
138 S 3.45118 0.0258136 0.000464251 0.00181492 0.184319 0.00223349 0.184956 0.024091 0.0591287 0.0082798 0.174508 0.0285111 0.0801471 0.0143174 0.0164615 0.0644165 0.0630673 0.0330183 0.0209621 0.00777904 0.00571019
139 S 2.90784 0.465931 0.00663165 0.00181926 0.00788292 0.012642 0.0626118 0.00992809 0.00355593 0.0358489 0.00726106 0.0227076 0.0652025 0.000240968 0.0748439 0.00849616 0.0909508 0.0376367 0.0453107 0.0355291 0.004969
140 W 2.45272 0.0113544 0.0140902 0.00256094 0.0220985 0.309066 0.0370799 0.00952358 0.00737587 0.00248919 0.0022975 0.0663364 0.00485092 0.00116641 0.00981057 0.00161906 0.00301554 0.0265362 0.00441092 0.426216 0.0381014
141 P 3.51573 0.00679449 0.134401 0.0213653 0.038472 0.00469732 0.0421005 0.0161748 0.0318966 0.00262024 0.0159981 0.0970894 0.0336136 0.26129 0.0720995 0.0102768 0.123726 0.0127551 0.0424428 0.0174356 0.0147518
142 N 2.19547 0.00842238 0.0171862 0.0212695 0.0229678 0.00627046 0.0159395 0.0153174 0.00986971 0.0177619 0.00522165 0.00795473 0.676883 0.0150706 0.0294934 0.0088535 0.0553187 0.00629128 0.0143173 0.0216389 0.0239521
143 H 3.02859 0.0199573 0.00939811 0.00491703 0.00267238 0.0146323 0.00258014 0.238425 0.01266 0.0035545 0.0230795 0.0183476 0.0879574 0.00320253 0.0554023 0.0137275 0.00402603 0.174844 0.0101311 0.0285289 0.271955
144 T 2.12956 0.0342128 0.00970957 0.00577235 0.00164199 0.00231466 0.10583 0.0186467 0.00448869 0.564224 0.00783324 0.00336083 0.00593239 0.00268046 0.0080666 0.00135095 0.00863255 0.197782 0.0036437 0.00652937 0.00734626
145 F 3.36167 0.0715336 0.0458518 0.176543 0.286642 0.0742299 0.0116397 0.0131747 0.023407 0.00858158 0.00493883 0.0308564 0.043531 0.00430006 0.00389044 0.00630201 0.107268 0.0184972 0.0449986 0.0130749 0.0107393
146 N 3.89015 0.0791841 0.0385144 0.0229537 0.0856236 0.0344608 0.0641826 0.0463622 0.021239 0.0351306 0.00689884 0.0483243 0.114869 0.0397393 0.0596744 0.011806 0.0241588 0.016796 0.0560287 0.00483654 0.189218
147 G 3.53052 0.0744514 0.00751802 0.00426512 0.0457645 0.043529 0.28169 0.0151603 0.106982 0.0688009 0.0136393 0.00816408 0.022687 0.0583397 0.112897 0.0521064 0.0170097 0.00168492 0.0357886 0.01113 0.0183926
148 V 3.64445 0.0639253 0.00669121 0.0785709 0.0262374 0.0319052 0.00490965 0.0701111 0.0445676 0.14637 0.00375457 0.0229037 0.0218756 0.01298 0.00202104 0.0568189 0.0675156 0.140786 0.176403 0.00327777 0.0183757
149 T 1.41709 0.00210249 0.00118256 0.00510186 0.00351777 0.00185441 0.00116863 0.0046265 0.0135986 0.0107123 0.00036925 0.0130135 0.0116758 0.00345441 0.0174232 0.000720649 0.76164 0.130722 0.00145884 0.0121374 0.00351929
150 V 2.98104 0.151287 0.00374158 0.0197588 0.00852392 0.0751046 0.00805059 0.00145429 0.021853 0.019213 0.0958557 0.0185222 0.00714986 0.00282434 0.414743 0.011247 0.0362825 0.0237297 0.0302826 0.00177932 0.0485959
151 S 3.00038 0.118808 0.0491962 0.00809066 0.00516773 0.0227257 0.0323823 0.0108694 0.00675562 0.00832743 0.183457 0.00862884 0.0579079 0.00874225 0.0188057 0.00766476 0.38095 0.0491836 0.00497678 0.00389899 0.0134614
152 C 2.79874 0.00412399 0.476653 0.0253248 0.00549875 0.0272244 0.00360458 0.0149126 0.00459797 0.0875269 0.025993 0.0138494 0.0116501 0.00842047 0.0129057 0.0191318 0.0276335 0.0220374 0.0253381 0.0174842 0.166091
153 S 3.26414 0.0111868 0.00423016 0.0233186 0.0226602 0.00127561 0.0577745 0.00107315 0.00745514 0.0748574 0.0137808 0.029888 0.058167 0.241168 0.22222 0.0208769 0.0358766 0.140328 0.0321774 0.000327453 0.00135805
154 H 3.69002 0.169375 0.00350324 0.0303349 0.0927877 0.00653433 0.00892237 0.07852 0.121622 0.0640489 0.0284804 0.00531231 0.0023326 0.018238 0.0715947 0.0701313 0.0372378 0.00912899 0.0955537 0.00234935 0.0839921
155 R 3.55391 0.0233484 0.0127595 0.00487092 0.212565 0.00620531 0.0116545 0.0643666 0.0742075 0.00639053 0.0320216 0.0537814 0.000517239 0.000291558 0.106178 0.0589202 0.065353 0.111024 0.0165311 0.010238 0.128776
156 G 3.29615 0.0381202 0.0135178 0.317732 0.108961 0.0491839 0.156673 0.0122781 0.00390644 0.0283021 0.00489157 0.031829 0.0435031 0.013509 0.0221988 0.00770534 0.0642758 0.0721366 0.00414052 0.00454651 0.00258931
157 K 3.04001 0.105404 0.000994325 0.0464923 0.00443476 0.0029965 0.145653 0.0498487 0.0070195 0.0549765 0.01549 0.0645277 0.0142755 0.000365909 0.00903321 0.00719562 0.0647823 0.376939 0.0189124 0.000937569 0.00972137
158 S 3.29226 0.059834 0.00614616 0.00403302 0.00963378 0.0113311 0.002164 0.0828791 0.0378686 0.14941 0.229052 0.00858678 0.00691447 0.0250829 0.00618211 0.0254282 0.119808 0.183959 0.0157464 0.0111847 0.00475739
159 S 3.0524 0.24545 0.00361582 0.00914683 0.00349047 0.000859788 0.0377083 0.163746 0.00318135 0.132942 0.00593473 0.0152636 0.01575 0.00546629 0.187087 0.00536835 0.117561 0.028446 0.0117247 0.00438663 0.00287232
160 F 2.50781 0.0515604 0.0186008 0.00916784 0.00688608 0.594342 0.0128708 0.0520747 0.0087194 0.0133694 0.00869854 0.0501701 0.00716099 0.0232871 0.00589701 0.019016 0.028715 0.00761599 0.00851257 0.065652 0.00768293
161 Y 2.0576 0.00257746 0.0114151 0.0190273 0.00560046 0.0564343 0.00327859 0.011351 0.00736674 0.0082123 0.0141899 0.00982828 0.0114818 0.0165797 0.0591283 0.00843285 0.00851621 0.0477905 0.00547168 0.00876721 0.684551
162 R 2.86225 0.00405871 0.0296525 0.00562057 0.034828 0.00330298 0.0148037 0.0400948 0.00499502 0.270813 0.00272844 0.00938868 0.00358109 0.00899751 0.022679 0.263461 0.224696 0.0293063 0.00251693 0.0152381 0.00923766
163 N 1.80649 0.00649659 0.0067076 0.0129114 0.0178644 0.00805071 0.00721731 0.0568453 0.00794656 0.0171224 0.0022632 0.0119366 0.740645 0.00551401 0.00765105 0.0018796 0.0121365 0.0283457 0.00470307 0.0274774 0.0162856
164 L 2.50904 0.00173524 0.0339824 0.00508381 0.00417972 0.01671 0.00215215 0.00234957 0.0427755 0.00542349 0.365977 0.323234 0.00304777 0.0121573 0.00358185 0.00548888 0.00775251 0.00642181 0.13064 0.0183801 0.00892733
165 L 3.22361 0.0819696 0.0265926 0.00850069 0.0416692 0.0099412 0.0113558 0.0402539 0.039149 0.00904521 0.364752 0.0110456 0.0551792 0.00249183 0.0173395 0.00810828 0.0295976 0.003863 0.0890286 0.0101399 0.139977
166 W 2.02904 0.0106143 0.0181441 0.0143518 0.0128772 0.0477692 0.00726171 0.00878638 0.00453862 0.00831313 0.00449034 0.0316082 0.0207154 0.0137972 0.0111313 0.0111447 0.0527285 0.00349262 0.0077728 0.700375 0.0100875
167 L 2.23601 0.0139999 0.00531852 0.00338705 0.00338977 0.00213202 0.00111636 0.00254145 0.23241 0.0036889 0.264408 0.00373266 0.00867834 0.0167493 0.00428269 0.00320486 0.000762594 0.00941056 0.40091 0.0156587 0.00421841
168 T 3.13558 0.00268947 0.0595642 0.027535 0.024961 0.0217142 0.0632494 0.00549559 0.00217423 0.00951867 0.263645 0.0236528 0.0136814 0.00132584 0.0996266 0.00920266 0.0365163 0.277618 0.0033306 0.00643518 0.0480631
169 K 3.5222 0.0802222 0.0487694 0.00524288 0.0264797 0.0399435 0.209928 0.00833402 0.0351481 0.0998647 0.0193837 0.00764025 0.0428087 0.0031786 0.00712322 0.0469105 0.0507563 0.0627603 0.20017 0.00345031 0.00188595
170 K 3.92485 0.0469927 0.0154274 0.0344459 0.0386182 0.105267 0.0319119 0.034747 0.0219506 0.100474 0.0307371 0.1599 0.0176925 0.00179363 0.0498835 0.102448 0.0483918 0.067862 0.0332072 0.00574001 0.052511
171 G 3.59108 0.144882 0.00281055 0.0737508 0.00247305 0.0434364 0.114489 0.0104939 0.00183157 0.0160061 0.13498 0.0201796 0.0861477 0.000667189 0.0256315 0.00554075 0.140608 0.0583076 0.0283995 0.00907041 0.080293
172 D 3.64502 0.068777 0.0196642 0.244574 0.0457202 0.00719705 0.0382443 0.0324668 0.0352896 0.0117401 0.0283275 0.011758 0.0653568 0.0719464 0.0737452 0.00218581 0.143437 0.0149594 0.0637746 0.0129918 0.00784407
173 S 3.65217 0.0395686 0.00477427 0.00118733 0.0257753 0.180263 0.0391699 0.00787373 0.0266038 0.00430072 0.0190112 0.0256112 0.0600837 0.0203668 0.0251138 0.0111211 0.0961922 0.142058 0.0527668 0.15393 0.0642277
174 Y 2.48944 0.00496857 0.00901067 0.0230492 0.02131 0.0718813 0.00475179 0.00860738 0.0163729 0.00652244 0.0107254 0.0494899 0.0108386 0.00276561 0.00427968 0.00198343 0.00614957 0.0112462 0.00401621 0.412839 0.319193
175 P 3.66689 0.0192641 0.0120918 0.0284072 0.0165198 0.0199588 0.0777479 0.0521701 0.0117315 0.0448429 0.069918 0.126639 0.0557361 0.0395994 0.00115033 0.0655271 0.205637 0.0100868 0.0125747 0.00102758 0.12937
176 K 3.64822 0.0196245 0.0230962 0.00236486 0.00750525 0.109356 0.0474863 0.215556 0.0103334 0.0739487 0.137098 0.0419185 0.00832962 0.109671 0.0571476 0.0201052 0.0250178 0.0256608 0.0235918 0.00656092 0.0356265
177 L 3.15615 0.181016 0.0139407 0.00299177 0.00263438 0.00429131 0.00976745 0.0117277 0.171377 0.00330178 0.168696 0.00206988 0.0125802 0.00218266 0.00746016 0.00168004 0.0546514 0.161996 0.134783 0.021869 0.030984
178 T 3.63389 0.201459 0.00620191 0.009407 0.00320928 0.0289177 0.0173535 0.139907 0.0238071 0.0394607 0.0941363 0.00980246 0.0341112 0.00178803 0.00830471 0.0103296 0.0600353 0.0758198 0.0825149 0.0522796 0.101155
179 N 2.55246 0.00247421 0.00524233 0.00147682 0.00508442 0.172692 0.130024 0.00166063 0.00444008 0.0120301 0.01627 0.0038551 0.0759714 0.0174908 0.0242194 0.00255403 0.466511 0.0350396 0.0187524 0.0024309 0.00178068
180 S 3.60857 0.0290194 0.00252079 0.00596321 0.171763 0.0320351 0.073373 0.0229753 0.00747772 0.0785614 0.0145829 0.0818496 0.00828286 0.0067554 0.022651 0.0189141 0.143403 0.168936 0.0686694 0.026518 0.0157488
181 Y 2.49301 0.00329536 0.00579546 0.00656911 0.00771569 0.323881 0.00646155 0.0214488 0.00268938 0.0256693 0.00300895 0.035312 0.00371794 0.106326 0.00520259 0.00172531 0.00215027 0.0017955 0.00315457 0.0635644 0.370517
182 V 3.81001 0.0126445 0.00563365 0.0978944 0.00326488 0.0695508 0.0145794 0.07493 0.023817 0.0329092 0.0786529 0.0620646 0.0619573 0.00271342 0.100398 0.0351249 0.0353042 0.143626 0.114552 0.00198179 0.0284001
183 N 1.97505 0.0037987 0.0105357 0.0152375 0.026838 0.0112062 0.00466737 0.0102952 0.00991987 0.0723323 0.00320861 0.0110488 0.708079 0.0208366 0.0086751 0.01378 0.00586906 0.0254154 0.00594024 0.0160395 0.0162776
184 N 3.15824 0.0377257 0.00385443 0.0741143 0.0267413 0.0379707 0.0495279 0.00523987 0.00287881 0.072399 0.0194666 0.0217102 0.0748607 0.00283615 0.0103799 0.00554998 0.354951 0.0317599 0.163664 0.00260103 0.00176832
185 K 2.99417 0.0197085 0.00216208 0.00206508 0.00357685 0.0336689 0.00945664 0.0278518 0.0174899 0.170048 0.106032 0.0153945 0.0314598 0.0247992 0.303254 0.00695208 0.00594614 0.00176788 0.20803 0.0052061 0.00513215
