Log likelihood: -6543.603535775148
independent parameters (includes branch lengths): 49
shared parameters: 4
number of branch lengths: 45
number of tip nodes: 24
number of internal branches: 21

global rate_alpha=1.884230448884447;
rate_alpha:>0.01;
rate_alpha:<1000;
global omega_mean=0.01704900502461982;
omega_mean:>0.001;
omega_mean:<100;
global kappa=9.220895173579352;
global omega_alpha=0.02602113148220778;
omega_alpha:>0.02;
omega_alpha:<100;
tree.TipSeq4_.t=1.414081633323795;
tree.TipSeq9_.t=0.2113103528006526;
tree.TipSeq8_.t=0.5607771515669625;
tree.TipSeq1_.t=0.4761886404897979;
tree.Node15.t=0.02950130759836427;
tree.Node13.t=0.0979387260530792;
tree.TipSeq5_.t=1.179489613139755;
tree.Node12.t=0.03888847634921554;
tree.Node10.t=0.1727488176130662;
tree.TipSeq15_.t=0.2385084331527962;
tree.Node9.t=0.07819913259448874;
tree.TipSeq19_.t=0.7360131638145258;
tree.TipSeq6_.t=0.2448524362428496;
tree.Node21.t=0.1606767064460124;
tree.TipSeq17_.t=0.2272798508724463;
tree.Node20.t=0.2282746928929061;
tree.Node8.t=0.4232009624744647;
tree.TipSeq3_.t=0.3640646301616353;
tree.Node7.t=0.242424279685642;
tree.TipSeq21_.t=0.3691437745242217;
tree.TipSeq13_.t=0.112140760567047;
tree.TipSeq2_.t=0.2438901223815089;
tree.Node29.t=0.2889308179984043;
tree.Node27.t=5.000000025e-09;
tree.TipSeq24_.t=0.6644823055650528;
tree.TipSeq20_.t=0.3878550744354047;
tree.Node32.t=0.03321665409340541;
tree.Node26.t=0.1681994645045106;
tree.Node6.t=0.2676711100070426;
tree.TipSeq12_.t=2.32906804551599;
tree.Node5.t=1.170432591543442;
tree.TipSeq22_.t=0.5430713491828797;
tree.TipSeq16_.t=0.3792265729680112;
tree.Node36.t=0.09281157080466026;
tree.Node4.t=0.1300119491752519;
tree.TipSeq11_.t=0.3323619343491284;
tree.TipSeq10_.t=0.1967400264745552;
tree.Node39.t=0.4672178523968369;
tree.Node3.t=0.03853977911563596;
tree.TipSeq14_.t=0.4157674103041339;
tree.Node2.t=0.02225426396740594;
tree.TipSeq7_.t=0.207245113990103;
tree.Node1.t=0.5328957554150306;
tree.TipSeq23_.t=0.05546942855445565;
tree.TipSeq18_.t=0.2858528352417122;
Tree tree=(((((((((((TipSeq4_:0.08158629109271727,((TipSeq9_:0.01219167801082048,(TipSeq8_:0.03235437533994959,TipSeq1_:0.027473990272208)Node15:0.001702095701277529)Node13:0.005650633757426622,TipSeq5_:0.068051363266962)Node12:0.002243694053307072)Node10:0.00996684702464778,TipSeq15_:0.01376088762961552)Node9:0.004511746029863802,((TipSeq19_:0.04246472255629236,TipSeq6_:0.01412690870690058)Node21:0.009270339303616256,TipSeq17_:0.01311304781549541)Node20:0.01317044582474734)Node8:0.02441683429124473,TipSeq3_:0.02100492799918032)Node7:0.01398681475261494,((TipSeq21_:0.02129797229075626,(TipSeq13_:0.006470028688143526,TipSeq2_:0.01407138742937054)Node29:0.01667003747687956)Node27:2.884780113750588e-10,(TipSeq24_:0.03833770662897559,TipSeq20_:0.02237753200308254)Node32:0.001916454853897486)Node26:0.009704369358400361)Node6:0.01544344582626002,TipSeq12_:0.1343769829536447)Node5:0.06752881295375766,(TipSeq22_:0.03133282841274533,TipSeq16_:0.02187970541667958)Node36:0.005354819448890676)Node4:0.007501117673108793,(TipSeq11_:0.01917582187968177,TipSeq10_:0.01135103426229605)Node39:0.02695641525289098)Node3:0.002223575756504659,TipSeq14_:0.02398795102387919)Node2:0.001283973156366713,TipSeq7_:0.01195713161042681)Node1:0.03074574140473885,TipSeq23_:0.003200342072298344,TipSeq18_:0.01649245140882804);
