# POSITION WT SITE_ENTROPY PI_A PI_C PI_D PI_E PI_F PI_G PI_H PI_I PI_K PI_L PI_M PI_N PI_P PI_Q PI_R PI_S PI_T PI_V PI_W PI_Y
2 ? 3.37721 0.393348 0.0291783 0.00567474 0.0197738 0.0635902 0.0150939 0.0118516 0.0480888 0.0336736 0.0582928 0.0360562 0.0286569 0.0135334 0.0290803 0.0196828 0.0257905 0.0728695 0.0675501 0.0113973 0.0168178
3 ? 3.79971 0.0778301 0.0200531 0.0192747 0.00728722 0.0922244 0.00666937 0.033597 0.0292849 0.00734713 0.182723 0.0720476 0.0792693 0.00727304 0.0314151 0.0102472 0.085073 0.0251369 0.0428333 0.0543614 0.116053
4 ? 4.17346 0.0604251 0.0564205 0.0057054 0.0319697 0.101404 0.0231704 0.033476 0.0665953 0.0423916 0.0760334 0.0258884 0.0700981 0.0335721 0.0436192 0.0489393 0.0627856 0.0450494 0.0454297 0.0457624 0.0812649
5 ? 3.97695 0.134155 0.0425647 0.0196509 0.016949 0.105359 0.115989 0.0334113 0.0502325 0.0426273 0.0903646 0.0153021 0.0278303 0.034736 0.00764986 0.0740254 0.0672645 0.0348447 0.0091658 0.044248 0.0336299
6 ? 3.13187 0.0218273 0.0145739 0.00566763 0.00544976 0.0586777 0.00592863 0.0631961 0.0731388 0.00849545 0.0552986 0.0391277 0.00876843 0.00907016 0.0555089 0.00399336 0.0402913 0.41177 0.00650939 0.100942 0.0117648
7 ? 3.24482 0.0180734 0.038842 0.00750917 0.0231979 0.0345838 0.00856468 0.00725788 0.0610589 0.419265 0.0705878 0.0539889 0.0399542 0.00213339 0.0181005 0.0500827 0.00375593 0.0247774 0.0570314 0.0324996 0.0287357
8 ? 3.3044 0.0241484 0.0259875 0.00776576 0.00774889 0.103254 0.0224354 0.00766113 0.0315423 0.00795228 0.148602 0.0204379 0.00746221 0.0216452 0.0673369 0.354166 0.0438157 0.0281058 0.0152709 0.0374632 0.017199
9 ? 3.80543 0.0718706 0.0424677 0.0051827 0.00564352 0.0580735 0.0898553 0.00414852 0.0413191 0.00699787 0.124381 0.115868 0.0910218 0.0105514 0.0248457 0.0139865 0.134498 0.0153996 0.0231562 0.0603313 0.0604034
10 Y 3.88838 0.0983579 0.0570216 0.0182897 0.00796863 0.131508 0.00824807 0.0563653 0.0891779 0.109979 0.0524076 0.0250059 0.0265952 0.0136362 0.0226751 0.0119194 0.0651251 0.0280755 0.0559409 0.0078152 0.113887
11 ? 4.00065 0.0539565 0.0437329 0.0366353 0.187682 0.059319 0.0259767 0.0161616 0.0629185 0.0237404 0.0693006 0.0358631 0.0315472 0.016101 0.0208838 0.0219799 0.0669775 0.0468014 0.0986536 0.0578151 0.0239535
12 ? 3.98456 0.0293651 0.0801706 0.0171636 0.00514833 0.0439414 0.0900793 0.0655075 0.0281538 0.122634 0.0713882 0.034301 0.0432373 0.00858775 0.0394529 0.0835709 0.115529 0.017975 0.0578353 0.0353733 0.0105861
13 ? 3.71145 0.0504376 0.0302293 0.0718854 0.0976983 0.0273327 0.0283156 0.0218236 0.0627116 0.0199908 0.0131096 0.268373 0.02045 0.0120208 0.0382072 0.0247051 0.058921 0.0102901 0.102269 0.0164597 0.0247701
14 ? 3.89017 0.0956735 0.063843 0.0360407 0.22508 0.0373233 0.01202 0.0232964 0.020514 0.0759847 0.0569636 0.03265 0.0684991 0.0137037 0.0568352 0.0551628 0.0281143 0.0323579 0.0159352 0.0271371 0.0228655
15 T 3.63046 0.0283202 0.0844496 0.0126646 0.0387484 0.0204454 0.00684687 0.0354061 0.176366 0.00841288 0.0799445 0.0603822 0.0226202 0.0574204 0.0118571 0.00541987 0.0311073 0.228545 0.0576314 0.0212727 0.0121396
16 D 3.78069 0.0619187 0.0227529 0.272968 0.0650044 0.0132715 0.0593465 0.0451993 0.0165555 0.0663989 0.027539 0.0810261 0.0201518 0.00506357 0.0303295 0.0540665 0.0381871 0.0296551 0.0342261 0.030226 0.0261142
17 ? 3.7165 0.228125 0.0748714 0.0372794 0.0125219 0.0112844 0.167959 0.027377 0.0335794 0.0433612 0.00944389 0.0601725 0.0385831 0.06132 0.0592109 0.0144246 0.0477602 0.0206418 0.0207207 0.0249349 0.00642843
18 ? 3.80353 0.032376 0.0208171 0.239891 0.121366 0.0182309 0.0836731 0.0360385 0.02419 0.0229567 0.0432959 0.016074 0.0413984 0.0345476 0.0263541 0.0248543 0.0182893 0.0293718 0.100393 0.0266419 0.0392398
19 ? 3.5434 0.00898891 0.0167232 0.0144266 0.0264102 0.0270067 0.0102067 0.0342886 0.0397222 0.0494535 0.106799 0.0223778 0.0520725 0.00770467 0.106339 0.318544 0.0368656 0.0443151 0.0372886 0.00876959 0.0316972
20 ? 3.36017 0.0104068 0.00672245 0.0179775 0.0232369 0.0100408 0.00782963 0.0097087 0.183749 0.110104 0.0471483 0.0345682 0.0187107 0.110405 0.273184 0.0224764 0.0652439 0.00691356 0.0179171 0.00650727 0.0171518
21 ? 3.76057 0.01382 0.239148 0.110096 0.047391 0.00822584 0.00806655 0.0134135 0.011213 0.0736228 0.0433637 0.079451 0.0693615 0.0411252 0.0155369 0.0304121 0.0574594 0.0475003 0.0320059 0.0472697 0.0115173
22 ? 3.83779 0.0931079 0.0103653 0.0687843 0.0137377 0.015016 0.00879964 0.0228828 0.158824 0.0649249 0.0762411 0.010024 0.0318141 0.0161689 0.0142971 0.078326 0.0546006 0.0609295 0.130813 0.00896217 0.0613802
23 ? 3.57575 0.0416576 0.0271086 0.0107492 0.0106691 0.0201211 0.245179 0.111282 0.0140927 0.0132376 0.0390979 0.0157644 0.0294582 0.0303974 0.0515459 0.0311982 0.199676 0.0494907 0.0207765 0.0193486 0.0191491
24 ? 3.69361 0.0175221 0.026728 0.0190347 0.168413 0.0430065 0.00474555 0.0250517 0.040193 0.0324848 0.0172546 0.0348854 0.00926681 0.00846833 0.138204 0.0242763 0.0145753 0.0870256 0.0646688 0.0382729 0.185923
25 ? 3.86204 0.0512779 0.00999317 0.0112587 0.0100502 0.00873444 0.0624596 0.117101 0.151646 0.0817789 0.0839686 0.0708724 0.00503705 0.0182952 0.0918024 0.0421516 0.0287104 0.0386535 0.07623 0.012134 0.0278454
26 ? 3.62473 0.154117 0.0562192 0.00768136 0.0153385 0.0290165 0.0120017 0.0156197 0.0124357 0.0575413 0.0132805 0.0221127 0.0290567 0.00894792 0.0208834 0.199515 0.0838199 0.0180517 0.112451 0.011512 0.120398
27 ? 3.69909 0.0893311 0.0103359 0.0114623 0.0119946 0.0468861 0.0178324 0.0597164 0.0306732 0.0970586 0.0254736 0.0410918 0.266802 0.0125317 0.0480639 0.0832276 0.0288871 0.0280787 0.0629211 0.0144095 0.0132225
28 ? 3.46463 0.150734 0.0257486 0.0609297 0.00981969 0.0230779 0.0537152 0.0233783 0.00557543 0.049362 0.0130367 0.014281 0.290324 0.00625536 0.0668753 0.0274217 0.114058 0.0153254 0.00732111 0.029008 0.0137537
29 ? 3.68822 0.0944628 0.0398995 0.0309209 0.049282 0.0178948 0.0204861 0.023123 0.104177 0.0293171 0.0113219 0.0217863 0.0228997 0.00914792 0.0222443 0.0201778 0.19544 0.076081 0.183737 0.0150301 0.0125711
30 ? 3.68902 0.0519629 0.02252 0.00831446 0.025264 0.0290016 0.131648 0.0409397 0.0101718 0.0239992 0.00935231 0.0260755 0.131944 0.020532 0.0933749 0.0141121 0.0403145 0.180793 0.0101604 0.121084 0.00843516
31 ? 3.87464 0.0213158 0.0282913 0.159591 0.0838567 0.021285 0.0498864 0.0456356 0.0206301 0.158586 0.0120008 0.0224148 0.037319 0.0229308 0.0981249 0.0757634 0.0142546 0.0427223 0.0507423 0.0194072 0.015242
32 ? 3.63497 0.0189492 0.017973 0.0106382 0.145994 0.0147205 0.0273158 0.0186592 0.0129287 0.018447 0.0404101 0.193479 0.0947788 0.0194727 0.0130933 0.0293945 0.0766296 0.169928 0.044993 0.0173234 0.0148721
33 ? 3.60548 0.0534063 0.0481929 0.0773033 0.0175154 0.0134452 0.0394767 0.00437677 0.18402 0.0536544 0.118057 0.0702242 0.0116217 0.0068417 0.011774 0.00882685 0.0320092 0.032421 0.197445 0.00830436 0.0110853
34 D 3.82376 0.0528525 0.0363857 0.27191 0.0867081 0.046312 0.0405309 0.0237913 0.0466983 0.00999275 0.0406051 0.0641767 0.0435362 0.0235961 0.0279372 0.0216017 0.026078 0.0261761 0.0573101 0.0157583 0.0380423
35 ? 3.43775 0.0402364 0.0206976 0.0131183 0.0139205 0.0238834 0.174833 0.0377058 0.0239846 0.0222038 0.0174351 0.0226054 0.0384803 0.0116064 0.027882 0.0163915 0.153243 0.286697 0.0168008 0.014881 0.0233937
36 I 3.64145 0.0439878 0.038124 0.0261062 0.0140357 0.0870279 0.0211713 0.0110036 0.264578 0.0160919 0.0270254 0.157625 0.0159363 0.020559 0.0371998 0.0210569 0.0245966 0.0882002 0.0370072 0.0185159 0.0301514
37 ? 3.89405 0.030159 0.0505498 0.0629942 0.0586386 0.0349476 0.147707 0.00969691 0.0241717 0.0152483 0.0622994 0.0205856 0.0188041 0.019218 0.0227074 0.0492468 0.172195 0.106796 0.0390283 0.0286331 0.0263728
38 ? 3.82062 0.0577282 0.018418 0.030786 0.224324 0.017976 0.0462077 0.0453892 0.025502 0.0285794 0.0412538 0.0209145 0.0374862 0.0231313 0.0490142 0.164311 0.0533994 0.0253936 0.0157445 0.0556099 0.018832
39 ? 3.87923 0.0648619 0.0537959 0.00947447 0.0260176 0.091444 0.0670811 0.0226459 0.011623 0.148235 0.0146722 0.0561258 0.045805 0.0218948 0.0140887 0.159479 0.0197646 0.0338289 0.0169956 0.0849464 0.03722
40 ? 3.71639 0.0487006 0.0148612 0.0417616 0.0247267 0.0171438 0.0313652 0.103378 0.0137051 0.0554351 0.0136289 0.0215237 0.228054 0.0192001 0.0313086 0.0639955 0.0346411 0.0174349 0.0215177 0.0284741 0.169144
41 ? 3.92207 0.0271615 0.0526151 0.021449 0.0332374 0.0341979 0.0428709 0.0154971 0.124673 0.0143779 0.0412435 0.0411282 0.0585509 0.0256443 0.0546946 0.0176981 0.051589 0.0565343 0.213439 0.0515924 0.0218055
42 ? 3.79812 0.0673019 0.098585 0.0218009 0.0186002 0.0532771 0.0442899 0.0302406 0.0142245 0.0688289 0.010684 0.0163339 0.0111867 0.0930752 0.222979 0.0427452 0.0105547 0.0262008 0.0930612 0.032511 0.0235201
43 ? 3.98426 0.0684727 0.033223 0.0274575 0.0368351 0.0293959 0.0234677 0.0717683 0.0639376 0.0524244 0.0308195 0.155057 0.0819129 0.0164936 0.0270056 0.0200071 0.0182665 0.0424124 0.143982 0.0252017 0.0318593
44 ? 3.79848 0.0349249 0.0882362 0.0335818 0.0370257 0.0331871 0.0303164 0.0183833 0.0678484 0.0743873 0.0500621 0.0221799 0.0449249 0.00588095 0.01823 0.0304751 0.0190859 0.267141 0.0599756 0.0429492 0.0212045
45 ? 3.86156 0.0434771 0.0462205 0.0298549 0.0195434 0.0591639 0.0195718 0.17301 0.0143485 0.0138408 0.0576677 0.0554509 0.0383814 0.0211432 0.0336945 0.0171229 0.138772 0.13783 0.0422805 0.0218753 0.0167505
46 ? 3.89255 0.0263145 0.0344894 0.0268651 0.153487 0.0677218 0.0148725 0.058942 0.0284128 0.0314764 0.0426515 0.0242037 0.0451037 0.0629728 0.0210029 0.0285445 0.180539 0.0353746 0.0186249 0.0899483 0.00845289
47 ? 3.91077 0.0128312 0.0377809 0.0242272 0.0179425 0.0628807 0.0360586 0.0200244 0.0799987 0.0420497 0.153045 0.0514794 0.0128084 0.0365282 0.0335801 0.0504314 0.0164118 0.0349095 0.163189 0.019644 0.0941791
48 ? 3.88852 0.0447235 0.0179837 0.0512501 0.0503513 0.023636 0.0346311 0.0299335 0.0213077 0.12692 0.0222154 0.0413405 0.21189 0.0256888 0.0633452 0.0251809 0.056926 0.0888331 0.0223165 0.0288849 0.0126413
49 L 3.51993 0.0405144 0.0284129 0.0157391 0.0223255 0.0645611 0.0137784 0.018028 0.0555978 0.0117568 0.372221 0.0331845 0.0204035 0.0483999 0.0399504 0.0267292 0.0193648 0.0448406 0.0415015 0.0256738 0.0570165
50 ? 3.71927 0.0957807 0.0341512 0.0808751 0.0347702 0.0296828 0.0716319 0.0270487 0.00682325 0.0279977 0.277723 0.0235238 0.01596 0.0505078 0.0640307 0.0214818 0.0565917 0.0337182 0.0190178 0.0117941 0.0168895
51 ? 3.862 0.117772 0.0223216 0.075174 0.108761 0.0260489 0.047203 0.0110815 0.0317841 0.00754537 0.0564019 0.0167457 0.0919202 0.0188136 0.0379129 0.0286412 0.0197315 0.0933198 0.156405 0.00791705 0.0244997
52 ? 3.86879 0.129994 0.0160394 0.108583 0.0396399 0.0192725 0.0471003 0.0376341 0.019817 0.0189144 0.026251 0.0319933 0.0843066 0.0117896 0.00942921 0.0130119 0.0737081 0.165125 0.0445436 0.0238856 0.0789612
53 ? 3.89077 0.111164 0.0158583 0.0346414 0.23105 0.0392789 0.0531064 0.0459881 0.0141831 0.0370163 0.0257788 0.0280489 0.0322701 0.00791839 0.0585814 0.0342043 0.0667035 0.028268 0.0427397 0.0362384 0.0569617
54 ? 3.85938 0.0707266 0.0196025 0.0262095 0.0264983 0.00872319 0.135833 0.180315 0.0276789 0.0168703 0.0100529 0.0483364 0.0214451 0.0446252 0.0509039 0.040896 0.0569915 0.107825 0.019266 0.0156685 0.0715324
55 ? 3.90953 0.0153351 0.02893 0.0404786 0.02401 0.113611 0.0213985 0.0428636 0.0207878 0.104766 0.0368772 0.0266112 0.172301 0.0251649 0.0427569 0.118773 0.0649095 0.0406801 0.0229469 0.0157412 0.0210579
56 ? 3.83677 0.029462 0.0333259 0.0289469 0.0340922 0.0169404 0.181492 0.0399105 0.0756515 0.0121437 0.0799682 0.1495 0.101413 0.0223788 0.0149809 0.0249718 0.0322357 0.0659404 0.0300657 0.0114383 0.0151412
57 ? 3.86345 0.064119 0.0173336 0.0177661 0.0105431 0.146497 0.0434108 0.0248212 0.105801 0.099026 0.123181 0.0383333 0.0313855 0.0170314 0.0324048 0.0539952 0.0101537 0.0147284 0.107304 0.0308568 0.0113078
58 ? 3.76197 0.0183912 0.0215388 0.0181831 0.0379416 0.0271331 0.0159044 0.0411567 0.0513871 0.0338502 0.225975 0.0266864 0.0789021 0.0310679 0.177987 0.0460631 0.0210544 0.016182 0.015913 0.0426046 0.0520785
59 ? 3.70915 0.0191219 0.232141 0.0434108 0.038633 0.0162776 0.0693695 0.0293607 0.0222832 0.0337076 0.0225311 0.0370122 0.189407 0.0138245 0.0716658 0.019849 0.010555 0.0344608 0.0283841 0.0224954 0.0455096
60 ? 3.99826 0.0379261 0.0378301 0.0224417 0.0181574 0.0285314 0.0538054 0.0532337 0.0354895 0.0737183 0.0414811 0.0364701 0.0964553 0.0095798 0.02965 0.100779 0.17093 0.0647484 0.0175194 0.0209174 0.050335
61 L 3.52333 0.013295 0.0233259 0.0515591 0.0248616 0.0237668 0.0207532 0.0166805 0.169267 0.0121692 0.237791 0.0379519 0.031621 0.0153744 0.0174746 0.0100065 0.0270651 0.0288345 0.180544 0.0132204 0.0444387
62 ? 3.7838 0.0409746 0.017887 0.0351811 0.0560793 0.0141775 0.0509606 0.140907 0.00652801 0.0652486 0.0126835 0.0104284 0.190838 0.0148993 0.0398365 0.0385249 0.102501 0.0925526 0.012811 0.0151471 0.041833
63 ? 3.97353 0.0702248 0.0449862 0.0633908 0.0168069 0.0198402 0.177813 0.112215 0.10519 0.0292064 0.0481375 0.0438658 0.0454919 0.0341135 0.027263 0.0302524 0.0346907 0.0265703 0.0357291 0.0172557 0.0169574
64 ? 4.01673 0.0181422 0.0285414 0.0407181 0.17233 0.0248026 0.0404668 0.0327172 0.10459 0.0482185 0.0460043 0.0417057 0.0581424 0.0236754 0.0545974 0.0918348 0.0204734 0.0346868 0.0750473 0.0153415 0.0279629
65 ? 3.87412 0.0648824 0.0159009 0.0264424 0.0939811 0.0280236 0.040849 0.0517917 0.0114509 0.0940164 0.0238553 0.0542289 0.0677508 0.0378492 0.042738 0.224805 0.0385693 0.0321349 0.020681 0.0151361 0.0149135
66 ? 3.70101 0.0981636 0.0386768 0.0293673 0.0192776 0.050663 0.0493405 0.0297727 0.0313736 0.0297581 0.014333 0.161922 0.0261287 0.256789 0.0275089 0.0190251 0.0280267 0.0184495 0.023076 0.0273863 0.0209627
67 ? 3.8173 0.0425794 0.0279427 0.0182534 0.026995 0.0252856 0.0275431 0.0456394 0.0762931 0.0230903 0.233637 0.0621318 0.0659984 0.0154275 0.0220846 0.0143365 0.0282878 0.0318541 0.14206 0.0329854 0.0375752
68 ? 4.11896 0.0334732 0.0198084 0.0537032 0.0394594 0.0416588 0.0323913 0.0469443 0.0960749 0.026832 0.147107 0.0968901 0.0364268 0.0299634 0.0606464 0.0472098 0.0478621 0.0349556 0.043794 0.0342346 0.0305639
69 ? 3.51425 0.029331 0.028975 0.0267141 0.0185985 0.0150271 0.0744423 0.0231751 0.0499677 0.0116197 0.267702 0.0287404 0.0312287 0.0215709 0.0127191 0.0524896 0.223466 0.0258388 0.0188863 0.0254614 0.0140461
70 ? 3.93505 0.131261 0.0209868 0.0628442 0.0343439 0.0310794 0.161593 0.0512319 0.0146092 0.0339699 0.0390127 0.026014 0.0319002 0.0179776 0.0606364 0.0724401 0.10004 0.0638631 0.0100264 0.0120696 0.024101
71 ? 3.99237 0.0344213 0.013015 0.0251967 0.014937 0.11339 0.0739878 0.0177814 0.0363881 0.0659196 0.0279157 0.0217334 0.0347531 0.0911428 0.0444974 0.0465549 0.038319 0.15638 0.0193426 0.0401092 0.0842155
72 ? 3.49103 0.0254707 0.273 0.210161 0.0253221 0.0291175 0.0199293 0.0167651 0.020548 0.0227442 0.0151282 0.109619 0.0164569 0.0123717 0.0195225 0.0382566 0.0156272 0.0260676 0.0358511 0.0444365 0.0236037
73 ? 4.03854 0.0304967 0.0365278 0.0651903 0.0482358 0.031924 0.0407843 0.0293786 0.0550419 0.0401102 0.0780947 0.0390274 0.111782 0.00450377 0.0399119 0.0188399 0.119959 0.115084 0.0573354 0.0215334 0.0162407
74 ? 3.83063 0.0236141 0.0139589 0.0386983 0.0149564 0.0637357 0.0114731 0.019966 0.136489 0.0597643 0.109866 0.0521398 0.0145579 0.0569969 0.0395506 0.147924 0.0239687 0.0150529 0.126199 0.0208819 0.0102063
75 ? 3.78894 0.0219353 0.0474179 0.0170473 0.0130552 0.0167431 0.0227043 0.022228 0.108287 0.0921843 0.049311 0.0276493 0.0316127 0.0248086 0.0150998 0.213502 0.0231622 0.107739 0.0978297 0.017076 0.0306066
76 ? 3.60125 0.0693412 0.0292671 0.0199322 0.0477935 0.00911228 0.297091 0.00863925 0.0539314 0.0335136 0.0379568 0.0483035 0.0814094 0.00627992 0.0498477 0.00917455 0.0213366 0.0131808 0.0419822 0.109188 0.0127194
77 ? 3.60717 0.0334555 0.0589269 0.0105495 0.014045 0.0128797 0.0369373 0.0570264 0.0559633 0.0328862 0.030387 0.0487074 0.0376056 0.00712658 0.0236947 0.0893257 0.0359425 0.0252804 0.0417746 0.330405 0.0170811
78 ? 3.5807 0.0229254 0.0144583 0.0125411 0.0239327 0.122362 0.0167271 0.0741398 0.0213926 0.0103542 0.228515 0.0516203 0.01515 0.0101822 0.0095726 0.0148813 0.108565 0.00982206 0.058347 0.0283475 0.146163
79 L 3.25932 0.0307877 0.0272983 0.0160287 0.0172073 0.0190861 0.0116441 0.0126017 0.0888262 0.0118579 0.430076 0.0426741 0.0358238 0.0694257 0.0199769 0.0326177 0.0135417 0.0283961 0.0427345 0.0190448 0.0303511
80 ? 3.42556 0.0371297 0.0261167 0.0280143 0.139131 0.0314725 0.372252 0.0205312 0.0296598 0.022787 0.0156016 0.020754 0.0353849 0.0103001 0.0332129 0.00839495 0.0305779 0.0376005 0.0335857 0.0273007 0.0401928
81 ? 3.69177 0.0198088 0.0308519 0.0394009 0.141825 0.0290947 0.0279768 0.106373 0.0406442 0.0316996 0.0264704 0.0176644 0.25836 0.0051878 0.0167066 0.0166229 0.0594826 0.0321731 0.05414 0.0186004 0.0269169
82 ? 3.69573 0.0161149 0.0486934 0.0155585 0.023004 0.0806945 0.00821887 0.140324 0.0134875 0.0274905 0.0173993 0.0562559 0.0232199 0.25433 0.0903729 0.0269134 0.0290249 0.0284036 0.0180997 0.0373817 0.0450123
83 ? 3.95305 0.106358 0.0337346 0.0262696 0.0946527 0.02197 0.0748456 0.0229947 0.0206255 0.0103301 0.0334873 0.0546567 0.0765629 0.0672938 0.173761 0.017237 0.0417282 0.0285374 0.034818 0.0131779 0.0469597
84 ? 3.37778 0.119908 0.367209 0.00998318 0.0101464 0.0143583 0.0342015 0.0131475 0.0204493 0.0113781 0.0307287 0.0470431 0.0858713 0.015016 0.019805 0.0283312 0.050861 0.0392479 0.0278472 0.0465286 0.00793926
85 ? 3.88901 0.0665828 0.031013 0.207204 0.123193 0.0157862 0.0406036 0.0306785 0.0219516 0.0152134 0.030784 0.016997 0.0538349 0.0518711 0.0689446 0.0338004 0.0355122 0.0785554 0.027989 0.00698924 0.0424971
86 ? 4.1056 0.0567281 0.0167571 0.0823352 0.0499266 0.0288486 0.0816871 0.0995075 0.0445307 0.0334443 0.0617728 0.0168557 0.122698 0.0409698 0.0507431 0.0463046 0.0583668 0.0303716 0.0296672 0.0101077 0.0383771
87 ? 3.37857 0.0182298 0.0246678 0.0320812 0.0244591 0.00660124 0.012558 0.024283 0.0718973 0.293715 0.241548 0.0434675 0.0121904 0.0209724 0.0253401 0.0299371 0.0225315 0.0323684 0.029767 0.0121347 0.02125
88 ? 3.80375 0.0155442 0.0752138 0.118525 0.0601363 0.0175884 0.0220085 0.0155517 0.0622235 0.033693 0.0792829 0.102158 0.177538 0.00852561 0.0344481 0.00555286 0.0422452 0.0180419 0.0156138 0.0887439 0.00736603
89 P 4.08165 0.0851548 0.0585475 0.0279297 0.0262109 0.109109 0.0500933 0.0287299 0.056017 0.0245092 0.0916214 0.0221348 0.034974 0.113892 0.00935011 0.0199234 0.0578946 0.0244584 0.0555169 0.0433649 0.0605675
90 ? 4.10109 0.053186 0.0169628 0.0325785 0.0326514 0.036657 0.0391967 0.0608129 0.0811681 0.0925214 0.0451923 0.0625312 0.0588579 0.0139687 0.0750621 0.0487781 0.0440559 0.134632 0.0330805 0.0149275 0.0231794
91 ? 3.70395 0.0217048 0.0210607 0.015102 0.0558548 0.029487 0.0161038 0.0602551 0.0347694 0.231554 0.0317529 0.0316627 0.072026 0.0108774 0.0325378 0.190464 0.0217167 0.0192018 0.0470604 0.0148445 0.041964
92 ? 3.87135 0.028062 0.0146023 0.034158 0.0277704 0.0505225 0.0524454 0.0542123 0.0434699 0.030712 0.0335783 0.106564 0.0541604 0.0310168 0.0416062 0.0191269 0.0535856 0.2484 0.0168064 0.016322 0.0428783
93 ? 3.55437 0.0109942 0.0846124 0.0627851 0.0226405 0.114827 0.23608 0.0162702 0.00972061 0.0261984 0.032733 0.0310141 0.0177529 0.0293805 0.0329571 0.0123387 0.0268295 0.0190612 0.0104988 0.192233 0.0110719
94 ? 3.37033 0.0314882 0.0269389 0.046906 0.0360984 0.0189184 0.275599 0.0197817 0.0277034 0.0238055 0.0139276 0.0270443 0.021775 0.0156966 0.0313011 0.0143362 0.276798 0.0198096 0.013953 0.0386065 0.0195128
95 ? 3.46293 0.061804 0.028648 0.0305786 0.024273 0.0141965 0.0583163 0.0305726 0.01105 0.030039 0.0155153 0.0201423 0.0190747 0.128716 0.0285327 0.0245225 0.0470752 0.0210816 0.0240698 0.0219851 0.359807
96 I 3.28735 0.0129434 0.0335918 0.0152088 0.017026 0.0354667 0.0106278 0.0156102 0.355772 0.0138876 0.117865 0.0332362 0.0125427 0.0132901 0.0140302 0.0110133 0.0293338 0.0360577 0.162052 0.0281037 0.0323418
97 ? 3.62976 0.0288212 0.0354244 0.0184251 0.03096 0.0394775 0.0236924 0.0277915 0.172808 0.0627769 0.0230703 0.0155668 0.0234025 0.0115358 0.036359 0.0216274 0.0134768 0.0185681 0.222259 0.0172139 0.156744
98 ? 3.85976 0.020265 0.0219676 0.0153763 0.224382 0.0359382 0.0225726 0.0373573 0.0779169 0.11212 0.0407037 0.0431639 0.0368912 0.010716 0.0847243 0.0612293 0.0386871 0.0408806 0.0423245 0.0197941 0.0129899
99 ? 3.86775 0.076773 0.0215018 0.0582423 0.0646227 0.0113756 0.0392125 0.0348458 0.0146911 0.0846483 0.0361709 0.012572 0.0220059 0.016471 0.149161 0.177601 0.0357843 0.0699656 0.0280632 0.0130544 0.0332374
100 ? 4.11285 0.122702 0.015008 0.0166534 0.0548356 0.036764 0.0715437 0.0885487 0.0526193 0.0277038 0.0767555 0.0356961 0.0374431 0.0900886 0.0430481 0.0438509 0.0264562 0.0266043 0.0634621 0.0194319 0.0507849
101 ? 3.79772 0.0416379 0.0185739 0.25634 0.0355705 0.0832865 0.0684094 0.0171363 0.0211008 0.0223023 0.0692797 0.0196331 0.0877254 0.0499249 0.0245142 0.0415481 0.0369194 0.0586089 0.0205668 0.0115261 0.0153958
102 ? 4.02229 0.0526371 0.0344431 0.00835631 0.0139627 0.0476922 0.113661 0.0334574 0.0100785 0.0353212 0.0464822 0.0236603 0.0137618 0.0440637 0.116578 0.101738 0.0957795 0.0575221 0.0474917 0.0651715 0.0381416
103 ? 4.03053 0.0528524 0.0180588 0.0125372 0.0930755 0.0121647 0.0359242 0.0598122 0.0914605 0.0983007 0.0453929 0.0492201 0.100443 0.0489545 0.0269567 0.0385544 0.0407882 0.0308779 0.114176 0.0104189 0.0200308
104 ? 3.8482 0.0291734 0.0294264 0.0170188 0.107994 0.139594 0.0136803 0.0968337 0.0382047 0.0265947 0.032513 0.0201937 0.0493828 0.0081441 0.0451107 0.0216536 0.0299307 0.0204155 0.0451857 0.188128 0.0408229
105 ? 3.89021 0.0455185 0.0605689 0.0389528 0.0270536 0.0487512 0.255993 0.0431303 0.0211495 0.0588095 0.0469904 0.0888978 0.033682 0.0235253 0.0263897 0.0200308 0.046642 0.0263212 0.0219298 0.0299584 0.0357053
106 ? 3.80019 0.100968 0.0346053 0.0176552 0.07558 0.0197643 0.0180373 0.0205231 0.0204398 0.0281846 0.0875868 0.0179773 0.0281464 0.116339 0.0178347 0.2092 0.0390484 0.0196382 0.0887159 0.0202284 0.0195275
107 ? 3.41784 0.0318375 0.334425 0.0968849 0.156589 0.0159634 0.0108875 0.0465791 0.0163131 0.0227943 0.0153785 0.0558144 0.0320573 0.0122723 0.0135318 0.0141259 0.0281511 0.0186398 0.019431 0.0323369 0.0259871
108 ? 3.56728 0.0263848 0.0277783 0.0108881 0.0171807 0.0414406 0.0359874 0.025177 0.0344912 0.0256782 0.16063 0.0375894 0.0232241 0.0471759 0.0355868 0.0175446 0.0270332 0.034381 0.0352714 0.0170978 0.31946
109 ? 3.46873 0.0307683 0.120376 0.0124955 0.0313537 0.0192704 0.0126358 0.0197034 0.0325506 0.0289045 0.0476105 0.0315868 0.00830791 0.313818 0.0332402 0.0171483 0.018064 0.0234302 0.151195 0.0370759 0.0104662
110 ? 3.41521 0.0134074 0.0324588 0.0224666 0.0296262 0.0283419 0.310403 0.0155924 0.0472833 0.0316785 0.225915 0.034468 0.0141336 0.0365351 0.0156309 0.0197002 0.0152572 0.0262297 0.0314113 0.0287462 0.0207149
111 ? 4.0322 0.0751983 0.00981429 0.0799373 0.0828301 0.0528816 0.0425214 0.0330218 0.0610451 0.0203289 0.0453076 0.0964096 0.0171182 0.0619326 0.0168366 0.0187664 0.0413206 0.135079 0.0264717 0.0144224 0.0687564
112 ? 3.82337 0.0200635 0.0260154 0.127422 0.0307015 0.0400054 0.0182802 0.032828 0.0812899 0.0108534 0.210521 0.0708158 0.0896883 0.0145152 0.0130317 0.0237141 0.0147676 0.0412719 0.0343168 0.0687822 0.0311155
113 ? 3.68856 0.0814424 0.0130113 0.0319373 0.018494 0.0495509 0.00692972 0.0628075 0.0433511 0.280576 0.0381111 0.0360497 0.0294092 0.00948989 0.0724436 0.0294252 0.0898692 0.0619292 0.00898871 0.0193773 0.0168067
114 ? 3.90765 0.0930104 0.0172718 0.154004 0.134071 0.0628182 0.0232216 0.055107 0.0175389 0.0457454 0.0373983 0.0309294 0.0811381 0.0111792 0.0569976 0.00948917 0.0486258 0.0143703 0.00474885 0.0622684 0.0400662
115 ? 3.83943 0.0472965 0.0113735 0.0361824 0.226594 0.0362516 0.0289446 0.025161 0.0957213 0.0200333 0.0577624 0.0295567 0.0272913 0.0238862 0.0474595 0.0240823 0.0879809 0.0390506 0.016337 0.0122634 0.106772
116 ? 3.72509 0.0561719 0.0571282 0.0134206 0.192583 0.0218146 0.038953 0.0112916 0.135355 0.0137216 0.018887 0.0203935 0.0222446 0.0625756 0.0801419 0.00807963 0.021273 0.0267162 0.154072 0.0213446 0.0238334
117 ? 3.7235 0.0213318 0.0388533 0.0256342 0.290935 0.0178386 0.0216422 0.0210921 0.0339562 0.0428318 0.0347465 0.0725223 0.0178008 0.0137127 0.0859642 0.0896753 0.0303138 0.0551763 0.0320654 0.0344857 0.0194212
118 ? 3.52411 0.0261609 0.0288358 0.0213943 0.0267451 0.0330349 0.0173303 0.0176724 0.069617 0.0529113 0.329335 0.0389152 0.0118562 0.0192927 0.0382206 0.14954 0.0122351 0.0259361 0.0257061 0.0288656 0.0263948
119 ? 3.86061 0.0272964 0.0549716 0.0206296 0.0181368 0.0351267 0.0202544 0.0596451 0.179884 0.0392784 0.0243399 0.0285113 0.0248446 0.0120084 0.0222828 0.174116 0.0158923 0.054296 0.0687765 0.0407959 0.0789135
120 ? 3.54194 0.0251717 0.0227314 0.0262696 0.275037 0.0355224 0.0175935 0.0226238 0.0184862 0.0650421 0.0156308 0.0413147 0.0407429 0.0134008 0.0235071 0.0247383 0.0305765 0.0116279 0.015811 0.204332 0.0698403
121 ? 3.79081 0.0253388 0.0392378 0.0195949 0.0133311 0.022877 0.0132063 0.0836159 0.0195003 0.0307412 0.0585647 0.0272901 0.0421349 0.00660382 0.213777 0.157456 0.0744198 0.0409373 0.0221743 0.0426766 0.0465221
122 ? 3.38028 0.0136928 0.0348156 0.00784344 0.0121801 0.0429699 0.00729324 0.0475079 0.218354 0.0153148 0.261705 0.0342841 0.0143407 0.0139114 0.0710326 0.0188753 0.0156316 0.0253125 0.123217 0.0127905 0.00892716
123 ? 3.74346 0.187377 0.0656947 0.012442 0.0439115 0.0420658 0.185772 0.0201496 0.0154081 0.019421 0.024444 0.0194547 0.0348177 0.0143698 0.037934 0.0298344 0.112688 0.0709218 0.035066 0.0174478 0.0107815
124 ? 4.02983 0.0713972 0.0312355 0.0401498 0.0766137 0.0377321 0.0903393 0.0367422 0.0475469 0.0144498 0.0189161 0.0508862 0.141803 0.0182111 0.0370237 0.0375883 0.117111 0.0162142 0.020479 0.0287435 0.0668182
125 ? 3.92261 0.0700888 0.0716645 0.0151536 0.0146024 0.0408338 0.0299438 0.0168945 0.175729 0.0120992 0.0643073 0.0515646 0.0933439 0.00830666 0.0304736 0.0207523 0.0584893 0.0731381 0.0985697 0.0178256 0.0362201
126 ? 4.05018 0.0553302 0.0362533 0.0456132 0.0344838 0.0286754 0.091663 0.0215771 0.0719199 0.0301936 0.156927 0.0359731 0.0398538 0.00584617 0.0444237 0.0660696 0.0664556 0.0835439 0.031984 0.01435 0.0388637
127 ? 4.07989 0.0627361 0.0119032 0.0854256 0.0601588 0.0610624 0.0543802 0.0271476 0.023496 0.0709873 0.061808 0.0232525 0.0254049 0.00835532 0.126312 0.047481 0.0823788 0.043296 0.0727572 0.0219633 0.029694
128 ? 4.01845 0.129009 0.0151247 0.0336394 0.0159611 0.087102 0.0204382 0.0880421 0.037915 0.0195923 0.118466 0.0494666 0.0513588 0.0214662 0.020123 0.0117917 0.0438926 0.0594878 0.0579266 0.0730831 0.0461142
129 ? 3.95759 0.0881441 0.0189187 0.044434 0.186523 0.0134854 0.0789294 0.04619 0.0198464 0.0641715 0.0321389 0.0844952 0.031732 0.0155617 0.0244759 0.0408982 0.0599844 0.0681618 0.0439488 0.00795946 0.0300013
130 ? 3.60162 0.0193776 0.0405173 0.013138 0.0185071 0.0147772 0.0108159 0.0564472 0.0165928 0.123122 0.0305212 0.0481778 0.0210178 0.0402954 0.0264165 0.292136 0.020211 0.0989093 0.0736513 0.0222697 0.0130986
131 ? 3.75507 0.106864 0.0177148 0.0208932 0.0275558 0.228101 0.028773 0.048898 0.0532857 0.0122058 0.0123893 0.0312865 0.0288057 0.144723 0.0282785 0.00826932 0.0504679 0.0181813 0.0406098 0.0275953 0.0651021
132 ? 3.79203 0.0287054 0.0264315 0.0460658 0.186035 0.0120669 0.177617 0.0185516 0.0851434 0.0159989 0.0220817 0.0293655 0.0430739 0.0922733 0.0415047 0.0160419 0.0604919 0.0154238 0.0445308 0.0231259 0.0154703
133 ? 3.3169 0.0342856 0.0197144 0.0453959 0.012894 0.0427032 0.0130236 0.0111198 0.306209 0.0254501 0.232594 0.0858636 0.0230666 0.0120418 0.0161489 0.016313 0.00899128 0.0124177 0.037706 0.0216986 0.0223623
134 ? 3.51088 0.0384871 0.0475589 0.0216107 0.0175221 0.253102 0.0098691 0.012314 0.0137987 0.0190888 0.014081 0.102185 0.0212549 0.0107268 0.0115412 0.0100578 0.0594742 0.197943 0.0437637 0.0262807 0.0693402
135 ? 3.81192 0.0233607 0.0162535 0.154223 0.0530881 0.0252173 0.0169188 0.202933 0.013489 0.0877209 0.011817 0.0450692 0.0471266 0.0852922 0.0526139 0.0352888 0.0395889 0.0251107 0.0183897 0.0174736 0.0290243
136 ? 4.0689 0.0471628 0.0444241 0.0332324 0.0283199 0.104781 0.0348215 0.0154204 0.115148 0.058936 0.080825 0.0980388 0.0110585 0.0255594 0.060427 0.0212361 0.0349962 0.0431709 0.0769914 0.0154378 0.0500131
137 ? 3.77919 0.0848677 0.0112705 0.051256 0.11708 0.029611 0.0305376 0.0270073 0.0348742 0.0365813 0.037959 0.252195 0.0749962 0.0222898 0.0207926 0.00890211 0.0404699 0.0450134 0.037121 0.0111044 0.0260711
138 ? 3.65675 0.0298184 0.00845464 0.0160989 0.0441706 0.0225633 0.08464 0.0149959 0.262436 0.0248983 0.0790389 0.0673838 0.148793 0.0260579 0.0177279 0.0178142 0.0346993 0.0193361 0.0318735 0.0348556 0.0143432
139 ? 3.83841 0.13139 0.0217512 0.0124813 0.0144266 0.0551386 0.0427185 0.0430946 0.0293103 0.0224014 0.0463816 0.0398876 0.0240186 0.011863 0.0571946 0.015319 0.0565865 0.0767162 0.0410812 0.227016 0.0312238
140 ? 3.53935 0.0171133 0.0223381 0.023233 0.041987 0.119773 0.0263464 0.176837 0.0260103 0.00954922 0.0219541 0.0319881 0.0235985 0.00955498 0.050019 0.00991319 0.0227077 0.0230926 0.023757 0.27314 0.0470874
141 ? 3.85043 0.0363294 0.0481161 0.0276651 0.0524524 0.0339395 0.0523194 0.0178803 0.0316253 0.0146499 0.0253409 0.0337899 0.0262265 0.134208 0.0910373 0.037189 0.229322 0.0334414 0.0347019 0.0164125 0.0233535
142 N 3.04188 0.0178324 0.0262485 0.0202177 0.0274129 0.0243115 0.0293722 0.0319429 0.0214481 0.0273313 0.0195592 0.0274694 0.512809 0.0339795 0.0388384 0.0165625 0.0395351 0.0129795 0.0185141 0.0299112 0.0237239
143 ? 3.80335 0.0180675 0.0365536 0.00910761 0.0121255 0.0335604 0.0200378 0.138612 0.0681821 0.0153111 0.177985 0.0270427 0.0343512 0.0193366 0.0259687 0.0169332 0.0681014 0.0751783 0.030081 0.033856 0.139608
144 ? 3.6289 0.0466065 0.0288104 0.0371228 0.0186738 0.0130292 0.117416 0.0146304 0.0240721 0.112592 0.016719 0.0562167 0.193961 0.0137261 0.0229304 0.00577559 0.0272184 0.191579 0.0261852 0.0168158 0.0159204
145 ? 3.62343 0.0599859 0.0336454 0.296874 0.15264 0.0639573 0.0345092 0.0387437 0.0237457 0.0206527 0.0132895 0.0339286 0.0357421 0.0121738 0.0209888 0.015612 0.0298766 0.031045 0.0200184 0.0429623 0.0196095
146 ? 3.89684 0.115567 0.0214177 0.0446534 0.0319351 0.0407754 0.0437097 0.0305771 0.012109 0.0205619 0.011708 0.0185823 0.0906648 0.0170363 0.107165 0.0157114 0.129721 0.11683 0.0332053 0.0133481 0.0847214
147 ? 3.77628 0.0337139 0.042765 0.0182207 0.0313172 0.0247018 0.195997 0.0477627 0.0677996 0.0452268 0.0163855 0.021773 0.0405231 0.0224496 0.0494636 0.0251057 0.0233938 0.214107 0.0395064 0.0204826 0.0193051
148 ? 3.66896 0.0306714 0.0133032 0.0256295 0.0136615 0.0213447 0.0124419 0.0356399 0.111853 0.0534525 0.00973412 0.034495 0.0357247 0.0221587 0.0183826 0.0537788 0.0543018 0.0855802 0.08075 0.0101044 0.276992
149 ? 2.99656 0.00867353 0.0224681 0.00817212 0.0117241 0.0133382 0.0106372 0.0145193 0.0183872 0.0257684 0.00925157 0.0187388 0.0157573 0.0109752 0.263486 0.0384631 0.354544 0.101808 0.0161333 0.0210947 0.0160595
150 ? 3.78049 0.0989247 0.019037 0.0188439 0.0264317 0.0693078 0.0193071 0.0221556 0.0170793 0.031725 0.0544889 0.0228194 0.0173402 0.0234221 0.103433 0.226585 0.0875267 0.0110568 0.0148234 0.0798289 0.0358631
151 ? 3.4286 0.122503 0.0208938 0.0157074 0.0212968 0.0169293 0.0201856 0.031278 0.0136705 0.0377453 0.101689 0.0181885 0.022791 0.0101337 0.0176346 0.0167184 0.196833 0.266141 0.0202561 0.0165734 0.0128305
152 ? 3.38165 0.0132315 0.263473 0.0197264 0.0170873 0.0254118 0.0262612 0.0257375 0.0109625 0.0573449 0.0227401 0.0151056 0.01498 0.0192713 0.0407586 0.273046 0.0414582 0.0176363 0.0121518 0.0295162 0.0541012
153 ? 3.81506 0.256216 0.0166459 0.0212534 0.0493253 0.0239238 0.062689 0.0133868 0.0457047 0.0249496 0.0459586 0.0148758 0.0661232 0.0628116 0.0744743 0.041863 0.0419447 0.0761745 0.0371972 0.012258 0.0122243
154 ? 3.75736 0.0990023 0.0403618 0.0218916 0.026723 0.00940711 0.00862433 0.035794 0.192906 0.0281144 0.164608 0.0223902 0.0087654 0.0109594 0.0370356 0.0410216 0.0367416 0.0991426 0.0634931 0.0224054 0.0306121
155 ? 3.85388 0.0358735 0.0131587 0.0200049 0.0444664 0.0191628 0.0303037 0.0500634 0.0509794 0.0298587 0.0686921 0.0267036 0.0338968 0.0058856 0.0543981 0.046225 0.0664308 0.0555352 0.246459 0.0166208 0.0852814
156 ? 3.71998 0.0610192 0.0210556 0.100004 0.0676915 0.0139473 0.0682444 0.0238629 0.0169462 0.0519943 0.00843417 0.0367833 0.0298504 0.012904 0.0645009 0.273897 0.0597183 0.0289707 0.0231236 0.0222332 0.0148189
157 ? 3.82258 0.0592813 0.0377099 0.0214846 0.0654135 0.00915829 0.0382237 0.0223724 0.115612 0.0399338 0.0234531 0.0574527 0.0163077 0.00752774 0.023615 0.0219263 0.125259 0.197991 0.0723581 0.0144844 0.0304363
158 ? 3.88225 0.0479239 0.0230271 0.00917634 0.0121214 0.0143576 0.177579 0.0463507 0.0209987 0.0563519 0.112024 0.0636406 0.041825 0.05719 0.0296295 0.0131323 0.075394 0.107991 0.0137957 0.0149165 0.0625755
159 ? 3.77194 0.0545501 0.0198413 0.050024 0.0864057 0.00949772 0.098439 0.0534796 0.0303918 0.0387639 0.119025 0.207202 0.0172199 0.00725678 0.0658781 0.0106488 0.0655924 0.0268889 0.0193216 0.0104266 0.00914729
160 ? 3.31642 0.0225852 0.0348341 0.230556 0.0468272 0.32898 0.0143448 0.0281123 0.0192086 0.0116818 0.0113023 0.039995 0.028314 0.0168479 0.0203525 0.0123199 0.0142053 0.022451 0.0245252 0.0386886 0.0338692
161 ? 3.57988 0.132054 0.0131633 0.013002 0.0252571 0.158436 0.0461325 0.0115393 0.0138047 0.0158858 0.0131364 0.0108042 0.014588 0.118566 0.0294024 0.0171271 0.0887995 0.0256308 0.0198699 0.0241812 0.20862
162 R 3.27008 0.0246905 0.0209294 0.0138055 0.0302803 0.0257253 0.0250691 0.0639805 0.0201818 0.116976 0.0125569 0.0155 0.0134219 0.0220311 0.0271928 0.415996 0.0614134 0.0215762 0.0184678 0.0233681 0.0268371
163 ? 3.40898 0.0173644 0.0508608 0.0125944 0.0120017 0.0349728 0.010832 0.0349421 0.0850495 0.0135174 0.0254724 0.103564 0.347631 0.00669042 0.0205735 0.00520997 0.0251159 0.0828928 0.0660818 0.0304377 0.0141943
164 ? 3.52256 0.15797 0.0957191 0.00817185 0.006186 0.0284242 0.0128716 0.0073386 0.137876 0.0184097 0.205103 0.0962713 0.0338383 0.0150883 0.0158752 0.00782471 0.0419421 0.011889 0.0767249 0.0139445 0.00853198
165 ? 3.80137 0.114288 0.0353782 0.0253299 0.0140066 0.0809994 0.039928 0.0173948 0.0260944 0.0117797 0.110561 0.0258244 0.0899279 0.0238492 0.0118169 0.00840095 0.14926 0.0346846 0.138419 0.00920737 0.0328486
166 ? 3.38256 0.0142228 0.0188733 0.0236148 0.0519237 0.0171965 0.0128459 0.0192151 0.0290101 0.0111437 0.147863 0.0878358 0.0115418 0.0132932 0.0983703 0.0362637 0.0349857 0.0213943 0.0109944 0.329984 0.00942783
167 ? 3.32789 0.0139899 0.0258775 0.0100261 0.00905605 0.0108896 0.0238975 0.0136758 0.137915 0.00929103 0.220644 0.208061 0.0218976 0.012502 0.0172619 0.0122384 0.0185386 0.0293756 0.166636 0.0205068 0.0177195
168 ? 3.73578 0.0706949 0.0271191 0.0202682 0.0166028 0.0194155 0.0373125 0.0213942 0.0257773 0.0189084 0.0701591 0.0385474 0.0182164 0.0244998 0.217357 0.0214977 0.0851748 0.172815 0.0196223 0.0117167 0.0629014
169 ? 3.78864 0.0653382 0.0300298 0.00905456 0.0827873 0.0173312 0.25844 0.0416558 0.0320986 0.0715498 0.028884 0.0256652 0.0241469 0.00940358 0.056864 0.0607795 0.0420917 0.0582139 0.0599861 0.0157815 0.009898
170 ? 3.85462 0.0490553 0.0183436 0.0464293 0.0403977 0.0433904 0.0343491 0.0372252 0.0291943 0.0697667 0.0259539 0.0454463 0.0332105 0.011661 0.0309605 0.0733261 0.269176 0.0362968 0.0207232 0.0255552 0.0595403
171 ? 3.82422 0.0350239 0.0616671 0.0615805 0.0275734 0.0342406 0.0583458 0.0148031 0.0184016 0.014401 0.0588321 0.0704445 0.100593 0.00694616 0.079782 0.00915963 0.0694512 0.218397 0.0261282 0.00984597 0.0243832
172 ? 3.77393 0.0683794 0.0292052 0.0791426 0.16315 0.0169323 0.0139701 0.0198606 0.107492 0.0150025 0.183313 0.0274257 0.0321786 0.044795 0.0600446 0.0102113 0.0405291 0.0352122 0.0364007 0.00935671 0.00739846
173 ? 4.02955 0.0581656 0.0113255 0.0663082 0.0793054 0.0440039 0.0207543 0.0286342 0.0229165 0.0356038 0.0230474 0.0152523 0.0513248 0.169321 0.0690869 0.0169466 0.056054 0.0678603 0.0785486 0.0423007 0.0432399
174 ? 3.2985 0.00686576 0.0182221 0.0247293 0.0245691 0.0444057 0.0192317 0.0174827 0.0177366 0.0168293 0.0145942 0.0367602 0.0372572 0.00871529 0.0138003 0.283543 0.0120337 0.0312017 0.0118744 0.115558 0.24459
175 ? 3.75432 0.0354278 0.0103453 0.0461322 0.0515237 0.0223534 0.0459263 0.0268841 0.0248473 0.16361 0.0250429 0.068847 0.0327407 0.0280667 0.00833502 0.23638 0.0691678 0.0164239 0.0207385 0.0338425 0.0333651
176 ? 3.88394 0.115273 0.0179719 0.0176349 0.0181948 0.0407448 0.0540792 0.0688291 0.0475469 0.0466162 0.0538932 0.0402166 0.0114731 0.0329653 0.0355397 0.0186669 0.227762 0.0603667 0.0357194 0.0182367 0.0382695
177 ? 3.45863 0.100348 0.0179253 0.0102608 0.0264976 0.0486224 0.278571 0.0165319 0.0713996 0.00797415 0.0790598 0.0176546 0.00981216 0.00739464 0.012721 0.0134456 0.0299126 0.0471269 0.171342 0.0118746 0.0215262
178 ? 3.9698 0.211873 0.0154623 0.0359826 0.0259989 0.0248666 0.0265876 0.0439526 0.0290676 0.03308 0.0779389 0.0299766 0.0552339 0.0294878 0.0223025 0.0316451 0.0712009 0.0815831 0.0628018 0.0280267 0.062931
179 ? 3.62977 0.286774 0.0253543 0.0138179 0.028762 0.0658107 0.0492019 0.0137121 0.0214729 0.0294611 0.0225062 0.0335906 0.0515523 0.0184177 0.0527826 0.0132488 0.134653 0.0524866 0.0685291 0.00959827 0.00826829
180 ? 3.74424 0.0495859 0.015962 0.0302163 0.0631865 0.0541544 0.297932 0.0163025 0.0271317 0.031183 0.0194989 0.0376858 0.0500472 0.00925246 0.0443337 0.0169275 0.0678152 0.0482626 0.0494806 0.0511004 0.0199403
181 ? 3.6498 0.0957402 0.0185284 0.0206075 0.0176841 0.133464 0.0385682 0.0394211 0.00687934 0.0191185 0.0213766 0.066797 0.0153689 0.0209952 0.0671682 0.0138476 0.0256984 0.0111957 0.00985715 0.145571 0.212113
182 ? 3.90629 0.22511 0.0376797 0.0237002 0.015223 0.033077 0.0272467 0.0527822 0.0432126 0.0165572 0.0293208 0.044711 0.0826047 0.0103828 0.0353903 0.0218341 0.0313457 0.0792146 0.0683925 0.0799149 0.0423002
183 ? 3.3531 0.0246533 0.069096 0.0211314 0.0259909 0.0258029 0.014177 0.0179351 0.0837192 0.0303119 0.0124128 0.0203228 0.320884 0.0138907 0.0135438 0.0112924 0.0164257 0.0419734 0.20142 0.0155302 0.0194869
184 ? 3.70649 0.0231555 0.0131647 0.0528053 0.024585 0.0174298 0.0376565 0.0264738 0.022367 0.3053 0.0479584 0.035702 0.0373791 0.0177251 0.05228 0.0234438 0.095033 0.0518234 0.0634034 0.0178161 0.0344982
185 ? 3.77852 0.0522687 0.01686 0.0165793 0.0603075 0.0687459 0.252555 0.0314503 0.0354047 0.0881298 0.0596409 0.030207 0.0270164 0.0129456 0.0785599 0.0530716 0.0174484 0.0115211 0.0624277 0.00777756 0.0170824
186 ? 4.1023 0.039058 0.0173123 0.0521207 0.0574902 0.0383691 0.0843581 0.0595256 0.0617248 0.0577788 0.0633344 0.0295685 0.0220632 0.0199939 0.0896935 0.0663935 0.0466101 0.07046 0.105292 0.00496886 0.0138847
187 ? 3.91022 0.0739681 0.033277 0.0167616 0.0241529 0.0116827 0.208673 0.0154494 0.0731423 0.0805664 0.0443468 0.0245392 0.078278 0.0187054 0.0480392 0.078534 0.0476066 0.0400426 0.0457103 0.0135132 0.0230114
188 ? 3.83294 0.0557859 0.0185379 0.0902615 0.0925006 0.0469343 0.0240502 0.0235279 0.0160555 0.0228959 0.0354801 0.0243829 0.0200632 0.0923371 0.0352918 0.0158492 0.0897967 0.223626 0.0319243 0.0239601 0.0167385
189 ? 3.43605 0.0250444 0.077033 0.0101058 0.0140251 0.012553 0.0271519 0.0245585 0.111722 0.0116129 0.130192 0.104237 0.00895226 0.00971189 0.0417965 0.0090047 0.0187121 0.028785 0.298939 0.0194692 0.0163935
190 ? 3.46008 0.105898 0.0443036 0.0150151 0.0200155 0.0215456 0.0707734 0.0149302 0.0385248 0.00693147 0.326003 0.0439085 0.018133 0.0112691 0.0275511 0.00779479 0.0334317 0.0508196 0.118704 0.0124542 0.0119921
191 ? 3.36142 0.0178569 0.0337711 0.0115351 0.00818663 0.0157241 0.0123392 0.0225744 0.159213 0.0139331 0.19773 0.187151 0.0160539 0.00779769 0.026054 0.0164516 0.0122589 0.0128017 0.181898 0.0202512 0.026418
