# POSITION WT SITE_ENTROPY PI_A PI_C PI_D PI_E PI_F PI_G PI_H PI_I PI_K PI_L PI_M PI_N PI_P PI_Q PI_R PI_S PI_T PI_V PI_W PI_Y
1 M 4.24588 0.0566051 0.0482422 0.0535163 0.0494446 0.0448535 0.0504101 0.0505822 0.0158053 0.0487388 0.0534919 0.112235 0.0514258 0.0480943 0.0494735 0.0530815 0.0472784 0.0280641 0.0394929 0.0477648 0.0513997
2 A 1.84835 0.6794 0.00635281 0.00287331 0.0368322 0.00596322 0.0138649 0.00212538 0.00315923 0.00568219 0.0015547 0.0298856 0.00601348 0.0074492 0.00289428 0.0129515 0.0145016 0.0102454 0.148863 0.00548636 0.00390249
3 S 3.88357 0.177278 0.0301571 0.00610021 0.00652509 0.0664152 0.0289616 0.0713422 0.0538428 0.0175839 0.0863059 0.0432435 0.10421 0.0112313 0.0484981 0.0107072 0.0914659 0.0594491 0.0164624 0.0272008 0.0430196
4 Q 3.7071 0.0319028 0.0279188 0.00359652 0.0402114 0.165812 0.0065278 0.0125893 0.0687599 0.0198334 0.0490285 0.0617512 0.142451 0.00161697 0.0334547 0.0013369 0.0711237 0.0481601 0.0495842 0.0160047 0.148337
5 G 3.11173 0.129813 0.0866316 0.0138451 0.0110702 0.00473222 0.276154 0.0118077 0.00492529 0.0109611 0.00085267 0.0145162 0.0102301 0.0176224 0.00264473 0.23613 0.0839638 0.0272833 0.0114339 0.00879594 0.0365857
6 T 1.43533 0.083999 0.00424119 0.00534782 0.00463836 0.00487308 0.00239737 0.00360327 0.0206244 0.00837111 0.00147973 0.0089503 0.0235872 0.00220821 0.00336843 0.00286811 0.0144416 0.786326 0.00230698 0.0126664 0.00370186
7 K 1.84993 0.00261746 0.00541293 0.00483596 0.0701475 0.00429752 0.00179236 0.00235111 0.025462 0.701746 0.00224057 0.0101466 0.0838242 0.0011634 0.0125065 0.0202814 0.00190496 0.00753446 0.0190752 0.00952637 0.0131344
8 R 1.6156 0.00800019 0.0145742 0.00707266 0.00464984 0.00589451 0.0138065 0.00514868 0.00373881 0.00329253 0.0241507 0.00673396 0.00666182 0.0287502 0.0371353 0.776961 0.0053074 0.0122942 0.00418668 0.0276944 0.00394656
9 S 3.4067 0.0924382 0.0190564 0.00316833 0.0056839 0.0678933 0.00855277 0.00765805 0.0672422 0.00224085 0.0861698 0.0732322 0.0905422 0.00725509 0.0534941 0.0118557 0.299928 0.0672379 0.00384447 0.0126742 0.0198322
10 Y 3.7519 0.0170223 0.0524946 0.0604538 0.0480812 0.0701033 0.0125447 0.148259 0.0785279 0.00793901 0.0500113 0.00954829 0.0764913 0.0248025 0.023262 0.00182226 0.0260693 0.0312303 0.0647173 0.00330321 0.193316
11 E 3.38079 0.0279277 0.0340136 0.0778322 0.381127 0.0096764 0.0975134 0.0420831 0.0370625 0.0487653 0.01402 0.0340639 0.0175876 0.00854789 0.0426485 0.00832472 0.0189329 0.0122157 0.0492556 0.0121373 0.0262641
12 Q 3.8493 0.0759988 0.0464374 0.0503118 0.00968403 0.0172071 0.00366257 0.0946931 0.0199596 0.166742 0.0466101 0.0341484 0.0504539 0.00648723 0.0591228 0.0859281 0.139099 0.029879 0.0221503 0.0202735 0.0211517
13 M 2.58773 0.00880671 0.0201401 0.00970538 0.032941 0.0158554 0.0303606 0.00774165 0.0269033 0.0645115 0.0251895 0.585862 0.0109477 0.00682231 0.00888507 0.0185237 0.0115054 0.0182519 0.0210622 0.00799284 0.0679925
14 E 2.6328 0.00477306 0.0184375 0.109221 0.162529 0.00351786 0.01037 0.00787944 0.00953524 0.012484 0.148254 0.00859682 0.010765 0.0026017 0.0109028 0.44009 0.0116243 0.00242004 0.0159491 0.00444273 0.00560655
15 T 3.40893 0.0250942 0.146998 0.00559002 0.0337517 0.0148856 0.00380925 0.102923 0.0796979 0.00527488 0.0519974 0.0485013 0.0331161 0.0295041 0.0230267 0.00644859 0.0283158 0.309511 0.0344192 0.00801988 0.00911565
16 D 2.97003 0.00947038 0.0395172 0.487156 0.0364135 0.014329 0.0476956 0.0348337 0.00845005 0.0103261 0.0112433 0.0396966 0.027218 0.00532723 0.0344435 0.0102087 0.00834643 0.100836 0.0312941 0.00941277 0.0337829
17 G 3.60591 0.0447782 0.0810077 0.0113008 0.0126291 0.00435741 0.206671 0.00912893 0.009982 0.0924494 0.0123078 0.0291621 0.156159 0.0688962 0.0999014 0.0104826 0.0628249 0.0411262 0.0317983 0.0134365 0.00160115
18 E 3.98113 0.0763753 0.0300099 0.121422 0.119541 0.0390403 0.0239333 0.0470181 0.0860212 0.0115936 0.0251482 0.0228311 0.0412708 0.0630351 0.0596598 0.00685133 0.041029 0.0504293 0.105606 0.00717419 0.0220095
19 R 2.8164 0.0191357 0.020658 0.00540256 0.0105916 0.0554863 0.0537862 0.0309953 0.00362666 0.114982 0.0250264 0.0107198 0.0118599 0.0291457 0.0057431 0.512122 0.019868 0.0302652 0.00832879 0.0171984 0.0150586
20 Q 2.54007 0.0095234 0.00515412 0.00273368 0.0152091 0.0082804 0.00407845 0.0288662 0.0112596 0.018586 0.027815 0.0184565 0.0168463 0.391414 0.345002 0.0624886 0.00655844 0.00810889 0.00588002 0.00659526 0.00714426
21 N 3.54602 0.0168446 0.133553 0.0154452 0.00154447 0.00295241 0.028194 0.0231457 0.0246563 0.0821605 0.0230597 0.0292992 0.10533 0.00944676 0.0209372 0.0563728 0.156517 0.217462 0.0230465 0.00634005 0.0236931
22 A 3.11458 0.134007 0.00679617 0.00327018 0.0147211 0.00986517 0.0121458 0.0252599 0.00833169 0.0712205 0.00804282 0.0105522 0.0392329 0.023266 0.0113117 0.385786 0.0570487 0.0481278 0.115073 0.00727575 0.00866505
23 T 3.85227 0.0619343 0.0319173 0.00879541 0.00768886 0.019884 0.0818863 0.128215 0.0306852 0.023822 0.0397414 0.0412168 0.0455755 0.0122422 0.0511432 0.0339653 0.176576 0.124001 0.0475361 0.0146064 0.0185668
24 E 3.76156 0.0419163 0.0164587 0.0534611 0.229135 0.0284356 0.012905 0.0109899 0.0534891 0.0427671 0.0364486 0.0670761 0.0262624 0.00467201 0.121046 0.0432501 0.0236141 0.0788508 0.0869103 0.0148246 0.00748817
25 I 3.04865 0.0179217 0.00772985 0.0688489 0.00741557 0.0322665 0.0106391 0.0178203 0.475884 0.0131846 0.0174579 0.0292798 0.014874 0.0923129 0.0447698 0.0341498 0.0124502 0.0271571 0.0306616 0.0216125 0.0235638
26 R 3.12039 0.0132308 0.0144737 0.0102654 0.0443336 0.0550488 0.0519485 0.0152797 0.0338845 0.0779514 0.0118064 0.0722275 0.0117484 0.0110604 0.0230264 0.450385 0.043599 0.0112871 0.00381359 0.0224559 0.0221736
27 A 3.70866 0.174673 0.0151976 0.00377673 0.020028 0.0402453 0.0279814 0.0737593 0.0315402 0.215323 0.0188567 0.0447205 0.0195972 0.00680637 0.0331256 0.0988878 0.0336068 0.0497367 0.0493319 0.0161297 0.026677
28 S 3.07543 0.020386 0.0585562 0.00600019 0.0230487 0.0127445 0.0638302 0.0710454 0.0029473 0.161463 0.00666387 0.0130024 0.389568 0.00906196 0.0181116 0.0314495 0.0782705 0.00784309 0.00681786 0.00370788 0.0154817
29 V 2.92936 0.0115861 0.068706 0.0398392 0.00805599 0.0414319 0.00883136 0.0174897 0.353425 0.00652025 0.0276645 0.0175333 0.0174554 0.0102409 0.00867512 0.015279 0.0110164 0.0105179 0.290902 0.0286662 0.00616352
30 G 2.84385 0.0331445 0.0300826 0.0104739 0.0189454 0.0133566 0.265222 0.0152561 0.019711 0.0135718 0.00914266 0.0239444 0.414258 0.00612693 0.0249288 0.0150533 0.011838 0.0103586 0.0195366 0.0373408 0.0077088
31 K 3.38655 0.0499766 0.041411 0.0283896 0.0327206 0.0103182 0.020747 0.0401478 0.00657083 0.385157 0.0270326 0.0497497 0.0437168 0.00928149 0.0317874 0.116684 0.0220151 0.0274969 0.0184875 0.0192313 0.0190786
32 M 2.97987 0.0191645 0.0297984 0.0227423 0.0299799 0.00826613 0.0243493 0.0200888 0.0237439 0.0397703 0.0267946 0.514436 0.0429324 0.0350833 0.0146555 0.0271764 0.00748915 0.0514831 0.0398636 0.0144081 0.00777364
33 I 3.5466 0.0412244 0.100481 0.0241028 0.0274295 0.0402488 0.0394874 0.0110015 0.315734 0.020789 0.080478 0.0268145 0.0209351 0.0199661 0.00982609 0.00708988 0.0158788 0.047406 0.106222 0.0288342 0.0160512
34 D 3.94612 0.0879987 0.0127771 0.0898713 0.155591 0.0666153 0.0639161 0.0357567 0.082462 0.0276841 0.0853195 0.0238767 0.0234573 0.00289249 0.0186403 0.0286401 0.0435789 0.026638 0.0568892 0.00639935 0.0609961
35 G 3.538 0.0669848 0.0233245 0.033092 0.0356751 0.0337761 0.367843 0.056675 0.0375234 0.0433733 0.0315956 0.018196 0.0641348 0.0168138 0.0141169 0.0279169 0.0455342 0.0262032 0.0248805 0.0127691 0.0195721
36 I 3.58194 0.0656188 0.0258772 0.147727 0.0316755 0.0343752 0.0150747 0.00817173 0.299142 0.0254158 0.0495701 0.0474958 0.0569917 0.0111416 0.0080201 0.010867 0.0259093 0.036333 0.0372848 0.0455151 0.0177931
37 G 3.56138 0.042127 0.0272058 0.0174355 0.0498849 0.0280405 0.368484 0.0151648 0.0601272 0.0575505 0.0290048 0.0192276 0.0333473 0.0169353 0.0309661 0.0469722 0.0303744 0.0195862 0.0427828 0.0368909 0.0278922
38 R 3.71943 0.0716432 0.0300212 0.0125849 0.0227876 0.0170038 0.0489646 0.0738339 0.0608833 0.0203315 0.0298871 0.0367767 0.0285518 0.00739028 0.0448162 0.295397 0.0476833 0.0704588 0.0212805 0.0398138 0.0198913
39 F 3.28174 0.0731111 0.213856 0.0129739 0.00648294 0.157706 0.00551003 0.00624453 0.019162 0.0287271 0.0122792 0.268101 0.00976073 0.0470038 0.0228905 0.0135759 0.0122265 0.0225509 0.0157017 0.0236689 0.0284672
40 Y 3.25916 0.0241304 0.0302788 0.0228415 0.0111329 0.0512012 0.0098308 0.131807 0.00872838 0.00727833 0.0263451 0.0292739 0.0329099 0.0132318 0.0417619 0.0163667 0.0197334 0.0400291 0.0115883 0.0733957 0.398135
41 I 3.99954 0.0673457 0.0448334 0.0194223 0.0195094 0.0209531 0.063057 0.0101232 0.100322 0.0135015 0.127481 0.0936295 0.0618286 0.0175042 0.056298 0.0487295 0.0300383 0.101853 0.055222 0.0116177 0.0367305
42 Q 3.46514 0.0304954 0.0211759 0.0598117 0.0286503 0.0240602 0.0642777 0.0531438 0.0609383 0.0287464 0.0288704 0.0173709 0.0146883 0.0225832 0.388112 0.0423601 0.0139686 0.0211732 0.0277413 0.017611 0.0342213
43 M 3.25358 0.0132535 0.0182482 0.00622804 0.0516794 0.0317521 0.0304768 0.0143159 0.0294004 0.03571 0.0238847 0.205209 0.346442 0.00705433 0.0130889 0.0156543 0.0121081 0.0196607 0.0789537 0.0132195 0.0336609
44 C 3.5551 0.0344841 0.117626 0.022052 0.0108542 0.0292552 0.0335788 0.00921895 0.0132425 0.197946 0.0445613 0.0333029 0.0152041 0.0136211 0.00789346 0.0235426 0.0109325 0.0313274 0.187783 0.145851 0.0177225
45 T 3.59738 0.0222263 0.0616373 0.0502087 0.0101557 0.0262127 0.0216605 0.0371998 0.0407972 0.0249499 0.0156768 0.0230319 0.0247056 0.0116937 0.0311143 0.0578054 0.0200926 0.230266 0.237275 0.0348048 0.0184855
46 E 3.67283 0.0339355 0.0356779 0.04788 0.322341 0.0388534 0.0312841 0.0337707 0.0678976 0.0303137 0.0410833 0.082958 0.0173083 0.0142421 0.021666 0.0164101 0.0205485 0.0596451 0.038776 0.0268639 0.0185455
47 L 3.71671 0.0287054 0.13791 0.0291185 0.0163568 0.0564435 0.0270629 0.034054 0.0348386 0.0215348 0.274274 0.0904527 0.0246303 0.0184761 0.0262788 0.020308 0.0225782 0.0373439 0.043146 0.0339379 0.0225492
48 K 3.79471 0.0467159 0.0216846 0.0596532 0.0149075 0.0324992 0.224711 0.0348658 0.0246172 0.172324 0.0178789 0.0157296 0.0536004 0.029614 0.0404004 0.0461315 0.0490696 0.0408774 0.0430749 0.0161867 0.0154582
49 L 3.59943 0.0250574 0.0287914 0.0449434 0.0253608 0.0537063 0.0204241 0.0196214 0.104369 0.0229009 0.342743 0.0276391 0.0237384 0.0351419 0.0370665 0.0240671 0.0267472 0.0324357 0.0555276 0.0357695 0.0139479
50 S 3.75402 0.157543 0.134464 0.022227 0.0298561 0.00685257 0.126603 0.0421627 0.00516368 0.064159 0.0124081 0.0218529 0.0239888 0.0766116 0.0633539 0.0311688 0.0688334 0.08837 0.0149675 0.00385913 0.00555525
51 D 3.75591 0.083886 0.011126 0.0897452 0.0350571 0.0182563 0.045214 0.0144806 0.0372024 0.00825665 0.0243896 0.00804968 0.2578 0.0508608 0.0364116 0.0556934 0.0437235 0.0834752 0.0507066 0.0127893 0.032877
52 Y 3.6923 0.0345547 0.0302953 0.0193379 0.00838596 0.0628669 0.0552761 0.0166829 0.0168347 0.01308 0.0231532 0.104326 0.0300903 0.0589031 0.0227219 0.0151146 0.0453623 0.256818 0.0286004 0.0233392 0.134256
53 E 3.47849 0.0203686 0.0296561 0.0559801 0.396655 0.0395931 0.0243266 0.0226893 0.0353342 0.0629417 0.0329486 0.0199764 0.0273638 0.0281466 0.0355251 0.0206903 0.0439353 0.026864 0.0335893 0.0235833 0.0198332
54 G 3.59215 0.200664 0.0132448 0.0230309 0.0178352 0.0168771 0.233534 0.0852989 0.0094221 0.025904 0.0163884 0.0161343 0.0291553 0.0162861 0.0641472 0.0470117 0.073278 0.0564383 0.0228672 0.0235618 0.00892086
55 R 3.64823 0.0407356 0.035944 0.0382284 0.0283252 0.0231359 0.0336315 0.105254 0.0197545 0.0803002 0.0488765 0.0262571 0.0306336 0.0141109 0.0463342 0.315828 0.0293655 0.0354669 0.018903 0.010631 0.0182845
56 L 3.67435 0.0304134 0.020096 0.0365869 0.0149856 0.021585 0.0193928 0.0330061 0.0943712 0.0210213 0.266674 0.116897 0.0296259 0.0271753 0.0207938 0.00835395 0.0229477 0.0975947 0.0730541 0.0190769 0.0263488
57 I 3.35747 0.0178994 0.00984044 0.0138031 0.00651463 0.0371957 0.0229255 0.0159367 0.258751 0.0179148 0.224436 0.0271708 0.0687216 0.03581 0.0120113 0.0156075 0.0127901 0.0164722 0.142426 0.0281984 0.0155745
58 Q 3.17076 0.0210946 0.026485 0.0315744 0.0219748 0.0255553 0.0222863 0.0225069 0.0142617 0.0355366 0.0226408 0.0402142 0.0500437 0.0276861 0.479645 0.0278882 0.0118216 0.0324769 0.0293604 0.0364453 0.0205032
59 N 3.1774 0.0230735 0.01273 0.0362595 0.0202506 0.0328065 0.0189689 0.0412894 0.014696 0.0240278 0.0681138 0.0324212 0.469225 0.0144013 0.0214674 0.0439665 0.0263018 0.0338689 0.0151563 0.0207682 0.0302078
60 S 3.60989 0.0222397 0.0438549 0.0250698 0.00720537 0.0237723 0.0493832 0.0108606 0.0344241 0.0758716 0.0263452 0.0985163 0.0251024 0.0429326 0.0205514 0.0283291 0.308669 0.0699427 0.0196268 0.0637023 0.00360086
61 L 3.59381 0.00966529 0.0578384 0.00557919 0.0659708 0.0532427 0.00676636 0.0298107 0.145446 0.0144543 0.11909 0.0533197 0.0343838 0.00522877 0.0129197 0.00860862 0.00928142 0.0123296 0.226743 0.0541288 0.0751933
62 T 3.25265 0.0922616 0.0520336 0.00801852 0.0140637 0.0196699 0.0156182 0.0230778 0.0218238 0.0140885 0.0202575 0.0137488 0.0460406 0.0169496 0.0124154 0.0204965 0.302775 0.25236 0.0214674 0.0155372 0.0172948
63 I 3.47643 0.0193225 0.0810549 0.258315 0.0213832 0.0117264 0.00680706 0.0199922 0.199148 0.0212139 0.0671357 0.0686543 0.0169616 0.0308708 0.0201031 0.00977841 0.00748256 0.0117394 0.0813388 0.0137193 0.0332539
64 E 3.5285 0.00983493 0.0540595 0.0322338 0.364286 0.011432 0.0233238 0.0187682 0.0498687 0.0310069 0.0573407 0.0260167 0.0135286 0.044248 0.0339511 0.0480888 0.0362654 0.022383 0.0722149 0.0143855 0.0367627
65 R 3.39487 0.0225916 0.0611732 0.050203 0.0255923 0.0344397 0.0549743 0.0219681 0.0202857 0.0629153 0.0131171 0.0416479 0.051161 0.0204144 0.0228117 0.403203 0.030249 0.0158756 0.0209228 0.0136829 0.0127713
66 M 3.57755 0.0430779 0.028055 0.0276367 0.036311 0.040732 0.0311643 0.0189101 0.0293193 0.0436827 0.0370555 0.367013 0.017483 0.0255172 0.0309316 0.0679517 0.0149864 0.0395117 0.0498656 0.0291747 0.0216199
67 V 3.65731 0.0567998 0.0214533 0.0147869 0.0498087 0.0347524 0.0975376 0.0339766 0.256355 0.0236533 0.0342957 0.0405113 0.0390185 0.00894125 0.0110212 0.00462216 0.0407235 0.0205169 0.158819 0.0285006 0.0239064
68 L 3.80548 0.0417205 0.0233601 0.0100425 0.0190527 0.0563656 0.0656652 0.033926 0.0761507 0.0106549 0.239422 0.0481868 0.128684 0.0257405 0.0181531 0.0285819 0.0296101 0.045086 0.0512773 0.0299322 0.0183888
69 S 3.47275 0.0630269 0.0306824 0.00727688 0.0178944 0.0250905 0.120647 0.0322275 0.0236647 0.0303362 0.0151534 0.0196697 0.0489598 0.0182926 0.0362849 0.012991 0.353617 0.0417032 0.00973859 0.0584846 0.0342588
70 A 3.35557 0.30379 0.060485 0.0232524 0.0460658 0.0136933 0.0513837 0.00730975 0.0253722 0.00848264 0.0128194 0.0161197 0.0120439 0.00638148 0.0112501 0.0187083 0.133447 0.166413 0.0292156 0.0450934 0.00867292
71 F 3.5489 0.018893 0.0291008 0.0072455 0.0213773 0.202625 0.0175602 0.0429178 0.0251878 0.0190729 0.0483968 0.045694 0.0305852 0.00582725 0.0231189 0.0218083 0.0182886 0.0168569 0.0284935 0.201466 0.175484
72 D 3.04677 0.0198171 0.0221169 0.497452 0.057891 0.014411 0.0454229 0.0393942 0.00973337 0.0133202 0.0162841 0.0270706 0.0276834 0.0263236 0.0220497 0.0182256 0.0401316 0.00691959 0.0254686 0.0246755 0.0456089
73 E 3.99031 0.0525193 0.109473 0.0101365 0.0563646 0.0372372 0.0329147 0.037373 0.0574506 0.0150919 0.0959282 0.00894702 0.0278202 0.00240227 0.0788688 0.0313206 0.0665425 0.0813198 0.0684668 0.017938 0.111885
74 R 3.62641 0.054696 0.0244508 0.00671745 0.0244182 0.0335127 0.0251978 0.0747711 0.0161378 0.197886 0.0260171 0.0709275 0.0375086 0.0390287 0.0116816 0.235304 0.0581745 0.0218039 0.0130525 0.0155467 0.0131666
75 R 3.03274 0.0109004 0.00804576 0.0319542 0.019438 0.0072994 0.0280745 0.0236259 0.114536 0.0417661 0.0214123 0.0311316 0.0301829 0.0081556 0.0220611 0.475544 0.0332693 0.0143722 0.0160961 0.045774 0.0163607
76 N 3.64462 0.0285558 0.0153466 0.0542601 0.0319691 0.00801365 0.0174979 0.0160393 0.121064 0.0194524 0.0307333 0.0357714 0.109122 0.00346911 0.025768 0.01854 0.0448934 0.0231422 0.227533 0.147003 0.0218267
77 K 3.64243 0.0334885 0.189323 0.0132251 0.00895986 0.00796414 0.0569822 0.0941447 0.0437462 0.0477643 0.0645486 0.0105335 0.0237854 0.00222888 0.0225938 0.141689 0.0462788 0.0319023 0.146874 0.00257791 0.0113893
78 Y 3.02882 0.0169327 0.0296811 0.0171974 0.00358499 0.113294 0.00839769 0.325809 0.0058041 0.00945943 0.0166375 0.0058844 0.0244992 0.00376108 0.016266 0.0148516 0.00906037 0.0176217 0.0228298 0.097485 0.240943
79 L 3.25964 0.0236458 0.0242057 0.0641294 0.019913 0.021705 0.0169988 0.0255016 0.0687603 0.00867921 0.436586 0.0425386 0.014979 0.0120888 0.0456194 0.0137675 0.0164861 0.0444487 0.0374857 0.0223618 0.0400986
80 E 3.93151 0.0265268 0.0965543 0.0545542 0.165958 0.0512042 0.063786 0.0567952 0.0781198 0.0202016 0.0135528 0.0141687 0.0253391 0.00226113 0.0459568 0.0153584 0.106857 0.0476651 0.0626119 0.0188189 0.0337102
81 E 3.91568 0.021054 0.0626762 0.0507535 0.18543 0.0579106 0.0672321 0.0466436 0.047786 0.0254094 0.023913 0.0176304 0.0404091 0.00335519 0.0268542 0.0187645 0.0159478 0.0200523 0.115559 0.0773589 0.0752609
82 H 3.70377 0.0247004 0.0834026 0.00294276 0.00733608 0.152366 0.00328165 0.0467744 0.0188468 0.0280352 0.0135998 0.0353724 0.0411324 0.00164174 0.158202 0.0450712 0.0574516 0.0434993 0.032288 0.0438762 0.16018
83 P 3.9982 0.0832516 0.0745591 0.0101177 0.0404871 0.0133973 0.127843 0.0504288 0.0188977 0.0218585 0.0195993 0.0340691 0.0747413 0.125001 0.062567 0.0407735 0.0718713 0.0506254 0.0404116 0.00617744 0.0333215
84 S 3.85182 0.0994431 0.0349462 0.00639319 0.00834824 0.0135738 0.0858836 0.0703026 0.0804478 0.0176686 0.0830814 0.166796 0.0866956 0.0182136 0.0472885 0.00725728 0.0788109 0.027717 0.0255145 0.0295845 0.0120337
85 A 3.9288 0.069449 0.0248735 0.0153228 0.0143648 0.0100998 0.054253 0.108502 0.042467 0.0516727 0.0353953 0.00364143 0.0204338 0.0717413 0.0690036 0.0476943 0.0382531 0.0905622 0.0916845 0.00295241 0.137633
86 G 3.68716 0.0290636 0.0172952 0.0129491 0.0134328 0.0596402 0.0516922 0.259516 0.00614079 0.110678 0.063435 0.0498492 0.0722084 0.0214693 0.0795389 0.0396096 0.0249193 0.0559768 0.00483531 0.00941312 0.0183372
87 K 2.58754 0.0116952 0.0455848 0.0117594 0.0305474 0.00659968 0.00944746 0.00786074 0.0163321 0.598876 0.0134673 0.0424212 0.0309561 0.0134455 0.0346071 0.038151 0.0174527 0.018121 0.0159629 0.0248259 0.0118864
88 D 2.08571 0.00332736 0.143451 0.0790791 0.00707677 0.00447032 0.00589793 0.0136412 0.00283692 0.0141321 0.00421792 0.00904791 0.61685 0.00162038 0.00674569 0.00464557 0.0576583 0.00324187 0.00371112 0.00836634 0.0099821
89 P 3.67071 0.196563 0.094436 0.0147239 0.0119644 0.137383 0.056084 0.024266 0.0163858 0.0161 0.00494047 0.022134 0.0143008 0.132 0.0168669 0.0132313 0.0472265 0.0138998 0.018162 0.0700906 0.0792422
90 K 3.84197 0.0421279 0.0172216 0.0110399 0.042636 0.00585904 0.0952828 0.115523 0.0224321 0.127846 0.0362207 0.0502667 0.0794122 0.00243699 0.0513243 0.123105 0.0198626 0.103647 0.0238936 0.0171986 0.0126644
91 K 2.33135 0.00520929 0.0118443 0.0112908 0.0386899 0.0119665 0.00618637 0.00898262 0.00590197 0.280359 0.00931804 0.0492954 0.0148497 0.0126337 0.00695569 0.495556 0.00819744 0.00313658 0.00618415 0.010535 0.0029071
92 T 3.18606 0.0382377 0.0495842 0.058229 0.0101306 0.00985027 0.0233168 0.0177127 0.0279498 0.0271675 0.0147974 0.0353335 0.0485161 0.0215783 0.0261004 0.0304376 0.0316711 0.465592 0.0158345 0.0295076 0.018453
93 G 2.95907 0.0275473 0.0104136 0.0203189 0.0393688 0.0204123 0.522934 0.00956401 0.00773594 0.0306051 0.0393411 0.0253289 0.0188791 0.0365878 0.0384274 0.0360685 0.0117772 0.0156268 0.0330252 0.0329281 0.0231094
94 G 3.21671 0.0251744 0.013278 0.0429159 0.0272182 0.0338446 0.467471 0.02772 0.040772 0.0215969 0.0121261 0.0342754 0.0345694 0.0147036 0.0325846 0.0294582 0.0210643 0.028813 0.0420954 0.031142 0.0191778
95 P 3.5752 0.201723 0.0219903 0.0111798 0.16049 0.0117139 0.0250845 0.0157235 0.0122039 0.00957776 0.0184718 0.0524307 0.0223896 0.180148 0.0204336 0.0308591 0.0963233 0.0200569 0.014749 0.0422911 0.0321603
96 I 3.32117 0.017626 0.0485663 0.0102168 0.0169029 0.0248991 0.0252761 0.0232243 0.258347 0.0386893 0.101994 0.0495928 0.0141497 0.010483 0.00595393 0.00966895 0.0190218 0.017601 0.265728 0.0318687 0.0101903
97 Y 3.31471 0.0220524 0.0451058 0.0328717 0.0280981 0.0777367 0.0205371 0.0381839 0.0262611 0.0335498 0.0173277 0.0293778 0.0303587 0.0179601 0.0102728 0.0358519 0.0282423 0.0296131 0.015274 0.0275159 0.433809
98 K 3.62339 0.0103848 0.0306798 0.0112608 0.0245287 0.0176632 0.00483613 0.0613638 0.0300986 0.198524 0.0507032 0.174677 0.0444163 0.0110287 0.0626119 0.14498 0.0121354 0.0584706 0.0271506 0.0168102 0.00767596
99 R 3.53101 0.0896226 0.0206608 0.0167867 0.0152482 0.0112901 0.0351694 0.0280416 0.0672961 0.102002 0.0275564 0.0300126 0.057556 0.00520965 0.0191252 0.325032 0.0617506 0.0167299 0.0219353 0.0117369 0.037239
100 V 3.98381 0.0347201 0.0675002 0.0128865 0.103191 0.0647114 0.0662484 0.0238998 0.0193541 0.00618463 0.0304606 0.117291 0.0396797 0.034225 0.0430067 0.0479889 0.0343358 0.0635934 0.050265 0.00422524 0.136232
101 D 3.83815 0.0732269 0.0136305 0.24903 0.084378 0.0108814 0.0375489 0.0260741 0.0252708 0.0210043 0.0404583 0.0477986 0.0346976 0.0841139 0.0453419 0.0173431 0.0496103 0.0457206 0.0494243 0.0124577 0.0319888
102 R 3.89028 0.0674989 0.0401231 0.0263707 0.00712668 0.0511199 0.0870079 0.107136 0.0229536 0.0734047 0.0702173 0.0316462 0.00921319 0.0178429 0.0110105 0.171896 0.0206375 0.0245998 0.0117787 0.079362 0.0690544
103 K 3.86659 0.0849377 0.0718303 0.0344052 0.0519851 0.00592721 0.0417076 0.0171283 0.0322706 0.118269 0.0398271 0.0488241 0.0430979 0.00406378 0.0135477 0.136711 0.0331873 0.0478435 0.149112 0.00940735 0.0159176
104 W 3.28329 0.0307359 0.103629 0.00751579 0.00977814 0.0496285 0.0361025 0.0221636 0.0185287 0.0215737 0.0171689 0.0514438 0.0490457 0.0142614 0.0462673 0.0353279 0.0127673 0.00919054 0.0213354 0.413777 0.0297583
105 M 3.99195 0.0809194 0.0183813 0.0145599 0.0290916 0.078074 0.115339 0.100434 0.0352179 0.0329522 0.0770021 0.08999 0.0166574 0.00227887 0.086748 0.019321 0.0307392 0.0712166 0.049995 0.0216981 0.0293845
106 R 3.49775 0.0230569 0.0125034 0.0150589 0.00841719 0.0193966 0.0330218 0.0468452 0.0172212 0.11334 0.0128146 0.0479549 0.0700655 0.0218615 0.0366061 0.339942 0.0739989 0.0127608 0.0264324 0.0473255 0.0213765
107 E 3.59504 0.048993 0.0367447 0.180038 0.276494 0.0205112 0.0232392 0.0464336 0.0277657 0.0296695 0.010617 0.0279089 0.0585577 0.0085218 0.0410403 0.0190457 0.0648356 0.0154483 0.031635 0.0208762 0.011625
108 L 3.81908 0.0228855 0.149437 0.0298107 0.0316619 0.0179888 0.0404358 0.031283 0.0345992 0.0132704 0.206436 0.064558 0.00966304 0.0921195 0.0308528 0.0334491 0.0385934 0.066165 0.0582537 0.00932297 0.0192141
109 V 3.76207 0.085551 0.0823195 0.0317376 0.00691472 0.0254703 0.0168094 0.0139193 0.0326309 0.0446362 0.0301636 0.167846 0.0152573 0.0161656 0.157094 0.0175118 0.028446 0.0677362 0.127711 0.0189392 0.0131394
110 L 3.3593 0.00830271 0.0292173 0.0209516 0.0155044 0.0377364 0.0161972 0.0199003 0.171766 0.0434593 0.332766 0.0235409 0.0174406 0.0184154 0.0138023 0.0319393 0.00957771 0.0952223 0.0668684 0.0187603 0.00863199
111 Y 3.35266 0.00446762 0.0198099 0.0278161 0.0110714 0.119299 0.00263317 0.0246608 0.209664 0.00831783 0.037936 0.0131558 0.0287743 0.0042201 0.0174242 0.00583231 0.0317196 0.250896 0.0944621 0.0181866 0.069653
112 D 3.93592 0.063107 0.0515352 0.23466 0.0986943 0.0207276 0.0413468 0.0559417 0.0272946 0.0252851 0.0180271 0.0351469 0.0433924 0.0298576 0.0445418 0.0387337 0.0487406 0.0234191 0.0264928 0.0428611 0.0301947
113 K 2.86941 0.0137601 0.0188105 0.0215351 0.0389801 0.0124562 0.00831152 0.0545203 0.0312574 0.537226 0.0145167 0.0192905 0.0237903 0.0391431 0.0334783 0.0436809 0.0299183 0.0244832 0.00705922 0.0197608 0.00802178
114 E 3.74331 0.0365349 0.0422853 0.0498523 0.149099 0.231287 0.018122 0.0168267 0.0221455 0.0443034 0.0829615 0.0814433 0.0496114 0.00718652 0.0406807 0.0195976 0.025264 0.0115197 0.00813152 0.0321971 0.0309514
115 E 3.46482 0.045817 0.0139244 0.0405964 0.368863 0.0173033 0.0895112 0.0660873 0.0170791 0.029632 0.00605542 0.0297136 0.0285202 0.0274036 0.0338221 0.0253342 0.0663868 0.00811986 0.0354109 0.0334453 0.0169744
116 I 3.46767 0.0422142 0.0688622 0.0266032 0.0253451 0.0183391 0.0250979 0.0102334 0.273037 0.0216529 0.0656767 0.0501719 0.0166615 0.01794 0.0400961 0.0153275 0.0106281 0.0150303 0.223116 0.0207867 0.0131791
117 R 3.82903 0.0320809 0.0337923 0.015726 0.02934 0.0321565 0.042231 0.0354766 0.0688657 0.0353755 0.0677894 0.0236047 0.0190452 0.00992505 0.180794 0.191564 0.046266 0.0262912 0.0623406 0.0388905 0.00844415
118 R 3.60733 0.0353579 0.127914 0.00493311 0.0154164 0.0149841 0.019585 0.0338545 0.0553637 0.161008 0.0169573 0.0383136 0.0374102 0.0194366 0.0401716 0.251217 0.0183888 0.0461599 0.00669921 0.0345553 0.0222736
119 I 3.69821 0.142586 0.23255 0.0093724 0.0329509 0.0370541 0.0311357 0.0463422 0.105176 0.0176801 0.0445849 0.0325746 0.0419874 0.00718766 0.0113698 0.0102538 0.0119207 0.0860381 0.0532844 0.0266682 0.0192821
120 W 3.46854 0.0462575 0.0293286 0.0235924 0.0587119 0.030939 0.0291838 0.0396369 0.0213482 0.0267518 0.0298475 0.0285986 0.0224398 0.024282 0.0250441 0.0395044 0.0296142 0.0131785 0.0260701 0.399772 0.0558992
121 R 3.89481 0.0657578 0.0249502 0.0185536 0.0147137 0.0371519 0.0330968 0.0545657 0.0452381 0.0731558 0.0571639 0.0618795 0.00838091 0.00590559 0.0354674 0.168196 0.0140829 0.0110696 0.0538725 0.0829736 0.133825
122 Q 3.5826 0.0263151 0.141213 0.0122858 0.0114118 0.0102588 0.0255881 0.0714741 0.161423 0.0200975 0.0508441 0.028254 0.00892064 0.00294579 0.0934895 0.019361 0.0172276 0.0986399 0.181619 0.0124128 0.00621803
123 A 3.68114 0.260042 0.0751366 0.0321782 0.0389599 0.0205031 0.0945233 0.0161268 0.0227303 0.0183827 0.0318602 0.0289652 0.0102245 0.0145772 0.0153997 0.0293807 0.143733 0.0314719 0.0506169 0.0497802 0.0154073
124 N 3.7319 0.0310845 0.0551417 0.051583 0.036581 0.0115635 0.00943984 0.113414 0.0489936 0.0352919 0.013192 0.02675 0.271524 0.0190525 0.091054 0.0209706 0.0345767 0.0224054 0.0223759 0.0479188 0.0370868
125 N 4.06178 0.0172931 0.0717961 0.0364316 0.0543316 0.0198064 0.0833189 0.046121 0.0283881 0.0281909 0.111805 0.0558616 0.107798 0.0165251 0.0228718 0.0852713 0.0723904 0.0397484 0.00978159 0.0262426 0.0660264
126 G 3.93608 0.0439491 0.0368226 0.0167596 0.0383782 0.015949 0.152712 0.0477164 0.0279129 0.10489 0.116177 0.0192787 0.0588048 0.0118181 0.0999008 0.0375603 0.0476858 0.062092 0.0178362 0.00525924 0.0384976
127 D 4.1064 0.0503354 0.0253194 0.0692581 0.0670146 0.0700225 0.0334016 0.0439933 0.0530053 0.037715 0.064531 0.0118944 0.0500725 0.012363 0.0670353 0.0453158 0.0824283 0.0339253 0.13642 0.0194768 0.0264727
128 D 3.9849 0.0802438 0.0356938 0.0485769 0.0480066 0.0471459 0.0535751 0.0151201 0.0092125 0.0597614 0.0996113 0.0902806 0.12176 0.0168519 0.0206402 0.0255079 0.107562 0.0679237 0.0262111 0.00506475 0.0212509
129 A 3.74474 0.129698 0.0162689 0.0101784 0.0121191 0.0162959 0.0874099 0.0361541 0.0158683 0.0703078 0.0251167 0.192492 0.021375 0.0118779 0.0290576 0.0565844 0.094282 0.0929792 0.065061 0.00595396 0.0109208
130 T 3.82626 0.0615611 0.0194129 0.00499376 0.00269498 0.0148074 0.0103688 0.121874 0.0164204 0.139284 0.0581212 0.0700478 0.0466309 0.0769945 0.074081 0.0461141 0.0190358 0.12309 0.0702698 0.0124608 0.0117366
131 A 3.30535 0.161579 0.00808514 0.0300258 0.0124333 0.0194132 0.0111003 0.10361 0.0272175 0.00905761 0.00941752 0.0122198 0.033986 0.313912 0.00997566 0.0180678 0.107652 0.0215047 0.0711344 0.0117054 0.0079034
132 G 3.32896 0.0747376 0.0373577 0.0342638 0.0179653 0.0205672 0.431653 0.0156333 0.0122434 0.0235908 0.0259502 0.0286429 0.0309923 0.0183133 0.0181734 0.0342942 0.0353709 0.0288076 0.037732 0.0390224 0.0346885
133 L 3.20846 0.0256858 0.0268553 0.0150394 0.0198723 0.0124619 0.0180467 0.0168229 0.269964 0.0163226 0.316018 0.0478753 0.00693577 0.0117608 0.0209204 0.0557997 0.0164755 0.0121984 0.0233508 0.0278244 0.0397699
134 T 3.36892 0.0645544 0.0637913 0.0125641 0.00712306 0.0117716 0.0129886 0.0135286 0.0174827 0.0112059 0.00981631 0.033178 0.0366635 0.0109376 0.0109818 0.0123131 0.155701 0.313667 0.0898518 0.0231296 0.0887493
135 H 3.43512 0.0285586 0.0223267 0.0347208 0.028962 0.0191554 0.0202897 0.395655 0.0249783 0.0474578 0.0260983 0.0122794 0.0344737 0.0182995 0.0326946 0.0504692 0.0249437 0.0151325 0.0393502 0.0889906 0.0351644
136 M 3.26575 0.0146601 0.0252761 0.00573546 0.0133739 0.085027 0.0227204 0.00690321 0.246966 0.0127464 0.187273 0.188791 0.0181186 0.014656 0.0127888 0.0100044 0.00599859 0.0196481 0.0842253 0.0103041 0.0147844
137 M 3.37365 0.0221452 0.0407638 0.02424 0.0730282 0.0131887 0.012451 0.029264 0.0534315 0.0364301 0.0303766 0.41089 0.0350108 0.0308244 0.011627 0.0173896 0.0172675 0.0445152 0.0409357 0.0432292 0.0129909
138 I 3.20605 0.015941 0.0134436 0.0142589 0.0171698 0.049477 0.0102672 0.0216061 0.442729 0.0502081 0.082078 0.0479075 0.0293203 0.0217842 0.0223004 0.0138473 0.0267132 0.0372978 0.0576183 0.0144795 0.011553
139 W 3.30952 0.0106614 0.0394687 0.0227041 0.0223467 0.0620369 0.0393008 0.052443 0.0222323 0.0136589 0.0266198 0.0223197 0.0191319 0.0304108 0.0256965 0.0196035 0.0358109 0.0174328 0.0490534 0.434933 0.0341344
140 H 3.69979 0.00479107 0.0332495 0.0411538 0.0317878 0.0354839 0.0469148 0.294077 0.0127003 0.0232958 0.0444161 0.0215396 0.037784 0.0180531 0.12889 0.0459512 0.0340077 0.0353078 0.0322887 0.0342701 0.0440378
141 S 3.53596 0.147278 0.0375567 0.0637976 0.0330553 0.0302886 0.111701 0.0155656 0.0120568 0.00709368 0.0174281 0.0290456 0.0171708 0.0413936 0.00875628 0.0129726 0.294531 0.0343318 0.0293032 0.0240631 0.0326115
142 N 3.44457 0.0506536 0.0393997 0.060378 0.0292982 0.0167896 0.018236 0.04676 0.0440994 0.0357488 0.0164847 0.0325001 0.400297 0.0416519 0.0272403 0.0157385 0.0276594 0.0158287 0.0159691 0.0266067 0.0386601
143 L 3.33551 0.0153669 0.0349933 0.0213373 0.0336931 0.038016 0.0366663 0.0537091 0.0138123 0.0302727 0.432354 0.0506542 0.0165725 0.0201337 0.0137884 0.0295675 0.023876 0.0299155 0.0313423 0.0478845 0.0260442
144 N 3.5568 0.0540689 0.0891027 0.0287565 0.01511 0.0134597 0.0251992 0.0248892 0.0765718 0.0157236 0.0341701 0.0625215 0.316827 0.0203794 0.0167475 0.014238 0.0252939 0.0222793 0.108007 0.010042 0.0266128
145 D 3.1447 0.0526207 0.0157526 0.461896 0.0587525 0.0411864 0.0375349 0.0366185 0.0138153 0.00747203 0.00938819 0.0248155 0.0511578 0.0145703 0.0166124 0.0190911 0.00803424 0.0102962 0.032323 0.0452741 0.0427888
146 T 3.0349 0.0869153 0.0408918 0.0255833 0.0266831 0.0181269 0.00467835 0.0192458 0.025261 0.0338285 0.00975383 0.012313 0.00604864 0.0142116 0.018629 0.0138808 0.422677 0.170975 0.00948407 0.0111077 0.0297052
147 T 3.55107 0.0356932 0.0205491 0.0256276 0.036721 0.0175551 0.0396855 0.0450916 0.0536308 0.0427711 0.0170001 0.0415732 0.0222864 0.0203553 0.0431129 0.0268422 0.0586133 0.373502 0.0380486 0.022277 0.0190644
148 Y 2.91777 0.0189651 0.0438123 0.013427 0.0130348 0.0464427 0.0297897 0.0380676 0.0715809 0.0197919 0.00710892 0.0329573 0.0494125 0.0155788 0.0103729 0.0110946 0.0139716 0.0173338 0.0126152 0.0182039 0.516439
149 Q 3.06806 0.0141162 0.0173502 0.0136083 0.025926 0.0199997 0.0148326 0.038287 0.0126853 0.0488623 0.0312833 0.0424294 0.0304506 0.015334 0.4947 0.0275646 0.0532938 0.0173529 0.0381584 0.0126037 0.0311611
150 R 3.34877 0.0194744 0.0360168 0.0196813 0.0194324 0.0258963 0.0719969 0.0202741 0.0447108 0.0322966 0.0363841 0.0335825 0.0462427 0.0185954 0.0117131 0.418245 0.0321399 0.0220246 0.00991001 0.0606939 0.0206898
151 T 3.28993 0.127064 0.0236159 0.020428 0.0111588 0.0165928 0.0154094 0.0163567 0.0391153 0.0295337 0.00593057 0.0216539 0.0380903 0.00997262 0.0174207 0.0233677 0.115943 0.375554 0.0222421 0.0541276 0.0164223
152 R 2.80667 0.0220977 0.0112281 0.024952 0.0120115 0.0236773 0.0242616 0.0181376 0.0297103 0.0727272 0.0140519 0.0158478 0.0209844 0.0218743 0.0122509 0.549898 0.0165104 0.0510351 0.0181847 0.0299005 0.0106579
153 A 3.44957 0.394026 0.057043 0.0290958 0.0301888 0.0121769 0.0483886 0.0638048 0.0164496 0.0164087 0.0268646 0.0329731 0.0377857 0.0224654 0.0300298 0.0207904 0.0481491 0.0316304 0.0465503 0.00995574 0.0252232
154 L 3.11564 0.00819822 0.0285278 0.00806707 0.0130353 0.0205048 0.0102309 0.0347867 0.315738 0.00544361 0.236716 0.0885126 0.0146464 0.00857965 0.0301471 0.00873153 0.00946135 0.0089842 0.11146 0.0176771 0.0205509
155 V 3.69204 0.0497452 0.013789 0.0395083 0.015019 0.0407644 0.0210879 0.0153791 0.0985777 0.123537 0.018048 0.0341876 0.0320032 0.00815149 0.0259294 0.0495239 0.0780582 0.0477866 0.25941 0.00904511 0.0204488
156 R 2.9904 0.0279257 0.0218443 0.0171962 0.00621297 0.0150445 0.0361729 0.0502974 0.0453711 0.0161202 0.0178903 0.0275685 0.0120594 0.0246 0.0352959 0.512808 0.0184981 0.0118646 0.0442586 0.0250118 0.0339597
157 T 3.56204 0.0937327 0.07591 0.00653411 0.00668868 0.0213091 0.0119521 0.00972796 0.0954978 0.00865432 0.055064 0.040992 0.0524683 0.0038257 0.0321283 0.00626017 0.0978551 0.135401 0.224348 0.00837788 0.0132735
158 G 3.69678 0.0612572 0.0703869 0.0200443 0.0130712 0.0270302 0.294095 0.0730503 0.0135214 0.0144498 0.0478012 0.0420888 0.0307005 0.00845605 0.0459463 0.00983637 0.0630165 0.0364943 0.0211735 0.04192 0.0656601
159 M 2.9132 0.00525073 0.0353106 0.00419547 0.0199245 0.00853941 0.0163315 0.0121411 0.0308208 0.0356674 0.257443 0.402297 0.0135079 0.0120175 0.0260141 0.0123824 0.0254222 0.0330254 0.0201592 0.0171569 0.0123929
160 D 3.30585 0.0204182 0.0859295 0.427175 0.0552008 0.0171156 0.0237355 0.0408761 0.0305755 0.0175093 0.0148241 0.0197018 0.0376184 0.016179 0.0352885 0.0170182 0.0139059 0.0249052 0.0256267 0.0434239 0.032972
161 P 3.42991 0.152966 0.0302581 0.0161936 0.00471425 0.00551893 0.0561024 0.021736 0.0188545 0.0153995 0.0237229 0.0126424 0.0257633 0.170214 0.0640533 0.0342495 0.255304 0.0165238 0.0657479 0.00532943 0.00470728
162 R 3.31896 0.0240863 0.0291527 0.0169873 0.012432 0.0343937 0.0170788 0.0195921 0.0453236 0.0535945 0.0347843 0.0332919 0.00555715 0.0390121 0.0316188 0.424356 0.0221927 0.0175592 0.0789044 0.0261316 0.0339508
163 M 3.4586 0.0781576 0.0684658 0.0140834 0.00722321 0.187209 0.00908839 0.0134435 0.0394444 0.0136737 0.0555428 0.191216 0.0105996 0.0107982 0.0102956 0.00991547 0.0123449 0.162729 0.084829 0.00501031 0.0159302
164 C 3.51329 0.240624 0.131022 0.00582491 0.00621779 0.0165512 0.0257933 0.0176969 0.0455972 0.0363273 0.00758156 0.170751 0.082725 0.0167124 0.0137874 0.0150665 0.0425459 0.0333778 0.0691028 0.0115374 0.0111583
165 S 3.19698 0.102243 0.050508 0.133947 0.0067259 0.00841843 0.0211466 0.00217622 0.00346959 0.00620405 0.00386584 0.0918095 0.28423 0.0268655 0.00965585 0.00231923 0.167151 0.0401991 0.00953157 0.00411124 0.0254224
166 L 3.18023 0.00918066 0.00953002 0.038148 0.0826195 0.0115604 0.00462595 0.0112357 0.150262 0.00651661 0.268902 0.224483 0.00831173 0.0152386 0.0658625 0.00803774 0.0153637 0.0395322 0.0102992 0.00836024 0.0119301
167 M 3.01268 0.00888073 0.0132935 0.00529309 0.0144263 0.00706662 0.0110369 0.014186 0.0638158 0.0313608 0.252487 0.370016 0.0179342 0.0124256 0.0254613 0.0132534 0.00731089 0.0397388 0.0281007 0.0175805 0.0463318
168 Q 3.33438 0.183766 0.0260059 0.0300349 0.0179522 0.00946904 0.0174149 0.0309613 0.0100594 0.0233472 0.029564 0.0358882 0.024871 0.0346865 0.330821 0.0239327 0.115064 0.00726856 0.0102748 0.0200035 0.0186149
169 G 3.18135 0.0407144 0.0513917 0.0281175 0.0184272 0.0197507 0.46981 0.0247819 0.029083 0.0388569 0.0220862 0.0460943 0.0341838 0.0102106 0.0195891 0.00913762 0.0167988 0.0448737 0.0290046 0.0211727 0.025915
170 S 3.24467 0.0307722 0.0174539 0.0229131 0.0128798 0.0206311 0.0635775 0.0216849 0.0121214 0.0183431 0.0285653 0.0241733 0.0899632 0.0263535 0.0335541 0.0227875 0.440079 0.0348986 0.0209416 0.042149 0.0161576
171 T 3.41581 0.034652 0.192331 0.0585346 0.0131759 0.0260136 0.0206097 0.0184677 0.0356607 0.0184524 0.0170815 0.0657406 0.039262 0.0107614 0.0424576 0.00563068 0.0271554 0.315878 0.0262071 0.026406 0.00552186
172 L 3.49474 0.0396584 0.0405796 0.0168414 0.0141191 0.0516114 0.0126646 0.0246596 0.10865 0.0432112 0.341591 0.0879719 0.0141553 0.0423948 0.0524539 0.0169118 0.016354 0.0182906 0.0203346 0.0310276 0.00651936
173 P 3.53554 0.102931 0.0170873 0.0511404 0.0180221 0.0329728 0.0095513 0.0261995 0.0138042 0.0244262 0.0275765 0.0150515 0.0320758 0.274091 0.182389 0.0148822 0.0394188 0.0494307 0.0412889 0.00517322 0.0224877
174 R 2.99531 0.0104953 0.0205123 0.0140001 0.00978444 0.01893 0.0532413 0.0205088 0.0192917 0.0383809 0.0434784 0.0435227 0.0319229 0.00412416 0.013884 0.502547 0.038815 0.0352143 0.0263456 0.0476907 0.00731096
175 R 2.44664 0.00815293 0.0117859 0.00855564 0.00525507 0.00800318 0.0165305 0.00872664 0.0099513 0.520828 0.00525258 0.0657686 0.00882929 0.00437665 0.00711413 0.214858 0.0130665 0.0290356 0.0206756 0.0292977 0.00393611
176 S 3.3331 0.0994732 0.0608581 0.0280281 0.0204203 0.0270092 0.0802844 0.00781378 0.0134361 0.0252488 0.00712844 0.0285465 0.0221053 0.0354134 0.0215349 0.0117011 0.391444 0.0464214 0.0144657 0.0127248 0.0459423
177 G 3.19563 0.0266977 0.0255646 0.0241146 0.0353456 0.0391001 0.462198 0.0347838 0.00852998 0.0185761 0.0226136 0.0775974 0.0266453 0.0374176 0.0334607 0.031399 0.0245384 0.0115264 0.0254202 0.0165036 0.0179677
178 A 3.91087 0.165782 0.0121315 0.0320787 0.0140547 0.0102178 0.0170796 0.0627052 0.0230242 0.0607218 0.1206 0.0476936 0.0878196 0.0709924 0.0618636 0.0836895 0.0307663 0.0218163 0.0460421 0.0128165 0.0181038
179 A 3.24388 0.450217 0.0306487 0.0135536 0.0420707 0.0378769 0.037945 0.0248919 0.0271829 0.0295508 0.00828184 0.0151074 0.0323463 0.0488674 0.0235949 0.0116712 0.0543508 0.0371643 0.0430448 0.0131823 0.0184508
180 G 3.16745 0.0205797 0.0419015 0.0373189 0.0376989 0.0228132 0.477165 0.0396689 0.0137406 0.048856 0.017666 0.0281366 0.0187747 0.0223104 0.0184169 0.032492 0.0386535 0.0191775 0.0289584 0.0130921 0.022579
181 A 3.64357 0.136187 0.0150961 0.0434759 0.0353765 0.0745814 0.112781 0.0871733 0.00481848 0.00320364 0.0163618 0.01035 0.0474053 0.00306438 0.187323 0.0256367 0.0343236 0.0114013 0.0146164 0.118203 0.0186214
182 A 3.52979 0.277572 0.0181149 0.0101056 0.025611 0.0435138 0.0344802 0.135578 0.0158865 0.0168127 0.0231072 0.0163945 0.148358 0.0137468 0.0560591 0.00777546 0.0514844 0.0261514 0.0279314 0.00906055 0.0422578
183 V 3.50867 0.0362002 0.0231935 0.0334211 0.0508147 0.0453733 0.0148 0.00876286 0.138984 0.0204676 0.0232537 0.0420626 0.0120022 0.0183932 0.0179349 0.0173635 0.0355861 0.126473 0.302589 0.0235951 0.00872913
184 K 3.1851 0.0107161 0.0212615 0.0216368 0.0710459 0.0138212 0.0375696 0.0289649 0.0290506 0.451036 0.0313495 0.0805099 0.0276787 0.0136254 0.0425213 0.0215578 0.0345199 0.0218845 0.00748543 0.0210011 0.0127644
185 G 3.23921 0.0365027 0.0311478 0.0587856 0.0419376 0.0174651 0.44998 0.050974 0.0180694 0.0360013 0.0165439 0.018613 0.0225443 0.00872098 0.0304283 0.0376185 0.0493337 0.0133588 0.0283344 0.0186967 0.0149438
186 V 3.59559 0.0246421 0.0234865 0.0143874 0.0254205 0.0176733 0.00876571 0.0191963 0.137774 0.0376604 0.0276136 0.118901 0.00716976 0.0577749 0.130484 0.00773116 0.0182329 0.112331 0.193768 0.00740807 0.0095798
187 G 3.10207 0.249947 0.0320625 0.00868745 0.0282826 0.00977489 0.367918 0.0323302 0.0151325 0.0224741 0.0182705 0.0180353 0.0168421 0.0116923 0.020169 0.0169153 0.0117254 0.0156548 0.0457074 0.031218 0.0271614
188 T 3.25186 0.0545618 0.0431966 0.0150446 0.0574598 0.0181466 0.017944 0.00713252 0.0338018 0.0293166 0.0176212 0.0175229 0.0121111 0.0307169 0.0128568 0.0125641 0.182752 0.374097 0.0200656 0.015959 0.0271288
