# POSITION WT SITE_ENTROPY PI_A PI_C PI_D PI_E PI_F PI_G PI_H PI_I PI_K PI_L PI_M PI_N PI_P PI_Q PI_R PI_S PI_T PI_V PI_W PI_Y
1 M 3.71752 0.0326972 0.0368668 0.0402632 0.0363259 0.0367453 0.0281203 0.0572722 0.0219086 0.0405725 0.0299021 0.33597 0.0381138 0.0310308 0.0363538 0.0330655 0.0239333 0.0316066 0.0251105 0.0460996 0.0380425
2 A 1.71705 0.738629 0.00779415 0.00691181 0.0195514 0.00887333 0.0105217 0.00577756 0.00554344 0.00776727 0.00264152 0.0358723 0.00643945 0.00287666 0.00646295 0.00789169 0.00595032 0.00567192 0.094052 0.0137508 0.00702118
3 S 3.70811 0.0826619 0.00845445 0.00561543 0.00600253 0.1091 0.00806492 0.0536488 0.0376703 0.00884257 0.155357 0.0481721 0.0763895 0.00544983 0.0310035 0.0133862 0.111748 0.029506 0.012309 0.0511566 0.145462
4 Q 3.80451 0.0225525 0.0293512 0.00565727 0.0377377 0.155575 0.00969507 0.0225318 0.0786946 0.0181507 0.0967542 0.0299617 0.120436 0.000755132 0.0302761 0.0159244 0.0827421 0.032949 0.0357543 0.0423768 0.132125
5 G 3.47522 0.117419 0.0771336 0.0104925 0.00551414 0.00691924 0.226392 0.0157908 0.00691204 0.00573184 0.0159423 0.012125 0.0335691 0.0576615 0.00216061 0.140329 0.114881 0.0598463 0.00401299 0.069233 0.0179339
6 T 1.49228 0.0216044 0.00931032 0.00728124 0.00687418 0.00661446 0.00522519 0.0185622 0.0290796 0.0063952 0.00509323 0.0142933 0.0128681 0.00837998 0.00630478 0.00409762 0.00601933 0.804148 0.00383343 0.0184812 0.00553436
7 K 1.56751 0.00309394 0.0153811 0.00990456 0.0228339 0.00734737 0.00445615 0.00833527 0.0115728 0.784249 0.00251954 0.00989656 0.0511783 0.00227977 0.0148482 0.00765753 0.00238268 0.00621712 0.00839184 0.0157432 0.0117113
8 R 2.04063 0.00541254 0.020009 0.00845686 0.0071266 0.0072284 0.0193775 0.00517676 0.00436657 0.00506526 0.0353569 0.0132215 0.00641323 0.0276612 0.0983403 0.678228 0.00451564 0.0111466 0.00682717 0.0303664 0.00570362
9 S 3.34101 0.137849 0.00999616 0.00372223 0.00789281 0.0459311 0.00802359 0.00558487 0.0306744 0.0048751 0.122207 0.0731821 0.157964 0.00716934 0.0351941 0.00555015 0.257177 0.0263316 0.00802381 0.0201945 0.0324584
10 Y 3.81104 0.114742 0.0213177 0.0299701 0.0131384 0.0425716 0.0104306 0.101591 0.09721 0.0760566 0.0792237 0.0303457 0.038336 0.0207152 0.0268858 0.00196233 0.0152562 0.0281452 0.0904147 0.00285509 0.158832
11 E 3.52196 0.0227113 0.0406755 0.0598453 0.36749 0.012918 0.0388333 0.019786 0.032761 0.0338185 0.0158103 0.046473 0.0216035 0.00973236 0.0308863 0.0280028 0.0637697 0.0192288 0.0620312 0.0542036 0.0194195
12 Q 3.64828 0.0337366 0.0340542 0.0167353 0.00563952 0.0236782 0.00989256 0.121834 0.0245557 0.2358 0.0470088 0.0207985 0.0820045 0.00636281 0.0625682 0.13022 0.0698146 0.0303026 0.017841 0.0181043 0.00904926
13 M 2.81928 0.0188268 0.0343225 0.122508 0.0269146 0.015296 0.0227703 0.0119167 0.0438949 0.0258313 0.0153099 0.522857 0.0272235 0.00742263 0.0124032 0.0101547 0.011201 0.0132637 0.0179001 0.0190742 0.0209086
14 E 3.35782 0.011296 0.0448131 0.0625264 0.354441 0.0280886 0.0119663 0.00807325 0.0200706 0.126714 0.0403764 0.0171445 0.0467016 0.002926 0.0292474 0.0990013 0.0111517 0.0339421 0.0178486 0.0222692 0.0114024
15 T 3.31198 0.0105416 0.0449982 0.00949309 0.0506087 0.0347533 0.00709873 0.062268 0.122968 0.00814302 0.153882 0.0202234 0.0312585 0.00968582 0.0178784 0.00678783 0.025161 0.332489 0.0262013 0.0147361 0.0108241
16 D 3.27729 0.0252475 0.0212806 0.407068 0.0717858 0.0157758 0.110863 0.0255469 0.015631 0.00896489 0.00801689 0.0471001 0.0344129 0.00760939 0.0360593 0.0530554 0.0217028 0.0317605 0.0156935 0.0166021 0.0258241
17 G 3.55263 0.0432928 0.128603 0.00764182 0.0132066 0.00590609 0.255053 0.0106979 0.0307377 0.0482177 0.00715798 0.0935197 0.0443658 0.112452 0.0858981 0.0199661 0.0312799 0.028451 0.0150855 0.0128856 0.00558168
18 E 3.90884 0.0383974 0.0242886 0.0924737 0.183699 0.0274913 0.0228562 0.0564788 0.04118 0.0168835 0.0801801 0.0104445 0.0339154 0.0576419 0.0284255 0.00960163 0.0274062 0.0508628 0.131657 0.0236301 0.0424855
19 R 2.66761 0.0173422 0.0320071 0.024724 0.012812 0.0465311 0.0163308 0.0375083 0.0093078 0.0377358 0.00864092 0.0231046 0.0185443 0.0143806 0.0169601 0.588014 0.0118789 0.0239416 0.0218799 0.0153893 0.0229669
20 Q 2.54408 0.00790231 0.0102082 0.00488058 0.0101144 0.00809678 0.00597862 0.0131739 0.00855088 0.00960806 0.0158731 0.0143258 0.0117221 0.214412 0.485649 0.0385614 0.103749 0.0110872 0.0079256 0.00860663 0.00957467
21 N 3.83371 0.0150275 0.0580795 0.0147195 0.0893239 0.00379428 0.012987 0.0169009 0.0187726 0.10855 0.0596637 0.135799 0.126617 0.0523573 0.0145753 0.0498379 0.0916428 0.0840444 0.020243 0.0120572 0.0150072
22 A 3.59866 0.161681 0.00947519 0.0281655 0.0174373 0.016328 0.013135 0.0271362 0.0121939 0.113941 0.00914612 0.006453 0.0198395 0.0307491 0.0221682 0.148452 0.0961159 0.105689 0.141253 0.0114047 0.00923541
23 T 3.79938 0.0621052 0.0369798 0.00507354 0.00939482 0.0332387 0.0425951 0.20451 0.0190266 0.0187326 0.0642812 0.0186555 0.0447996 0.00997709 0.0925586 0.0459896 0.128506 0.0930705 0.0263219 0.0197667 0.0244172
24 E 3.45658 0.0260984 0.0219377 0.0258627 0.312489 0.0124848 0.00712075 0.03444 0.0508499 0.0316004 0.0227084 0.0273973 0.0134886 0.0133118 0.190073 0.0405151 0.0203386 0.0442102 0.0666402 0.0121286 0.0263044
25 I 3.47633 0.0100761 0.00513184 0.0186883 0.016078 0.0123009 0.11396 0.0102674 0.241552 0.0478958 0.0204281 0.105566 0.00700897 0.0266035 0.139981 0.0813512 0.0141819 0.00968306 0.0970792 0.0140312 0.00813529
26 R 3.24466 0.0496485 0.0106045 0.0130086 0.0267044 0.0512565 0.0205288 0.0248233 0.0186399 0.108898 0.0209224 0.0274215 0.00620206 0.0103935 0.0241307 0.395733 0.117107 0.0164156 0.014197 0.0162204 0.0271441
27 A 3.78273 0.135957 0.009906 0.00562384 0.0163258 0.0122122 0.0162285 0.091652 0.0187587 0.13322 0.0394953 0.0729449 0.0287518 0.0157042 0.0862447 0.100431 0.0371257 0.0361822 0.121023 0.0100257 0.012187
28 S 3.57108 0.0860922 0.0436402 0.00599247 0.00967179 0.0331559 0.0836174 0.0379474 0.00726382 0.0735296 0.0133557 0.018065 0.157219 0.00561983 0.12166 0.0495713 0.209364 0.0169574 0.00749005 0.00855773 0.0112304
29 V 3.26975 0.0754056 0.0331048 0.0577322 0.0149351 0.0264525 0.01167 0.00803451 0.199372 0.00949786 0.0158893 0.0336454 0.0109343 0.0159787 0.0148355 0.0307938 0.0361442 0.02621 0.347291 0.0211018 0.0109716
30 G 3.55057 0.0991641 0.0422458 0.00942396 0.0278732 0.0508876 0.247019 0.00624149 0.00948579 0.030087 0.00937732 0.0253478 0.113555 0.0143263 0.170094 0.017972 0.0298557 0.0385917 0.0176929 0.0275866 0.0131729
31 K 3.6326 0.0241928 0.0463764 0.0108508 0.096028 0.0265489 0.0807456 0.0202636 0.0296513 0.272213 0.0171219 0.0408758 0.0407474 0.040519 0.0240567 0.143903 0.0237861 0.0200164 0.0173526 0.01624 0.00851076
32 M 3.27415 0.0103608 0.0169771 0.0176692 0.0150644 0.0248685 0.0208545 0.0176199 0.0197565 0.0204603 0.0109509 0.358665 0.170742 0.0249542 0.00971869 0.0159178 0.0988835 0.0350342 0.0678838 0.020003 0.0236159
33 I 3.60424 0.0931375 0.0832998 0.0133207 0.0287888 0.0198762 0.0637432 0.00469369 0.222535 0.00966628 0.111324 0.128648 0.0199101 0.0114836 0.00695929 0.0054534 0.0213368 0.0595224 0.0686576 0.0143215 0.013322
34 D 4.03183 0.0970956 0.0655704 0.088533 0.112899 0.0507542 0.0391993 0.0336852 0.0829621 0.0114437 0.0615259 0.0900505 0.0288806 0.00250192 0.0436717 0.0220558 0.0441051 0.0235111 0.059905 0.0121076 0.0295419
35 G 3.49949 0.0582891 0.034347 0.0159696 0.0175835 0.0308397 0.335975 0.0530083 0.0283653 0.0291338 0.0229635 0.0214637 0.035429 0.0163044 0.0121399 0.0232488 0.156849 0.0368593 0.0206978 0.0222411 0.0282929
36 I 3.77575 0.0510778 0.0191104 0.0490023 0.0197004 0.119681 0.0224579 0.0183435 0.220178 0.0134757 0.0328781 0.109854 0.0162965 0.00998642 0.0457931 0.0301805 0.0332493 0.0855003 0.0669912 0.0266753 0.00956814
37 G 3.68912 0.0340548 0.0365258 0.0335776 0.100172 0.0341493 0.289842 0.0161699 0.0228817 0.0254255 0.0288533 0.0304612 0.0265507 0.0286515 0.0200902 0.0172565 0.105187 0.0156713 0.0746617 0.0420821 0.017736
38 R 3.8595 0.037294 0.0298501 0.0336398 0.0211044 0.0276191 0.059481 0.0548131 0.0280837 0.0422259 0.0782287 0.0328025 0.0259637 0.0420348 0.0559129 0.27103 0.0331294 0.0343698 0.0160042 0.0541247 0.0222882
39 F 3.76425 0.115375 0.0830519 0.0110737 0.0252289 0.175248 0.0116101 0.0104353 0.0163577 0.0175446 0.0188278 0.0827257 0.0669899 0.0290132 0.0177548 0.0204386 0.0325978 0.0240626 0.0257789 0.157999 0.0578862
40 Y 3.37544 0.0641435 0.0129321 0.0596328 0.00994692 0.0245123 0.012953 0.180697 0.0180013 0.00800611 0.0186563 0.0180073 0.0135447 0.0177177 0.0395642 0.0747618 0.0138003 0.0271934 0.0203428 0.0387916 0.326795
41 I 4.14235 0.0379469 0.055214 0.0288946 0.0470596 0.0489938 0.0676049 0.0123782 0.0988725 0.00660985 0.063309 0.0389357 0.0607298 0.0460341 0.0579232 0.0261525 0.0971545 0.0868191 0.0419096 0.0474303 0.0300277
42 Q 3.29943 0.0311888 0.039109 0.0239114 0.0363235 0.0172412 0.0466898 0.0460231 0.0221824 0.0846534 0.016768 0.0198444 0.0136289 0.0401864 0.431873 0.0236463 0.0209935 0.015422 0.0210124 0.0220538 0.0272491
43 M 3.80385 0.0481516 0.0320413 0.0235377 0.0318349 0.0398441 0.0199644 0.0540068 0.0379829 0.0625579 0.0612789 0.25442 0.120425 0.0107375 0.0188706 0.0251033 0.0213013 0.0592469 0.037336 0.0136911 0.0276682
44 C 3.95199 0.0547417 0.168941 0.0123068 0.0553729 0.0187961 0.0486769 0.0197623 0.126946 0.0886763 0.0609497 0.0234212 0.0534952 0.011303 0.0185065 0.0482023 0.0203577 0.0329936 0.0548789 0.0594437 0.0222289
45 T 3.6525 0.0236852 0.080059 0.0224978 0.0143725 0.0192496 0.018008 0.0176316 0.0231675 0.0222517 0.0900797 0.0337895 0.0523048 0.0386292 0.0147508 0.0261396 0.126817 0.269171 0.0797005 0.0174165 0.0102779
46 E 3.70189 0.0171618 0.0518843 0.0368613 0.294912 0.0644911 0.0215115 0.0229783 0.0423851 0.0198435 0.0193016 0.0382488 0.0447645 0.11395 0.0284094 0.0521183 0.0176912 0.053301 0.023337 0.0246787 0.0121713
47 L 3.84365 0.0108644 0.0626874 0.043491 0.0220937 0.0187995 0.0524025 0.0205344 0.0448804 0.0278152 0.2442 0.0503273 0.0201576 0.0680959 0.0123073 0.0661737 0.0275539 0.043351 0.093166 0.0166067 0.0544922
48 K 3.88382 0.0863792 0.0277332 0.0340464 0.0123187 0.0233925 0.0649269 0.0521685 0.0359265 0.213277 0.0362157 0.0602477 0.0407704 0.0181716 0.106919 0.0217824 0.0325479 0.0741592 0.0336504 0.0163684 0.00899781
49 L 3.89574 0.0745358 0.0277418 0.0198248 0.0142605 0.102883 0.0170657 0.0139668 0.048054 0.0127262 0.202192 0.05353 0.0281699 0.0362748 0.0318548 0.0339211 0.0205265 0.0740837 0.0689353 0.0309934 0.0884591
50 S 3.91027 0.163076 0.0445743 0.0196083 0.0565502 0.0463285 0.120452 0.0430762 0.006484 0.033483 0.0268836 0.0343418 0.0264411 0.0772436 0.106369 0.0306003 0.0718004 0.0579968 0.0179778 0.00542274 0.0112911
51 D 3.8283 0.0514271 0.0215035 0.097776 0.0308577 0.0090541 0.0894302 0.0114536 0.0418508 0.00576025 0.0591494 0.0278319 0.176542 0.035716 0.0637681 0.0350995 0.0296626 0.13663 0.0586807 0.00686 0.0109473
52 Y 3.68168 0.150069 0.0168891 0.0143862 0.0497893 0.0315627 0.0467236 0.0192849 0.0161935 0.0177965 0.0127961 0.0421192 0.0604972 0.0146609 0.00905077 0.0208117 0.0555965 0.218584 0.0328851 0.0246619 0.145642
53 E 3.7004 0.10194 0.0295986 0.0649035 0.281581 0.022759 0.0143932 0.0209205 0.0219456 0.018311 0.0186291 0.0292182 0.0209657 0.0144894 0.0415427 0.0312844 0.0610229 0.0351309 0.0168416 0.0585592 0.0959638
54 G 3.75443 0.097397 0.0259303 0.0404359 0.039365 0.013139 0.261348 0.0737916 0.0150457 0.013972 0.0138518 0.0268865 0.0388324 0.0377497 0.0474797 0.0347428 0.0922174 0.0707864 0.0183624 0.0196655 0.0190009
55 R 3.77521 0.0249847 0.0493177 0.0359435 0.0190905 0.0268213 0.0130994 0.0740864 0.0271389 0.170687 0.0670816 0.0246425 0.0184788 0.0409687 0.0503845 0.226813 0.0223279 0.0247914 0.0313069 0.0155736 0.036462
56 L 3.88126 0.0339268 0.0587465 0.0174764 0.0280056 0.0174374 0.0357996 0.0549073 0.0559376 0.0141492 0.155386 0.0732818 0.169341 0.0367765 0.0163756 0.0119749 0.0438618 0.0932457 0.04928 0.0121014 0.0219886
57 I 3.59494 0.0400228 0.0194891 0.0213023 0.0177288 0.0183067 0.0581786 0.0107117 0.204363 0.021127 0.199496 0.027773 0.0351424 0.0295676 0.0408456 0.0272619 0.0161503 0.0238373 0.161192 0.0132469 0.0142572
58 Q 3.60895 0.030255 0.0168704 0.0303667 0.042669 0.0222191 0.0245866 0.0596682 0.0169025 0.0507449 0.0210514 0.0160333 0.107843 0.0354471 0.331557 0.0450761 0.0275358 0.0209056 0.0219429 0.0226414 0.0556839
59 N 3.48276 0.0270009 0.0158469 0.0735186 0.0223477 0.0191491 0.121906 0.0483289 0.0104236 0.0566231 0.0261792 0.0239186 0.34603 0.0212573 0.0159395 0.0334848 0.0140791 0.0594191 0.0319628 0.01843 0.0141546
60 S 3.74541 0.0286455 0.067778 0.0187297 0.0150855 0.0134383 0.101174 0.00816479 0.0651286 0.0267396 0.0356901 0.0501338 0.0710116 0.0177046 0.0264299 0.0337077 0.256178 0.0941184 0.0316189 0.0230229 0.0154999
61 L 3.76832 0.0200174 0.0366883 0.095297 0.0204702 0.0326606 0.0308415 0.028377 0.0635563 0.0128465 0.173976 0.0252789 0.0406107 0.0171938 0.0290204 0.0104421 0.0487228 0.0523804 0.213474 0.0198667 0.0282801
62 T 3.47794 0.0490817 0.0341056 0.0118885 0.0483973 0.0148363 0.0458883 0.0217126 0.0103862 0.00927723 0.0168442 0.0102994 0.22068 0.0276473 0.0125277 0.0245637 0.194421 0.182909 0.0233957 0.0164284 0.0247094
63 I 3.79804 0.130224 0.0765367 0.0627637 0.0110264 0.0252884 0.00857328 0.0174189 0.204244 0.0245625 0.0897746 0.0700892 0.00952915 0.0623341 0.0230925 0.0339411 0.0157561 0.0310326 0.0637733 0.0200402 0.0199993
64 E 3.73457 0.0177714 0.0355778 0.0567333 0.318494 0.0259999 0.0596659 0.031452 0.0546607 0.0204187 0.0422495 0.0361366 0.0333602 0.04563 0.0147343 0.0408087 0.0305577 0.0342235 0.0268707 0.0244657 0.0501893
65 R 3.40403 0.0217829 0.0262131 0.026987 0.0434793 0.0253035 0.0294391 0.0191684 0.0122563 0.0901852 0.0189708 0.023441 0.0587536 0.036712 0.0281102 0.400298 0.0465979 0.0305742 0.0287531 0.0214843 0.0114901
66 M 3.80997 0.0382802 0.0526695 0.0382125 0.0248565 0.0874328 0.0520576 0.0212954 0.0431762 0.040785 0.0218839 0.287783 0.0375305 0.0171335 0.0489954 0.0289396 0.0444299 0.0298252 0.0327897 0.0302801 0.0216438
67 V 3.89973 0.0798367 0.0325555 0.0252778 0.0415818 0.0287138 0.0503326 0.0344755 0.0834306 0.0277937 0.0209188 0.0825354 0.102487 0.0139045 0.0277405 0.0145988 0.0370072 0.0257816 0.213065 0.0204306 0.0375333
68 L 3.90669 0.0349244 0.0345806 0.0149654 0.0223416 0.0423771 0.0403898 0.0858015 0.115277 0.0344168 0.221815 0.0364253 0.0596472 0.0329217 0.0451834 0.0206656 0.059891 0.0262999 0.0211496 0.0299693 0.0209581
69 S 3.36028 0.0524656 0.0514996 0.0172725 0.0221654 0.0183232 0.0844186 0.0337238 0.0223137 0.0158299 0.0210431 0.0256051 0.0453837 0.0359203 0.0189972 0.0174813 0.41281 0.0436364 0.0190244 0.023449 0.0186371
70 A 3.4772 0.244665 0.0323228 0.0676743 0.021334 0.0112041 0.146989 0.0158804 0.0248538 0.0155133 0.0104362 0.0114377 0.0224697 0.0094737 0.0170508 0.0145352 0.166838 0.101967 0.012337 0.0207391 0.0322785
71 F 3.82033 0.0467088 0.0160762 0.0456102 0.0189624 0.223876 0.0241156 0.0306935 0.0131007 0.0523491 0.0280808 0.0154725 0.0376209 0.0392097 0.0344455 0.0592369 0.030009 0.0248042 0.0349379 0.0608667 0.163824
72 D 3.39372 0.0276897 0.0383039 0.412153 0.0392506 0.0290023 0.0304302 0.0215202 0.018673 0.0204063 0.0189342 0.0411789 0.0235363 0.0149693 0.0169508 0.0598217 0.0227412 0.0416491 0.026219 0.0712671 0.0253028
73 E 3.93169 0.0325778 0.0380411 0.0402974 0.0486314 0.0591961 0.0223122 0.0217584 0.106486 0.05281 0.152589 0.0167119 0.01999 0.00214206 0.0412766 0.0185546 0.038555 0.118077 0.108846 0.0361515 0.0249964
74 R 3.66395 0.0403849 0.0141811 0.0751182 0.0277157 0.0242983 0.0151398 0.0286595 0.0114277 0.11616 0.0663712 0.0336217 0.0236751 0.0158638 0.0643239 0.291158 0.0457618 0.0147543 0.044797 0.0311643 0.0154232
75 R 3.26626 0.0228852 0.025374 0.0315316 0.0156376 0.0221542 0.024176 0.0274506 0.0300065 0.151622 0.00992695 0.0253409 0.0294271 0.0125262 0.0121817 0.401467 0.0126754 0.0521265 0.0184024 0.0315308 0.0435568
76 N 3.74475 0.0289593 0.0420035 0.0186715 0.0655475 0.0095495 0.0149969 0.00913639 0.101225 0.0341088 0.056647 0.060641 0.148101 0.00470954 0.0884306 0.0124836 0.020927 0.0184137 0.0573341 0.192806 0.015308
77 K 3.90295 0.0587349 0.0843994 0.00734039 0.0106846 0.00894177 0.0541963 0.093095 0.0775007 0.0555829 0.040723 0.0775824 0.0597613 0.00914189 0.0375886 0.169562 0.0546225 0.0369061 0.04833 0.00890631 0.00639999
78 Y 3.30651 0.0254983 0.0241619 0.016584 0.0343002 0.22031 0.0185675 0.138203 0.0368678 0.0119347 0.00925581 0.0102081 0.0190302 0.00924671 0.0120713 0.0244879 0.0111215 0.0115243 0.0335944 0.0465677 0.286465
79 L 3.32865 0.0282749 0.0437519 0.0212885 0.0217677 0.0275242 0.0181796 0.0182876 0.0699155 0.0185727 0.427571 0.0622888 0.0273393 0.0223624 0.0319435 0.0207477 0.0191258 0.021619 0.0482465 0.0166931 0.0345002
80 E 3.84926 0.028582 0.0411699 0.0511824 0.264991 0.0512278 0.031661 0.032781 0.053178 0.0343623 0.0236794 0.0239695 0.0543087 0.0039477 0.0387705 0.0117775 0.0471988 0.0635588 0.0478887 0.0303155 0.0654495
81 E 3.80235 0.0140626 0.0482481 0.0638415 0.270801 0.0541953 0.0445802 0.0320735 0.0595923 0.0254501 0.0338367 0.0278498 0.0478822 0.00907847 0.0150475 0.0235253 0.041338 0.025833 0.0922548 0.0231118 0.0473975
82 H 3.7328 0.0172924 0.0882314 0.00337529 0.00670223 0.151658 0.00355493 0.0780809 0.016837 0.0346947 0.0164944 0.0897836 0.0320274 0.0021402 0.173097 0.0344071 0.0457738 0.0337257 0.0264166 0.0670099 0.078698
83 P 3.56422 0.0607153 0.0516661 0.00675502 0.0197203 0.0164603 0.0537781 0.0307529 0.0212721 0.0105418 0.0114421 0.0419187 0.0581141 0.133305 0.314836 0.0253976 0.0402991 0.0294449 0.0400515 0.0169689 0.0165592
84 S 3.60988 0.231367 0.0817942 0.00499446 0.00810419 0.00521142 0.0621769 0.0209423 0.0347588 0.00760622 0.0586455 0.0731878 0.143353 0.0149917 0.0243536 0.00636543 0.082065 0.069981 0.0154593 0.0471104 0.00753193
85 A 4.04653 0.113424 0.0406001 0.00790632 0.017271 0.0188598 0.0619153 0.042546 0.0374843 0.0261111 0.0315364 0.018858 0.0969976 0.0904341 0.0784069 0.0619955 0.0559606 0.0853758 0.0482063 0.00735048 0.0587605
86 G 3.67943 0.0489344 0.0140129 0.00848539 0.0120908 0.0200091 0.131926 0.141266 0.00790312 0.0472806 0.0661802 0.0165412 0.213644 0.0530358 0.0391949 0.0575314 0.0546247 0.0359736 0.00704656 0.010301 0.0140181
87 K 2.70519 0.0111767 0.0269648 0.0106355 0.0405774 0.00910148 0.015534 0.0170919 0.0227167 0.580953 0.00979497 0.0389623 0.0170422 0.021514 0.0222388 0.036755 0.0259405 0.0235143 0.0287962 0.0129262 0.0277638
88 D 2.98492 0.00462988 0.14621 0.229819 0.0207876 0.0166013 0.0184417 0.0128068 0.0258389 0.00927123 0.0124987 0.0181757 0.346766 0.0115238 0.0303022 0.00623066 0.054192 0.0112058 0.0111562 0.00912982 0.00441366
89 P 3.775 0.130661 0.11655 0.0129149 0.0112154 0.0816509 0.0450023 0.0176546 0.0152565 0.0114095 0.0367658 0.0163619 0.0167335 0.16122 0.0102252 0.0125772 0.0765106 0.0162538 0.0884989 0.0859887 0.0365493
90 K 3.85408 0.0260429 0.0163225 0.0118525 0.0151963 0.00651611 0.0365442 0.0746457 0.0706032 0.110681 0.0299067 0.0637235 0.0889605 0.00261809 0.127529 0.0854261 0.0376425 0.131495 0.0351648 0.0165725 0.0125575
91 K 2.74411 0.0145064 0.0310952 0.0144885 0.0183107 0.0186807 0.0122075 0.0163442 0.0109132 0.445348 0.00909279 0.0277282 0.0241669 0.014481 0.0132334 0.260299 0.0162277 0.00835678 0.00959855 0.0207081 0.0142128
92 T 3.24209 0.0429892 0.0238099 0.0271056 0.00991505 0.0422947 0.0560572 0.0290465 0.0208286 0.018467 0.0279963 0.0397405 0.0931985 0.0188301 0.0218138 0.0179955 0.0270608 0.437608 0.0133421 0.0214689 0.0104316
93 G 3.22204 0.0184034 0.0113308 0.0239312 0.0357264 0.0273957 0.455346 0.0215621 0.014556 0.0248106 0.0241083 0.0465171 0.0167986 0.0469584 0.0593173 0.0210197 0.0442855 0.0316407 0.0136115 0.0472532 0.0154277
94 G 3.34853 0.0165256 0.0236994 0.061815 0.0495322 0.0182795 0.428403 0.0265926 0.044936 0.0416605 0.023389 0.0433177 0.0358859 0.0206687 0.0296697 0.0225456 0.0186418 0.0322644 0.0182815 0.0230748 0.0208179
95 P 3.81054 0.114102 0.0490565 0.041438 0.0421442 0.0114102 0.0961509 0.0403683 0.017814 0.0351205 0.0146475 0.028987 0.0309543 0.243881 0.0239445 0.024525 0.0727904 0.0191166 0.0399825 0.0298084 0.0237588
96 I 3.64585 0.0202755 0.033281 0.0258521 0.024412 0.0454161 0.0136159 0.0163903 0.251075 0.0200836 0.145467 0.0439154 0.0171011 0.0176976 0.0138409 0.0127184 0.0292556 0.0516362 0.134762 0.0253755 0.0578283
97 Y 3.67642 0.0257149 0.0495568 0.0213586 0.0518734 0.070608 0.0373555 0.0293116 0.0255672 0.117082 0.0201762 0.0134448 0.0334869 0.014694 0.0536626 0.0406242 0.0207027 0.0193294 0.0355927 0.0189479 0.300911
98 K 3.85881 0.0310208 0.0346286 0.0103216 0.0164537 0.0189587 0.0149883 0.065205 0.0203419 0.215162 0.0577432 0.0669858 0.0649771 0.0173674 0.069616 0.114084 0.0544179 0.0547599 0.033653 0.0275539 0.0117619
99 R 3.62367 0.0389759 0.0360968 0.0184236 0.0263303 0.0134222 0.0457586 0.0298304 0.0225739 0.152446 0.0280431 0.0185279 0.0385603 0.0107606 0.0280725 0.299139 0.0251194 0.0608924 0.0299565 0.0204646 0.0566057
100 V 4.09712 0.128073 0.0274608 0.0131096 0.0446912 0.029973 0.0390884 0.09321 0.0356387 0.0182714 0.101551 0.0598378 0.0411303 0.0662562 0.0443657 0.0382893 0.0405997 0.0342626 0.0754907 0.016239 0.0524614
101 D 3.72911 0.0510259 0.0187163 0.27361 0.0611523 0.00734102 0.0291389 0.0203035 0.0337548 0.0204158 0.059085 0.0222414 0.0616197 0.0911545 0.03296 0.0351033 0.0322232 0.0929995 0.0345591 0.0103758 0.0122198
102 R 3.81827 0.0282459 0.0377291 0.0124815 0.0119645 0.0867824 0.0658887 0.0586806 0.0120568 0.0674308 0.0898287 0.0327897 0.0137558 0.012614 0.0129812 0.192657 0.0482801 0.0168613 0.0110061 0.112983 0.0749829
103 K 3.81204 0.0729902 0.0323853 0.0185525 0.0305359 0.00815857 0.0309726 0.0625982 0.027849 0.178409 0.0380308 0.0390937 0.111593 0.0106594 0.0210346 0.0581291 0.0350122 0.0405126 0.161276 0.0124066 0.00980054
104 W 3.41847 0.0230296 0.0331495 0.0301193 0.0129827 0.165943 0.0164143 0.0155415 0.0676967 0.0149898 0.0221503 0.0219595 0.021817 0.0146094 0.0184417 0.0309315 0.0232419 0.024832 0.0625324 0.344289 0.0353298
105 M 4.08489 0.0328016 0.0970737 0.0434741 0.0249899 0.0905069 0.0332388 0.0616863 0.0366643 0.0345521 0.0872607 0.150186 0.0519874 0.0267275 0.0436696 0.0234182 0.0293457 0.0405857 0.0334058 0.0220399 0.0363857
106 R 3.42884 0.0313258 0.0299306 0.0293289 0.046691 0.018741 0.0236908 0.0290008 0.0269701 0.0536522 0.0359236 0.0271333 0.0339065 0.0172992 0.02476 0.416068 0.0300253 0.0234014 0.0281928 0.0366614 0.0372974
107 E 3.48678 0.0407244 0.0225261 0.186481 0.30631 0.0175882 0.0158081 0.0797403 0.0165928 0.0232443 0.0240177 0.0240551 0.0563383 0.0177932 0.0190662 0.0162788 0.0393513 0.0244908 0.0343432 0.0187667 0.0164839
108 L 3.73049 0.0229582 0.0474193 0.0134918 0.0209964 0.0330948 0.0523925 0.0354975 0.031786 0.0393003 0.304638 0.0403275 0.0137321 0.0846971 0.0639528 0.0221425 0.0405716 0.0482607 0.0419301 0.0170197 0.0257913
109 V 3.67315 0.0415133 0.23175 0.0188522 0.0476168 0.0327935 0.0208942 0.018483 0.0606172 0.043725 0.0485415 0.0512241 0.00914543 0.0166211 0.0602009 0.0190407 0.0213647 0.0356949 0.198161 0.0127941 0.0109666
110 L 3.20933 0.0100826 0.0261603 0.0306864 0.0150296 0.0309408 0.0143799 0.0232001 0.0856058 0.0480167 0.448226 0.0201823 0.0161477 0.0552547 0.0170452 0.0280544 0.0134807 0.0379876 0.0387741 0.0246154 0.01613
111 Y 3.72257 0.0133425 0.0100909 0.0196366 0.0575712 0.096207 0.00980794 0.0492949 0.0691605 0.00799913 0.0305535 0.151885 0.0217262 0.0140831 0.0253416 0.00943365 0.0522083 0.199525 0.0393383 0.0226425 0.100152
112 D 3.74072 0.036709 0.0425622 0.248479 0.0571844 0.0133564 0.0326281 0.0413819 0.0241367 0.0169928 0.0510893 0.0230867 0.16994 0.0260526 0.0201235 0.044259 0.0201191 0.0175629 0.0289822 0.0270783 0.0582759
113 K 2.99777 0.0106768 0.0148845 0.0258381 0.0268303 0.0320088 0.00773484 0.0367924 0.0149921 0.510475 0.0223485 0.0223235 0.0287283 0.0177216 0.0563896 0.0343402 0.0502564 0.0237084 0.0120108 0.0349685 0.0169711
114 E 3.85261 0.0311889 0.0242244 0.0806027 0.200543 0.0963482 0.0233206 0.0205628 0.0329457 0.083972 0.0255326 0.0326053 0.0691018 0.0143978 0.0564307 0.0118152 0.0154043 0.0210488 0.00635595 0.0942905 0.0593085
115 E 3.30478 0.0355121 0.0179202 0.063862 0.441486 0.0488155 0.0300544 0.031317 0.0269457 0.0321585 0.0225834 0.0330228 0.0278252 0.016935 0.0312585 0.0356623 0.0328428 0.0193548 0.0158097 0.0153134 0.0213211
116 I 3.22333 0.0219424 0.0994199 0.0194272 0.0164701 0.0193565 0.0230336 0.0102189 0.265905 0.0178301 0.0288525 0.0136152 0.0385659 0.0136672 0.0188939 0.0105273 0.00966048 0.0464785 0.295212 0.0207269 0.0101965
117 R 3.85664 0.0213485 0.0707513 0.0147764 0.022229 0.0238225 0.0181163 0.0343488 0.045932 0.0311842 0.0648036 0.108141 0.013838 0.0072139 0.153281 0.172447 0.0524601 0.0350688 0.0582801 0.0208155 0.0311416
118 R 3.7857 0.0369438 0.0461626 0.0175839 0.0461283 0.0271477 0.0258526 0.0288141 0.055777 0.0915315 0.0597853 0.0260258 0.015013 0.0251657 0.0455635 0.289348 0.0195923 0.0387275 0.0318638 0.03926 0.033714
119 I 3.67412 0.0407328 0.0955853 0.0355426 0.0220738 0.0221512 0.0334958 0.02953 0.302981 0.0154118 0.031615 0.0515411 0.03457 0.0150958 0.0313079 0.0123212 0.0180554 0.0506161 0.100609 0.0303789 0.026385
120 W 3.47159 0.0284961 0.0283328 0.0266821 0.0281901 0.0503343 0.0266184 0.0301478 0.0276684 0.0336048 0.0214706 0.0422311 0.0447031 0.0231198 0.0281548 0.017298 0.0201193 0.0123396 0.0221973 0.378178 0.110113
121 R 3.88703 0.0311166 0.063555 0.0197302 0.0131161 0.0276517 0.0210718 0.0498219 0.0295931 0.0483601 0.0899925 0.0410445 0.0519876 0.00929806 0.0188466 0.220737 0.106208 0.0305467 0.0280537 0.0467493 0.0525194
122 Q 3.70787 0.0146776 0.0630716 0.00495969 0.0152656 0.0652026 0.0117079 0.0790147 0.133469 0.0170904 0.0722738 0.0371025 0.0225131 0.0230307 0.125078 0.0325066 0.0214777 0.038398 0.204642 0.00842623 0.0100929
123 A 3.56864 0.300603 0.0813766 0.0179462 0.0250536 0.0153805 0.138463 0.0184747 0.0221756 0.0118206 0.0333246 0.0189932 0.0220188 0.0234321 0.0189431 0.0427364 0.0895236 0.0357595 0.0447532 0.0281962 0.0110258
124 N 3.80956 0.0257784 0.049862 0.024967 0.0360763 0.047603 0.0765737 0.0472352 0.0306584 0.0219048 0.0150687 0.038432 0.27091 0.0309933 0.0411624 0.0171433 0.0760648 0.0149579 0.0148585 0.0517347 0.0680162
125 N 4.02438 0.0265465 0.103285 0.0277576 0.0253446 0.0589512 0.0496899 0.0272396 0.0329093 0.0201424 0.0768952 0.0534124 0.176106 0.0147602 0.05464 0.0407337 0.0615493 0.0368062 0.0309795 0.0182754 0.0639766
126 G 3.84749 0.0789748 0.0667708 0.0145581 0.0328062 0.0146148 0.168962 0.0214887 0.0150027 0.0320484 0.17779 0.0562494 0.0503159 0.00862573 0.0446892 0.0572762 0.0513619 0.0498087 0.0259668 0.0182458 0.014444
127 D 4.13828 0.0779458 0.017659 0.0640552 0.0430469 0.0548324 0.0425317 0.0501814 0.0366472 0.0379205 0.111897 0.0311081 0.0319527 0.0126962 0.0891501 0.0373497 0.0454996 0.0627844 0.0940314 0.0381944 0.0205169
128 D 4.00819 0.0924756 0.0203691 0.0629779 0.0271641 0.0868296 0.0249833 0.146661 0.0199629 0.0215495 0.0608526 0.0301633 0.101039 0.0410568 0.0177718 0.0207968 0.0485205 0.0650253 0.0480832 0.00759619 0.0561221
129 A 3.83017 0.160356 0.0311857 0.00792442 0.0214339 0.0165079 0.15117 0.0216418 0.0218672 0.116448 0.0449 0.0628004 0.0234987 0.0155652 0.036928 0.0679965 0.0551809 0.0684255 0.0590928 0.00675722 0.01032
130 T 3.82137 0.0257844 0.0606215 0.0122052 0.0147876 0.0157789 0.00904067 0.0882302 0.0108471 0.128644 0.0467326 0.0620655 0.0286649 0.0348714 0.0357098 0.0460243 0.0324333 0.174874 0.132447 0.0276913 0.0125457
131 A 3.42213 0.19654 0.0206456 0.0153617 0.0291176 0.00995801 0.0237218 0.0822006 0.0143802 0.00711404 0.0112865 0.0410914 0.0428658 0.282965 0.0425265 0.00875792 0.0955283 0.0171834 0.0323192 0.0155019 0.0109342
132 G 3.44397 0.0436556 0.0250044 0.0327112 0.0185797 0.0132842 0.349356 0.0258967 0.144012 0.0161887 0.0221024 0.0363152 0.0308895 0.0203485 0.0326497 0.0179964 0.090277 0.0169131 0.0197342 0.0229533 0.0211326
133 L 3.23149 0.0322086 0.0150599 0.0742599 0.0157272 0.0176868 0.0144329 0.00972116 0.299884 0.0343307 0.270153 0.0524203 0.00977298 0.016335 0.0239605 0.021916 0.0117012 0.0136172 0.0349464 0.0141413 0.0177245
134 T 3.31761 0.0520721 0.0771649 0.0297332 0.020705 0.0220732 0.015649 0.0125044 0.0142182 0.00749878 0.0164064 0.0338226 0.0333088 0.0177628 0.0135611 0.0120698 0.111134 0.386157 0.0776193 0.0174274 0.0291115
135 H 3.44886 0.0322739 0.0252599 0.0207299 0.0266503 0.0434486 0.0247171 0.396693 0.0190936 0.0380998 0.0167736 0.0855693 0.0355955 0.0336494 0.0512527 0.0302859 0.0234844 0.0200688 0.0184843 0.0291701 0.0287
136 M 3.58372 0.044453 0.0655625 0.00916338 0.0270184 0.044551 0.02232 0.0180707 0.219493 0.00721399 0.0961215 0.185028 0.0137378 0.0120438 0.0685032 0.00775198 0.018896 0.0197613 0.0917243 0.00920987 0.019376
137 M 3.23569 0.0159024 0.020287 0.0231153 0.0347633 0.0423091 0.0114683 0.0226277 0.0551642 0.0700658 0.0349614 0.45139 0.0144093 0.030203 0.0235882 0.013352 0.0214782 0.0346644 0.030348 0.0194059 0.0304971
138 I 3.15014 0.0367239 0.0166371 0.0246683 0.0104967 0.0287867 0.0209109 0.0128198 0.458968 0.0367054 0.0819868 0.0696783 0.0220898 0.0408218 0.0146444 0.00926443 0.0203365 0.0220636 0.0277279 0.0336636 0.0110057
139 W 3.61756 0.0182185 0.0307869 0.0186057 0.0224486 0.0734046 0.0385094 0.0458397 0.0353642 0.0223079 0.0826857 0.0359572 0.0236125 0.0232726 0.0287805 0.0217879 0.0221089 0.0356744 0.0252435 0.342019 0.0533723
140 H 3.65455 0.0224482 0.028461 0.0414556 0.0740121 0.0228254 0.035904 0.327354 0.0439925 0.0155388 0.0250005 0.0255421 0.0436117 0.0162746 0.0907806 0.0168023 0.0422213 0.0344364 0.0284534 0.0273473 0.0375386
141 S 3.44864 0.0472872 0.0369346 0.0393773 0.029712 0.0623512 0.0593118 0.0264664 0.0292305 0.0175034 0.013523 0.0213843 0.0202784 0.0445404 0.0129195 0.0147881 0.395871 0.0402613 0.0382377 0.0220278 0.0279941
142 N 3.40065 0.0267014 0.0258633 0.0259721 0.0247043 0.0413506 0.0302831 0.0407438 0.0223941 0.0395662 0.0288458 0.0462288 0.420827 0.0331895 0.0258608 0.0169874 0.0532893 0.0154566 0.0195839 0.033153 0.0289983
143 L 3.54299 0.0175805 0.067791 0.0122855 0.0156127 0.0208483 0.0370117 0.0550872 0.116525 0.0259463 0.337333 0.0413505 0.0182539 0.0365281 0.0128276 0.0210172 0.0535396 0.0206166 0.0263063 0.0444992 0.01904
144 N 3.41535 0.0721135 0.0493707 0.0203303 0.0189443 0.0171922 0.0474464 0.0138307 0.0417571 0.0248172 0.0164449 0.0953232 0.381759 0.0215114 0.0289947 0.00603849 0.0176688 0.0306475 0.0489268 0.0257427 0.0211396
145 D 3.31405 0.0439728 0.0291593 0.436285 0.0467386 0.0173566 0.0485308 0.057107 0.0237134 0.0342795 0.0169404 0.0389865 0.023539 0.0181459 0.0191114 0.0216576 0.0162422 0.0421068 0.0163743 0.0259166 0.0238367
146 T 3.39522 0.148835 0.0272602 0.0301759 0.0131611 0.0118205 0.0180802 0.0157138 0.0116671 0.0250584 0.0144745 0.0131067 0.0999736 0.0105504 0.0235944 0.0103104 0.238739 0.21131 0.0393413 0.0119538 0.0248738
147 T 3.40012 0.0168395 0.0722117 0.0186341 0.026669 0.0260718 0.0209493 0.0411191 0.0719827 0.0249097 0.0163299 0.0309684 0.0346902 0.0158087 0.046699 0.017396 0.0214359 0.402444 0.0505799 0.0238821 0.0203793
148 Y 2.88848 0.0175661 0.0225137 0.0233712 0.0109806 0.0289362 0.0160418 0.0313079 0.0595102 0.0142366 0.0150331 0.0293062 0.0353465 0.0344337 0.0158849 0.0106269 0.0235172 0.0353935 0.0197889 0.0174439 0.538761
149 Q 2.98638 0.015154 0.0263519 0.0114176 0.0174753 0.024388 0.0178688 0.0215978 0.0272988 0.0338559 0.0159356 0.024167 0.0186502 0.0160843 0.516822 0.0702245 0.0316233 0.0272664 0.0290176 0.0323387 0.0224621
150 R 3.27431 0.0199184 0.0263059 0.0263164 0.0375893 0.0160885 0.0320917 0.0238756 0.0194422 0.051512 0.0523058 0.0279083 0.0183516 0.0448008 0.0246392 0.445954 0.0361633 0.0120864 0.00996706 0.0448848 0.0297991
151 T 3.1371 0.0430097 0.0143993 0.024985 0.0319721 0.0180959 0.02121 0.0215958 0.0157367 0.0619634 0.0310281 0.0254061 0.017965 0.014377 0.0254517 0.0219493 0.0771305 0.471928 0.0229316 0.0259867 0.0128778
152 R 2.89464 0.0165753 0.00961724 0.0144966 0.0251762 0.0275157 0.0239757 0.0396736 0.0140566 0.0732807 0.013888 0.0167735 0.0182355 0.0234672 0.0555468 0.528837 0.0220607 0.0172902 0.0127557 0.0212512 0.0255273
153 A 3.16565 0.479304 0.0308382 0.0204416 0.0219857 0.0398471 0.033572 0.0231694 0.0188883 0.0151139 0.0240007 0.0165359 0.0204325 0.0244011 0.0365936 0.0230651 0.0431203 0.0530801 0.0335647 0.0201423 0.0219031
154 L 2.9677 0.00938155 0.0416083 0.0100416 0.0185569 0.0106325 0.00898812 0.0115832 0.321671 0.0241338 0.313977 0.0379126 0.0138419 0.00978214 0.0122367 0.0163882 0.0120272 0.0120843 0.0795879 0.0221367 0.0134284
155 V 3.30658 0.0301415 0.0210928 0.0308688 0.0112879 0.023849 0.0396593 0.0131567 0.06378 0.0431731 0.0206192 0.0192786 0.0232961 0.0102336 0.0298554 0.029366 0.0941294 0.0534913 0.414809 0.0109506 0.0169618
156 R 2.96792 0.0260154 0.0222991 0.0123082 0.0294979 0.00994102 0.0227788 0.0325842 0.0263163 0.025899 0.0102704 0.0180791 0.0138267 0.0205041 0.0572141 0.520756 0.0411579 0.0246311 0.0406927 0.0188458 0.0263819
157 T 3.50339 0.0786823 0.0656753 0.0229225 0.00653795 0.00912085 0.0113941 0.0111719 0.162564 0.0150686 0.0190645 0.0208422 0.0258148 0.00757468 0.029063 0.0142259 0.183978 0.180483 0.109044 0.0170307 0.00974197
158 G 3.49061 0.0501971 0.0415315 0.013282 0.0158348 0.0200778 0.352493 0.0543925 0.0200983 0.0104887 0.0563159 0.0836595 0.0675018 0.0142361 0.0315818 0.00893193 0.0683708 0.0327872 0.0121473 0.0152858 0.0307867
159 M 3.02607 0.0180842 0.0296921 0.0245995 0.0131733 0.0106483 0.014357 0.0163425 0.0567191 0.0209558 0.229859 0.401831 0.0165839 0.0109399 0.0237793 0.0143868 0.0186098 0.0160281 0.0326793 0.0164977 0.0142334
160 D 3.18931 0.0114114 0.0492643 0.451743 0.0848055 0.0189284 0.0217614 0.0204426 0.026702 0.0126805 0.0123542 0.0407814 0.0441688 0.0168539 0.0328938 0.0142495 0.00983823 0.0255188 0.0336139 0.0473784 0.0246105
161 P 3.22923 0.258684 0.018787 0.0125365 0.00636311 0.00847043 0.0870636 0.00903499 0.0126941 0.0258329 0.016536 0.0118734 0.0131891 0.226985 0.0328692 0.0300573 0.164691 0.0195911 0.0309236 0.00897444 0.00484337
162 R 3.11966 0.0325749 0.0144269 0.016379 0.0336613 0.0417735 0.033594 0.0192931 0.0327815 0.049926 0.0219049 0.0214455 0.0168281 0.0351602 0.0212983 0.489493 0.0176378 0.0122371 0.0278314 0.0323845 0.0293683
163 M 3.56603 0.0293671 0.078443 0.0100317 0.011669 0.0613845 0.0145454 0.0116031 0.164421 0.0134519 0.0473164 0.196204 0.00753179 0.00432272 0.0215944 0.00729032 0.0203231 0.118292 0.125462 0.0413194 0.0154271
164 C 3.35317 0.312434 0.161715 0.00851268 0.00361036 0.00643861 0.0139047 0.011602 0.0548381 0.0277199 0.0123139 0.0707465 0.0588345 0.0209931 0.0246795 0.0105286 0.0614177 0.0193857 0.0986358 0.0106839 0.0110046
165 S 3.39429 0.159407 0.0566501 0.0387688 0.0105145 0.0175268 0.0432424 0.0094265 0.0193272 0.00386443 0.0153545 0.0392901 0.146122 0.0457646 0.0133505 0.0041142 0.279757 0.063659 0.0123579 0.00609924 0.0154031
166 L 3.33384 0.0201505 0.00920221 0.0329142 0.0906747 0.0103494 0.0073211 0.0290039 0.0482674 0.0139634 0.282962 0.132408 0.0130619 0.0122199 0.186139 0.00627897 0.0455875 0.0244572 0.0137181 0.0125459 0.00877486
167 M 3.26776 0.0157896 0.0308173 0.014512 0.0130299 0.0187565 0.0452528 0.0220468 0.0415498 0.0153489 0.136983 0.413366 0.0319787 0.0122944 0.0288482 0.019586 0.034438 0.0281457 0.0214451 0.0309029 0.0249087
168 Q 3.43743 0.133425 0.0273206 0.0193444 0.0158188 0.0216261 0.0153474 0.0201089 0.0252377 0.0263045 0.0189001 0.0443561 0.0261059 0.0467777 0.348587 0.0266678 0.104739 0.0274266 0.0223514 0.0117842 0.0177708
169 G 3.34041 0.0651996 0.0269566 0.015823 0.0721284 0.0197947 0.417514 0.0461458 0.0380816 0.0577797 0.0217603 0.0204538 0.0319049 0.0152037 0.0186506 0.014136 0.0180991 0.0270219 0.0308392 0.0253212 0.0171854
170 S 3.08942 0.0339477 0.0206224 0.0386062 0.0187822 0.0424966 0.0368177 0.0263289 0.0173023 0.0205434 0.0238897 0.0202074 0.0317746 0.0191909 0.0297183 0.0276951 0.499493 0.0301013 0.0195751 0.0330884 0.00981869
171 T 3.32674 0.0139282 0.116253 0.0677399 0.0322189 0.0160327 0.0290454 0.0175737 0.0261631 0.0170608 0.0263 0.0921222 0.0320053 0.0106522 0.029769 0.0137804 0.0158783 0.382745 0.036778 0.0128428 0.0111111
172 L 3.36553 0.091254 0.049954 0.00930422 0.0174231 0.027924 0.0112812 0.016771 0.137457 0.025193 0.350771 0.0282903 0.0189106 0.0247659 0.084762 0.0157795 0.0234402 0.0169323 0.0271576 0.0119929 0.0106364
173 P 3.51749 0.0844911 0.0207815 0.0264124 0.0272729 0.0175852 0.01885 0.0451336 0.0133352 0.0685993 0.0225239 0.0130468 0.0275871 0.330281 0.122354 0.0187312 0.049851 0.0361136 0.0280631 0.0075542 0.0214335
174 R 2.77216 0.00761609 0.0128949 0.0229376 0.0271583 0.0130219 0.0320731 0.0161689 0.0164733 0.0254323 0.0198066 0.0343734 0.052807 0.0142457 0.0181827 0.562273 0.017011 0.047007 0.017732 0.0323198 0.0104649
175 R 2.99483 0.0153881 0.0134197 0.0251683 0.027196 0.0185756 0.0126096 0.0149351 0.0108982 0.231922 0.0162429 0.0327171 0.0257732 0.0182976 0.0111916 0.413396 0.0306276 0.0176748 0.0186941 0.0305489 0.0147234
176 S 3.12986 0.190564 0.0263641 0.0138787 0.0176671 0.0229729 0.0824215 0.0221021 0.0300691 0.0159807 0.0103786 0.0137615 0.0122206 0.0147982 0.0189455 0.0171327 0.398266 0.0325842 0.0208408 0.0149199 0.0241317
177 G 2.83772 0.0153568 0.0228273 0.0177495 0.0468312 0.0482207 0.551115 0.0233372 0.0249292 0.0138533 0.0245746 0.0325424 0.0144988 0.0134839 0.0192483 0.0211042 0.0228221 0.0149265 0.0433047 0.0153946 0.01388
178 A 3.79349 0.276066 0.0163947 0.0424576 0.0150942 0.00755873 0.0247287 0.0348762 0.0266252 0.0369452 0.0481798 0.0454613 0.0941195 0.0558698 0.0385894 0.0466838 0.0375568 0.0433281 0.043733 0.0121684 0.0535634
179 A 3.08168 0.491229 0.039829 0.0120808 0.0498425 0.0324578 0.0389447 0.0197315 0.0153112 0.0491186 0.0272761 0.0300539 0.0219734 0.0198219 0.0210787 0.0111734 0.0445482 0.017327 0.0324021 0.0152792 0.0105202
180 G 2.85148 0.0303533 0.0183662 0.0373323 0.0286368 0.0490618 0.551554 0.0176535 0.0182426 0.0300936 0.0138833 0.0282124 0.0141835 0.0123863 0.0290193 0.0178232 0.0165275 0.020644 0.0160847 0.0305098 0.0194312
181 A 3.79566 0.183161 0.031101 0.0197918 0.0269345 0.115177 0.0728226 0.0580141 0.00567942 0.0250434 0.0373353 0.104678 0.022171 0.00384458 0.12625 0.0247496 0.0470969 0.0154794 0.012397 0.0383904 0.0298829
182 A 3.3403 0.392018 0.0187041 0.0129171 0.012322 0.0310388 0.0428908 0.0770413 0.0122746 0.0110227 0.0185893 0.0249268 0.110568 0.0137279 0.0316749 0.00898708 0.0411603 0.0310952 0.036495 0.0291108 0.0434351
183 V 3.25746 0.044393 0.0275999 0.0242648 0.0285299 0.022927 0.0168607 0.0218461 0.159739 0.018839 0.0211128 0.026364 0.0117571 0.0166347 0.0179364 0.0155021 0.0281614 0.0681943 0.394463 0.00912873 0.0257457
184 K 3.02701 0.028288 0.0230476 0.00985147 0.0259658 0.0204665 0.0469951 0.0394518 0.0204548 0.513456 0.0238941 0.0381995 0.0185138 0.033494 0.0247132 0.0268266 0.01839 0.0200234 0.0226908 0.0290461 0.0162314
185 G 3.07798 0.0486036 0.0233659 0.0300447 0.085246 0.0165938 0.48423 0.0424295 0.0134503 0.0129996 0.0205662 0.0187335 0.0235415 0.0168786 0.0365078 0.0308894 0.0235966 0.0163869 0.0181194 0.0121915 0.025625
186 V 3.64779 0.0152266 0.0299102 0.0103638 0.0186206 0.0727824 0.00621016 0.0919002 0.120065 0.0242786 0.0570642 0.0327011 0.0267548 0.0285213 0.165418 0.01306 0.0110144 0.0433993 0.204637 0.00500617 0.0230663
187 G 3.34841 0.118743 0.036191 0.0269999 0.0199059 0.015261 0.400437 0.0153689 0.0453157 0.0271617 0.0215723 0.0208187 0.00897508 0.036668 0.0148895 0.0222251 0.0458382 0.0196591 0.039945 0.0241058 0.0399187
188 T 3.31427 0.0854167 0.024984 0.0260749 0.0431842 0.0141227 0.0362451 0.0254431 0.0190172 0.0285892 0.020114 0.0140013 0.0209252 0.0204222 0.041048 0.0119481 0.126618 0.39245 0.0146301 0.0138128 0.0209527
189 M 3.73023 0.0231713 0.136981 0.0109387 0.0203427 0.0107614 0.0367434 0.0410923 0.0517081 0.0184489 0.175328 0.167275 0.0120316 0.0147 0.0752666 0.00907779 0.0260048 0.0344873 0.0800277 0.0290184 0.026595
