# POSITION WT SITE_ENTROPY PI_A PI_C PI_D PI_E PI_F PI_G PI_H PI_I PI_K PI_L PI_M PI_N PI_P PI_Q PI_R PI_S PI_T PI_V PI_W PI_Y
1 M 4.07352 0.0404132 0.0440539 0.0462482 0.0437281 0.0452303 0.0369291 0.0541678 0.0281691 0.0447408 0.0395188 0.214218 0.0428583 0.0422939 0.0427567 0.0410343 0.0370994 0.0386635 0.0255575 0.0461215 0.0461985
2 A 1.97104 0.669357 0.00695636 0.00604832 0.0264001 0.00619263 0.0192212 0.00835708 0.00458962 0.00819991 0.00203177 0.0378813 0.00525074 0.00849008 0.00457254 0.0050146 0.012857 0.0129707 0.137827 0.0113709 0.00641085
3 S 3.73074 0.0602716 0.0124448 0.00476262 0.00408769 0.163021 0.0271211 0.101144 0.0208893 0.00866029 0.119999 0.0257254 0.0542432 0.0158202 0.0172931 0.0211599 0.128764 0.0957535 0.0115561 0.0296835 0.0776012
4 Q 3.78009 0.0265512 0.0166479 0.00371541 0.0255614 0.211568 0.00696561 0.0230622 0.053545 0.0199152 0.0760501 0.0322865 0.0738908 0.0657106 0.0565103 0.00979417 0.139091 0.0339624 0.0234579 0.0288293 0.0728854
5 G 3.40935 0.0699988 0.0961278 0.013621 0.00578265 0.0344241 0.310343 0.0167987 0.00536115 0.00784324 0.0115005 0.00997686 0.0556471 0.0384735 0.00649026 0.128749 0.0867317 0.0419324 0.00921974 0.0371816 0.0137971
6 T 1.84558 0.0284897 0.0125836 0.00532938 0.00589026 0.00540004 0.00339121 0.0109542 0.0261254 0.0053596 0.0631276 0.0182175 0.0223629 0.00750688 0.0107393 0.00553126 0.0121676 0.731602 0.00316605 0.0155629 0.00649338
7 K 1.52944 0.00316914 0.00968621 0.00758789 0.0274957 0.00703274 0.00322868 0.00643466 0.0154646 0.791608 0.0024735 0.00951027 0.0423517 0.00235901 0.0198561 0.0121133 0.00244856 0.00970266 0.00558729 0.0126826 0.00920727
8 R 1.7993 0.00479934 0.0146343 0.00657497 0.00674935 0.00820137 0.0194715 0.00467771 0.00412011 0.00541282 0.0291436 0.0132102 0.00642179 0.0277958 0.0634479 0.737343 0.00402002 0.00697015 0.00553632 0.0259178 0.00555198
9 S 3.63008 0.17177 0.0154224 0.00282199 0.00832753 0.0282773 0.0191065 0.0909474 0.0272399 0.00670904 0.0893331 0.0439112 0.091648 0.0639097 0.0603704 0.00329636 0.196855 0.0207248 0.0244227 0.0119117 0.0229956
10 Y 3.62069 0.0755114 0.0363839 0.0186625 0.00779889 0.0538633 0.0085747 0.20784 0.0679027 0.0405573 0.0544133 0.0178815 0.0300234 0.0456795 0.019396 0.00349839 0.0209089 0.0167849 0.0519698 0.00794614 0.214403
11 E 3.27817 0.0216903 0.0238024 0.0552241 0.434684 0.0197657 0.0301253 0.0189188 0.0281545 0.0368647 0.00986367 0.0345147 0.0173489 0.0072452 0.0409202 0.0172107 0.0363071 0.0412657 0.0382804 0.0736192 0.0141948
12 Q 3.81755 0.0257155 0.0223151 0.0595302 0.00931021 0.0274081 0.00949296 0.168264 0.047092 0.124942 0.0361737 0.0276555 0.0549108 0.0148586 0.117856 0.0772323 0.107162 0.028858 0.0138665 0.0121029 0.0152535
13 M 2.87697 0.0167434 0.0214058 0.065363 0.0179996 0.0108872 0.0132525 0.00738075 0.0349787 0.0329634 0.0136927 0.502214 0.0155912 0.00590784 0.0372688 0.0171904 0.00687314 0.11569 0.0193478 0.0314376 0.0138124
14 E 3.07338 0.0143348 0.0272598 0.127205 0.444256 0.0350807 0.021835 0.0082574 0.0134807 0.080822 0.0244351 0.0161375 0.0268967 0.00443016 0.0237942 0.0528434 0.0160034 0.0224195 0.0179342 0.014658 0.00791615
15 T 3.25505 0.0108979 0.256289 0.0055821 0.0268574 0.018834 0.00397998 0.068854 0.0690607 0.00733673 0.0942317 0.0743897 0.0335462 0.00679572 0.0115438 0.00457753 0.0175183 0.247256 0.0257677 0.00899441 0.0076878
16 D 3.11009 0.017112 0.0225513 0.441725 0.117825 0.0116894 0.0725535 0.0225854 0.014285 0.00650198 0.00481039 0.0284128 0.0347411 0.00439563 0.0427125 0.028213 0.0140253 0.0239079 0.0184348 0.0453282 0.028189
17 G 3.50201 0.0599006 0.0784583 0.00523465 0.0156677 0.00356618 0.271267 0.0113332 0.0190925 0.0263473 0.0131066 0.0530389 0.0332301 0.11226 0.0516389 0.148178 0.0240496 0.0266957 0.0353825 0.00812715 0.00342406
18 E 3.86097 0.0746607 0.0322675 0.0835958 0.21322 0.0192622 0.0230701 0.0316015 0.0681415 0.0154576 0.046176 0.00990809 0.0239439 0.0662474 0.0593374 0.00712901 0.0250085 0.043189 0.105103 0.0211339 0.0315457
19 R 2.90538 0.0110236 0.0340939 0.0162839 0.00974955 0.0391626 0.0197018 0.0857832 0.00700288 0.022094 0.0170982 0.0197217 0.0213469 0.0313689 0.0158333 0.518131 0.0420148 0.0145233 0.0463238 0.015333 0.0134096
20 Q 2.93483 0.0135195 0.0405231 0.00609997 0.0242769 0.0238451 0.00738754 0.0185728 0.00557504 0.018929 0.0270164 0.0130446 0.0113991 0.132574 0.474932 0.0320486 0.0781402 0.0171779 0.0262706 0.00922443 0.019444
21 N 3.92189 0.0115512 0.0436496 0.0283726 0.0463622 0.0359608 0.038672 0.0330722 0.0320629 0.0680482 0.0397694 0.0704764 0.170876 0.0285977 0.0206667 0.0336217 0.167258 0.0537996 0.0122579 0.0502619 0.0146625
22 A 3.80222 0.163995 0.00663216 0.0244429 0.0131915 0.0132629 0.144762 0.0331566 0.0330167 0.0643438 0.0169157 0.0212488 0.0237126 0.0265963 0.0190872 0.0823977 0.0934732 0.0724843 0.108118 0.0291235 0.0100389
23 T 3.95931 0.0518697 0.0210345 0.00590014 0.00692824 0.0538938 0.0305944 0.113705 0.0240613 0.0105482 0.0522314 0.0317554 0.0448045 0.0313425 0.0958692 0.0438824 0.0962883 0.154881 0.0413936 0.0397439 0.0492726
24 E 3.71282 0.0207335 0.0187332 0.0415702 0.209313 0.0574124 0.00703408 0.0210688 0.0615257 0.0214164 0.165622 0.0263804 0.015179 0.00956692 0.111231 0.0234209 0.0133109 0.0678862 0.0375735 0.0533937 0.0176296
25 I 3.32558 0.0145474 0.0216231 0.0117926 0.0117758 0.0160564 0.0622062 0.00889641 0.379173 0.036113 0.0175346 0.0684312 0.0198124 0.0151209 0.0729544 0.0496767 0.0116995 0.060154 0.100227 0.0109563 0.011249
26 R 3.10699 0.0292232 0.00912752 0.0132523 0.0162991 0.0845573 0.018779 0.0196885 0.0226468 0.164893 0.0188459 0.0367835 0.00592247 0.00666369 0.0184295 0.404999 0.0682439 0.0165684 0.0139665 0.0119332 0.019178
27 A 3.93309 0.163328 0.00655171 0.00767513 0.0186197 0.0295964 0.016621 0.07658 0.0685733 0.0876975 0.0448271 0.0428468 0.0205558 0.0135887 0.0584516 0.0802346 0.0284113 0.0464034 0.0789468 0.0193242 0.091167
28 S 3.72116 0.0526049 0.0684242 0.00431802 0.0200641 0.0283313 0.0836444 0.0238927 0.00609779 0.0390559 0.0377881 0.0415369 0.105314 0.010333 0.121117 0.0404121 0.225089 0.0213907 0.00979438 0.00842415 0.0523687
29 V 3.20294 0.0482111 0.0768934 0.0414112 0.0141391 0.0306348 0.0135285 0.00763561 0.149122 0.0129691 0.0232102 0.0346667 0.0116558 0.0317924 0.0173301 0.0177027 0.021356 0.0168641 0.40319 0.0167213 0.0109658
30 G 3.26455 0.0641522 0.0255558 0.0147884 0.0361115 0.0357115 0.423956 0.00857785 0.0271925 0.0260203 0.00691069 0.0271869 0.0615507 0.0156423 0.0932483 0.0218406 0.0299294 0.0223744 0.0263869 0.0197674 0.0130962
31 K 3.81643 0.0814349 0.0299279 0.00941524 0.0608232 0.0314622 0.0448301 0.0646863 0.0391766 0.215365 0.0204515 0.0776964 0.0324114 0.0214801 0.0172162 0.141012 0.0200585 0.034188 0.0196911 0.0261943 0.0124792
32 M 3.09826 0.0135721 0.0135461 0.0116217 0.0118552 0.051963 0.015911 0.0293013 0.0252 0.027153 0.0243562 0.466543 0.0908529 0.0166952 0.0125793 0.0125091 0.0583898 0.0299529 0.0505126 0.0168748 0.0206112
33 I 3.48904 0.0716575 0.131618 0.0125559 0.0167179 0.0253639 0.0370973 0.00692499 0.285931 0.0106331 0.0735076 0.0989525 0.0239492 0.0128299 0.0085978 0.00381281 0.0219077 0.0718001 0.0599697 0.012027 0.014146
34 ? 4.07229 0.133435 0.0686307 0.0604912 0.0729812 0.0280903 0.117132 0.0668322 0.0561371 0.0294467 0.0565251 0.0534732 0.0372636 0.00748146 0.0286564 0.0259662 0.0402436 0.038499 0.0390368 0.0182683 0.0214093
35 G 3.45324 0.0418669 0.0315101 0.0131422 0.0348889 0.0250015 0.390517 0.0375478 0.0189593 0.0219932 0.0159632 0.022857 0.0408739 0.0105368 0.0318855 0.0297002 0.0869908 0.036096 0.0332235 0.050984 0.0254626
36 I 3.63782 0.0299926 0.0249814 0.030109 0.0244992 0.0818502 0.0184329 0.0152722 0.301802 0.0192836 0.0714941 0.108793 0.0229242 0.0130368 0.0289415 0.0173704 0.0272032 0.0594444 0.0568235 0.0349285 0.0128174
37 G 3.57735 0.0508072 0.045841 0.024323 0.0735765 0.029698 0.354599 0.0364262 0.0253591 0.0222271 0.0245091 0.0322194 0.0207794 0.0185061 0.0191995 0.0296709 0.0665043 0.0158344 0.0553415 0.0385342 0.016044
38 R 3.80285 0.026869 0.0289163 0.0257614 0.0229371 0.0232747 0.0806465 0.0780225 0.043565 0.0254388 0.0521549 0.0835633 0.018166 0.0258479 0.0434922 0.269096 0.0358427 0.0303795 0.0155832 0.0520755 0.0183669
39 F 3.57315 0.0685338 0.0804908 0.0126365 0.0154486 0.229899 0.017955 0.0101046 0.0244433 0.0125388 0.0180117 0.0536838 0.0364758 0.0156097 0.011587 0.0115544 0.0246573 0.0280528 0.0701785 0.21113 0.0470082
40 Y 3.2042 0.0526256 0.0155009 0.0375064 0.00778805 0.0297089 0.00845667 0.253261 0.0142654 0.00627083 0.0133633 0.0523525 0.0210573 0.0140621 0.0356213 0.038999 0.0126346 0.0167117 0.0124271 0.0333677 0.32402
41 I 3.97295 0.031503 0.034972 0.0286211 0.0274983 0.0307454 0.0482256 0.00757245 0.0916829 0.0054305 0.142404 0.0362929 0.0427801 0.0237758 0.0365858 0.0224406 0.101255 0.0771286 0.0266882 0.072647 0.111751
42 Q 3.13142 0.0195471 0.0247666 0.0264442 0.0327714 0.0132615 0.0318116 0.0365579 0.0168807 0.0591277 0.0173216 0.0308659 0.0135948 0.0298775 0.481764 0.0237795 0.0178323 0.0575799 0.0208337 0.0194829 0.0258996
43 M 3.47145 0.0496056 0.0341409 0.018467 0.0279852 0.0655923 0.0123999 0.0301722 0.0493722 0.0529097 0.0558082 0.374374 0.0642292 0.00867002 0.0134637 0.018348 0.0157084 0.0424925 0.033206 0.0135791 0.0194756
44 C 3.93521 0.0430837 0.208682 0.00868472 0.056971 0.0237632 0.0523373 0.0163441 0.0975619 0.0505581 0.0521129 0.028725 0.0330833 0.00731759 0.0262281 0.0378809 0.0804749 0.0433908 0.050731 0.0539224 0.028148
45 T 3.44167 0.0288332 0.0459363 0.0188864 0.0336615 0.0185182 0.0121866 0.0185305 0.0331583 0.0171541 0.0602386 0.0453978 0.0437193 0.030245 0.0125093 0.0156131 0.0875923 0.383455 0.0525303 0.0252342 0.0165997
46 E 3.40159 0.0151345 0.0304165 0.0401259 0.416332 0.0364484 0.0225759 0.0441126 0.0245655 0.0329153 0.0470887 0.0292301 0.026198 0.0588524 0.0328407 0.0340642 0.0118998 0.0317184 0.0300454 0.0190654 0.016371
47 L 3.75805 0.0131045 0.0508847 0.0271073 0.0524944 0.0236043 0.0292105 0.0222643 0.139442 0.0167725 0.239239 0.0836781 0.0186187 0.041474 0.0127024 0.0363141 0.0166991 0.0512328 0.0791483 0.0158324 0.0301764
48 K 3.83305 0.055413 0.0227249 0.0266626 0.0148911 0.015302 0.066448 0.0303094 0.0280185 0.251947 0.039126 0.0599362 0.0296932 0.0401005 0.0734907 0.0410823 0.067848 0.0771481 0.0385574 0.0133027 0.00799829
49 L 3.49534 0.0416086 0.0281242 0.0123257 0.0135349 0.0860154 0.00994932 0.0210486 0.0635466 0.00912607 0.33558 0.0686421 0.0158681 0.0244114 0.0177792 0.0210959 0.0115179 0.0401412 0.103316 0.0282573 0.0481111
50 S 3.88015 0.114388 0.0603984 0.0430515 0.0424301 0.0261292 0.179279 0.034234 0.0385607 0.0189896 0.0218747 0.0339183 0.0192393 0.0414917 0.113185 0.0235143 0.100886 0.0461601 0.0292046 0.00434696 0.00871936
51 D 3.90723 0.034639 0.0239465 0.12461 0.046004 0.00596901 0.0506049 0.0122338 0.103222 0.00965422 0.0646088 0.0405339 0.108622 0.118298 0.052249 0.0196229 0.0262996 0.0893445 0.0461888 0.00616743 0.0171824
52 Y 3.83489 0.131672 0.0609081 0.0102238 0.0271957 0.0626918 0.0387257 0.014742 0.0145583 0.0964062 0.0105002 0.0368375 0.101294 0.00936798 0.00846562 0.0204543 0.0428029 0.121387 0.0308191 0.0252208 0.135726
53 E 3.21266 0.101576 0.0193599 0.0489374 0.440098 0.0195627 0.0174266 0.0150821 0.0133907 0.0305924 0.014187 0.024789 0.0163213 0.00926703 0.0388206 0.0179091 0.0347158 0.0203926 0.0286494 0.036872 0.052051
54 G 3.71142 0.0810139 0.0281166 0.0253775 0.0531157 0.0164333 0.241173 0.0400311 0.0100032 0.0172646 0.023782 0.0250502 0.0453575 0.0429502 0.0375502 0.0276274 0.179105 0.0387287 0.0239132 0.0316369 0.0117687
55 R 3.57515 0.0269756 0.0400642 0.0318652 0.0194124 0.0409146 0.0122243 0.0464306 0.0240284 0.266003 0.0616066 0.0214336 0.0163498 0.0232133 0.0339211 0.217714 0.0221014 0.0234833 0.0282384 0.0214441 0.0225755
56 L 3.58108 0.0388823 0.0394735 0.0138663 0.019698 0.0354152 0.019712 0.0320332 0.0935183 0.0116303 0.320241 0.0549971 0.0961165 0.023595 0.0110884 0.00905907 0.0477526 0.0561485 0.0384504 0.0247686 0.0135534
57 I 3.4193 0.0226596 0.0601275 0.0163317 0.0211586 0.0273615 0.0317293 0.00815626 0.312326 0.0154338 0.139063 0.0454013 0.0301954 0.016494 0.0252016 0.0159301 0.0132148 0.0229305 0.148676 0.0170197 0.0105907
58 Q 3.18324 0.0172515 0.0110042 0.0188992 0.0333246 0.0155572 0.0138871 0.0448928 0.0115514 0.0381061 0.0187724 0.0237901 0.198463 0.0269591 0.390911 0.0310858 0.0153995 0.0128863 0.0212995 0.0241204 0.0318386
59 N 2.96786 0.0178525 0.0105421 0.0606543 0.014378 0.0132506 0.0645744 0.0359558 0.0158911 0.0500293 0.0156966 0.0182395 0.507876 0.0163886 0.012028 0.0180627 0.0280806 0.044688 0.0191778 0.0169656 0.0196691
60 S 3.45615 0.0185922 0.106878 0.0199081 0.012613 0.0136016 0.0809538 0.00896056 0.0468595 0.0191274 0.0240554 0.0308344 0.0527837 0.0122416 0.0173454 0.0343234 0.343885 0.0923 0.023066 0.0260575 0.0156136
61 L 3.63117 0.0166169 0.023314 0.0512611 0.0136802 0.040689 0.0198756 0.0189617 0.161855 0.0102331 0.199292 0.0238679 0.0645905 0.0105584 0.0170094 0.00734928 0.0438991 0.122652 0.12212 0.0153256 0.0168494
62 T 3.5284 0.052379 0.0346308 0.0109663 0.028501 0.0141501 0.0945286 0.0132071 0.0154161 0.0341005 0.0248177 0.0127256 0.140708 0.0158529 0.0126144 0.0230781 0.127172 0.274189 0.041856 0.0134976 0.0156084
63 I 3.48878 0.0720815 0.0682198 0.0357994 0.0112215 0.0767572 0.00773264 0.011524 0.335186 0.0309177 0.0959193 0.055437 0.0106949 0.0336906 0.0156649 0.0194861 0.00901981 0.0334879 0.0470264 0.0169997 0.013133
64 E 3.30046 0.0175679 0.0223737 0.0439104 0.447955 0.0232088 0.0452857 0.0542404 0.0330464 0.027853 0.0260118 0.0305598 0.0219879 0.0251366 0.0221547 0.0264552 0.0210425 0.0270499 0.028521 0.0214535 0.0341854
65 R 3.21497 0.0142306 0.0179068 0.0237921 0.0249785 0.0346238 0.0463362 0.0193509 0.0213004 0.080714 0.0151048 0.0251988 0.0748477 0.0199633 0.0179379 0.44582 0.0350973 0.0245628 0.0229509 0.0255486 0.00973477
66 M 3.65046 0.0283392 0.0608486 0.0286997 0.0231635 0.0524079 0.0308108 0.0161355 0.0464993 0.0440004 0.0535065 0.327157 0.0301778 0.0143227 0.035421 0.0213775 0.0341161 0.0273947 0.0908124 0.0201685 0.0146419
67 V 3.82478 0.0627155 0.0245501 0.0266757 0.0455043 0.0252682 0.0488696 0.0398897 0.0842869 0.0220576 0.0290937 0.0682034 0.0636759 0.013722 0.0265697 0.0112226 0.0708661 0.0215718 0.255583 0.0147142 0.0449593
68 L 3.60825 0.0234365 0.0409405 0.0247163 0.0160925 0.0276674 0.0456218 0.0536064 0.214584 0.0205086 0.261021 0.0241958 0.0358115 0.0216994 0.0427954 0.0167506 0.0374333 0.0267218 0.026322 0.0248369 0.0152391
69 S 3.28975 0.0785338 0.0385474 0.0153383 0.0173203 0.0245831 0.0547827 0.0204759 0.0164476 0.0117456 0.0263097 0.0361266 0.0334537 0.0272452 0.0177136 0.0130474 0.430472 0.0305585 0.034717 0.0165928 0.0559894
70 A 3.35598 0.318571 0.0695909 0.0510179 0.020695 0.010053 0.105747 0.0126433 0.0164933 0.0149323 0.00780433 0.0128844 0.0158009 0.0178671 0.0132037 0.00979781 0.140075 0.104243 0.0208868 0.015237 0.0224569
71 F 3.66774 0.0323446 0.0198285 0.0406228 0.0187853 0.309663 0.0156713 0.0261668 0.0152113 0.0735666 0.0401113 0.0150578 0.0343348 0.0219392 0.0531986 0.0386892 0.0557067 0.0184492 0.0299203 0.0364765 0.104256
72 D 3.23964 0.0522304 0.0271228 0.452171 0.045244 0.0238739 0.0364514 0.0498608 0.0136384 0.0179481 0.0116164 0.0308263 0.0327707 0.0110839 0.0134592 0.032876 0.0133267 0.0244904 0.0381893 0.0426665 0.0301538
73 E 4.02316 0.114285 0.0229196 0.0363143 0.141823 0.0371686 0.0244036 0.0285471 0.0650317 0.040933 0.0890945 0.060666 0.0387992 0.00328447 0.0393043 0.0265219 0.0510677 0.0606215 0.0777508 0.0255956 0.0158681
74 R 3.66723 0.0872144 0.01346 0.0439473 0.0212033 0.0214654 0.0170613 0.0245599 0.0167539 0.108171 0.0402004 0.0349426 0.0292027 0.0106993 0.043611 0.293546 0.0386748 0.0163851 0.0260054 0.036783 0.0761126
75 R 3.10158 0.0167113 0.0205664 0.0243633 0.0184513 0.0207347 0.0285318 0.0209496 0.0325934 0.0971518 0.0181821 0.0278154 0.0230814 0.0090668 0.0193183 0.477975 0.0265173 0.040992 0.0146284 0.0314996 0.0308689
76 N 3.85263 0.0984826 0.0238819 0.0287868 0.0436341 0.00762748 0.0104624 0.0494025 0.088299 0.0372272 0.0460448 0.0352826 0.194321 0.00360714 0.063849 0.00887994 0.0702985 0.0319595 0.033104 0.102521 0.0223284
77 K 3.92327 0.118009 0.0472295 0.0161224 0.0163288 0.0203759 0.0340112 0.0535971 0.0483752 0.102498 0.0396591 0.0619046 0.0512254 0.00576463 0.0361033 0.128777 0.0306361 0.0387499 0.129598 0.0141116 0.00692273
78 Y 3.06371 0.0366066 0.0262543 0.0260319 0.020878 0.13814 0.0137514 0.0880541 0.0239443 0.0109639 0.00802268 0.013258 0.0239404 0.0109101 0.0129866 0.02018 0.0115961 0.0127484 0.0248421 0.0345483 0.442342
79 L 3.14756 0.0214637 0.0356872 0.0142716 0.0143238 0.0279953 0.0176198 0.0292032 0.0511696 0.0252665 0.481639 0.0458927 0.0262177 0.0215035 0.0459582 0.0161911 0.0181183 0.0252947 0.0340089 0.0273093 0.0208651
80 E 3.85561 0.0526188 0.0725889 0.0310998 0.174969 0.0336998 0.067603 0.0212765 0.0602101 0.0337789 0.0379594 0.014293 0.0393594 0.0024068 0.0263353 0.0193642 0.178845 0.0473432 0.0286541 0.0170515 0.0405436
81 E 3.60586 0.00818041 0.0277733 0.0663866 0.226641 0.0461467 0.0297357 0.0347174 0.0640206 0.0222514 0.0387354 0.0179035 0.0269343 0.00573921 0.0286751 0.0132862 0.0324031 0.0147928 0.0509361 0.0188858 0.225855
82 H 3.8793 0.0563606 0.0797211 0.0121228 0.019706 0.103037 0.00902797 0.154169 0.0126988 0.0208242 0.0233406 0.048196 0.032118 0.00523949 0.130893 0.0308366 0.0578806 0.0798404 0.0191807 0.0388699 0.0659375
83 P 3.74368 0.0405393 0.0365537 0.00530146 0.0157412 0.0138727 0.0444622 0.0313891 0.017435 0.0434669 0.0196315 0.0367177 0.0407787 0.229944 0.180938 0.0304143 0.0563243 0.0359853 0.0578385 0.0472515 0.0154139
84 S 3.68379 0.168812 0.0512859 0.0161413 0.0144579 0.0118339 0.0797671 0.0196604 0.027549 0.00687735 0.037824 0.0556857 0.168032 0.00975414 0.0519129 0.0237584 0.158581 0.0436508 0.0151999 0.0331383 0.0060794
85 A 3.92011 0.16458 0.0280716 0.0106925 0.0276622 0.0122721 0.0964062 0.0239183 0.0210483 0.0657 0.0181257 0.013913 0.0533835 0.0626348 0.0576719 0.124323 0.0557679 0.069812 0.0326663 0.0101744 0.0511758
86 G 3.86411 0.037233 0.0136335 0.0239056 0.0127264 0.0622706 0.205584 0.103302 0.00633795 0.0308802 0.0613441 0.0122856 0.110736 0.0341117 0.0600108 0.03466 0.0454776 0.054588 0.0233852 0.0209115 0.0466164
87 K 2.66888 0.0079432 0.0175125 0.00943737 0.038254 0.013247 0.0103401 0.0163063 0.0315401 0.580582 0.0082876 0.0432619 0.0231749 0.0125439 0.0229536 0.057216 0.0176406 0.0341046 0.0217795 0.0138932 0.0199813
88 D 3.09217 0.00619295 0.118282 0.34377 0.0320302 0.0130058 0.0229201 0.0213926 0.0164678 0.0072751 0.0115984 0.016522 0.191826 0.00910514 0.0216147 0.00419027 0.110868 0.00710142 0.0163888 0.00929053 0.0201588
89 P 3.7462 0.125497 0.0711553 0.0159104 0.00915576 0.0443252 0.148781 0.0829393 0.0267376 0.0100693 0.0237772 0.0114291 0.018871 0.182973 0.012686 0.0143476 0.049427 0.0151814 0.0512106 0.0608663 0.0246601
90 K 3.78155 0.016365 0.0112768 0.00793167 0.0256361 0.0119042 0.0582396 0.045952 0.118559 0.116302 0.0370087 0.0351109 0.0768872 0.0021808 0.0675508 0.0485489 0.0244225 0.1676 0.105973 0.0121106 0.0104403
91 K 2.60824 0.0114305 0.0187815 0.0129777 0.0291717 0.0147611 0.00960039 0.0100106 0.0157596 0.508261 0.00761332 0.0228588 0.0297147 0.0101861 0.0168586 0.21406 0.0227557 0.00986774 0.00686873 0.0152775 0.0131854
92 T 2.95129 0.0453868 0.0244373 0.0202669 0.0131418 0.026619 0.0310384 0.0198598 0.026787 0.0130016 0.0177333 0.0306601 0.094293 0.0183661 0.0170471 0.0116746 0.0311156 0.510809 0.016689 0.0203455 0.010727
93 G 2.79188 0.0217804 0.0149627 0.0175405 0.0373367 0.0192905 0.566848 0.0218854 0.0112662 0.0203096 0.0151278 0.0314168 0.0141678 0.0275802 0.0366216 0.0221842 0.029898 0.0209785 0.0194438 0.0353642 0.0159968
94 G 2.94724 0.0250584 0.0164507 0.0370993 0.0486227 0.0150341 0.530527 0.0363543 0.0278551 0.027488 0.0147194 0.0321316 0.0276119 0.0135375 0.0198533 0.0289502 0.0130113 0.0224872 0.0257875 0.0196758 0.0177459
95 P 3.70705 0.0686592 0.031324 0.0327511 0.0265074 0.0159673 0.051936 0.0546757 0.0294488 0.0266064 0.0207007 0.173396 0.0191331 0.252553 0.0245285 0.0226772 0.0584593 0.0320981 0.0228415 0.0212001 0.0145374
96 I 3.45966 0.02097 0.0560652 0.0179152 0.0443619 0.0390256 0.00862589 0.0109685 0.320005 0.0246266 0.145003 0.0472359 0.0170899 0.0117745 0.00900462 0.00999669 0.0163633 0.0434729 0.098076 0.0212051 0.0382139
97 Y 3.61505 0.0195567 0.129217 0.0149576 0.0395772 0.0928775 0.019998 0.0928613 0.0287092 0.0601421 0.033929 0.0103406 0.0269686 0.00831651 0.0295185 0.0214113 0.013952 0.0107507 0.0196388 0.0538786 0.273399
98 ? 3.72187 0.0176854 0.0205035 0.00885986 0.0120242 0.0228969 0.0163287 0.103651 0.0351876 0.135296 0.0323383 0.0500575 0.0359665 0.0100177 0.103225 0.223592 0.0521737 0.0450613 0.0233061 0.0414101 0.0104178
99 R 3.37179 0.0390643 0.0550218 0.017991 0.0181435 0.020181 0.0355929 0.0210174 0.0253799 0.110805 0.0216834 0.0188774 0.0235428 0.0132487 0.0244286 0.400218 0.0277852 0.0444497 0.0215815 0.0193981 0.0415898
100 V 4.08154 0.079689 0.0181886 0.00955383 0.043939 0.0274087 0.0255152 0.0507089 0.038144 0.0381761 0.104264 0.0383947 0.0434029 0.0873426 0.0291733 0.0334268 0.0781734 0.0475768 0.121293 0.0173068 0.0683225
101 ? 3.99089 0.0263178 0.0657477 0.170846 0.0350108 0.00541822 0.104277 0.0392791 0.0252291 0.0279286 0.0377786 0.0138674 0.0733149 0.0555005 0.0634055 0.028715 0.0426539 0.0810248 0.0356421 0.015539 0.0525045
102 ? 3.95686 0.0470575 0.0337385 0.0184502 0.0275212 0.112291 0.101023 0.067145 0.0274006 0.0486986 0.0613394 0.0220428 0.0191555 0.0142524 0.00896998 0.106296 0.137624 0.0122939 0.0234056 0.0625011 0.0487937
103 K 3.80036 0.0963336 0.0243209 0.0140742 0.0391872 0.00945214 0.0403005 0.0510666 0.0180452 0.192986 0.0414879 0.041971 0.133151 0.0123541 0.018246 0.0918181 0.0221331 0.0431023 0.0860874 0.0149465 0.0089362
104 W 3.29462 0.0141021 0.0344735 0.0201288 0.0116226 0.134846 0.0204891 0.0203641 0.0551623 0.0107755 0.036336 0.0350842 0.0456595 0.0101242 0.0143358 0.0301399 0.0239063 0.01521 0.0347027 0.400018 0.0325196
105 M 3.93802 0.0550814 0.082779 0.0266455 0.0228033 0.0497727 0.0703629 0.0335774 0.103489 0.0398465 0.0535105 0.213081 0.0294638 0.0152533 0.0408558 0.0319259 0.0162397 0.0332854 0.0300598 0.0190138 0.0329533
106 R 3.45568 0.0187284 0.055012 0.0219881 0.0301266 0.0257881 0.0293539 0.0864134 0.0319256 0.0461652 0.0238459 0.0286382 0.0290397 0.0111937 0.018344 0.392465 0.0312688 0.0396695 0.0296812 0.026888 0.0234648
107 E 3.61865 0.0345326 0.0288645 0.116936 0.313416 0.0181352 0.0237655 0.0541346 0.0258339 0.0260881 0.0171516 0.0268076 0.0973212 0.0163146 0.0348517 0.0177114 0.0389187 0.026927 0.037136 0.0242716 0.0208822
108 L 3.7924 0.0389614 0.030565 0.0153242 0.0220103 0.043226 0.0530961 0.0762232 0.0403048 0.0281185 0.274118 0.0361671 0.0183297 0.0537914 0.0377814 0.0226253 0.102989 0.0331022 0.0358914 0.0180611 0.0193146
109 ? 3.83677 0.0232411 0.146148 0.0182103 0.0288214 0.0399373 0.0124632 0.063631 0.133079 0.0263503 0.0533412 0.0496935 0.0957187 0.00994761 0.0352283 0.0127961 0.0429991 0.0373269 0.148046 0.0130227 0.00999886
110 L 3.45884 0.010458 0.0298676 0.0265046 0.0211063 0.03752 0.011401 0.0353402 0.0991114 0.0351672 0.365201 0.0213015 0.0215986 0.051555 0.0272627 0.0345016 0.0114436 0.0250763 0.092052 0.0275792 0.0159531
111 Y 3.81544 0.0102279 0.0283522 0.0354328 0.0385672 0.0704358 0.00957568 0.0450977 0.0588023 0.00931577 0.0861408 0.0941056 0.031536 0.00908512 0.0258653 0.0131627 0.0359342 0.110652 0.0451922 0.0286457 0.213874
112 D 3.58557 0.0712835 0.0434344 0.332623 0.0517181 0.015332 0.0357808 0.0402369 0.0157881 0.0130776 0.0319885 0.0228587 0.108647 0.016977 0.0203781 0.026877 0.016103 0.0235582 0.032644 0.0311212 0.0495737
113 K 2.93282 0.0108027 0.020446 0.0199434 0.0330281 0.0223537 0.00704948 0.0251767 0.0214997 0.511138 0.0158704 0.0235882 0.0303262 0.0116681 0.049826 0.0935486 0.0331615 0.0208103 0.00950354 0.0273543 0.0129042
114 E 3.96028 0.0270666 0.0304435 0.0634986 0.2161 0.0701998 0.0324482 0.0248508 0.0262603 0.0561474 0.0176227 0.0240518 0.0675898 0.0496846 0.0575472 0.00927945 0.0333867 0.0332908 0.031829 0.0553299 0.0733721
115 E 3.11429 0.0237449 0.0161312 0.106264 0.468655 0.0291216 0.0336677 0.0236408 0.0178318 0.0277799 0.0137964 0.0259055 0.0207094 0.0118775 0.034197 0.020305 0.0184804 0.0163246 0.0191998 0.0500459 0.0223211
116 I 3.11636 0.0175635 0.108387 0.0178365 0.0128696 0.0145128 0.013459 0.0134175 0.38846 0.0350679 0.0704847 0.0238409 0.0222266 0.0094496 0.0120157 0.00809718 0.00666975 0.0345398 0.163546 0.0193416 0.00821425
117 R 3.93381 0.0241248 0.0735765 0.0179064 0.0127238 0.0127516 0.021638 0.0480441 0.0580542 0.0222306 0.0813594 0.0694957 0.0116866 0.00413768 0.10404 0.123765 0.118627 0.0647888 0.0461532 0.0176058 0.0672908
118 R 3.78698 0.0223722 0.0259238 0.0110263 0.0267335 0.0175634 0.033933 0.0275858 0.0303002 0.124066 0.0541332 0.0792299 0.0229001 0.0190288 0.0279341 0.248543 0.0327596 0.0613295 0.0795414 0.0282408 0.0268553
119 I 3.55212 0.0256816 0.0536775 0.022719 0.0165475 0.0308166 0.0189661 0.0201069 0.329698 0.0123801 0.0515405 0.0544747 0.0356485 0.0108284 0.0226235 0.016859 0.0238726 0.125146 0.0683554 0.0351748 0.0248839
120 W 3.01972 0.0175188 0.034867 0.0190067 0.0191127 0.0356092 0.0247221 0.0231246 0.0188182 0.0242472 0.023617 0.0309732 0.0305893 0.0145691 0.0215629 0.0238274 0.0323708 0.0112865 0.0164857 0.50959 0.0681013
121 R 3.74926 0.0441485 0.141524 0.0123534 0.00949729 0.0197253 0.0185896 0.0333956 0.0205171 0.0900816 0.064533 0.0369174 0.0284875 0.00799205 0.0136846 0.22336 0.0873347 0.0229477 0.0570725 0.0378917 0.0299461
122 Q 3.6987 0.00929807 0.125285 0.00456778 0.0134942 0.0384825 0.0110135 0.065674 0.096668 0.0445111 0.0685221 0.0576722 0.0135659 0.0128288 0.193063 0.0541183 0.0173194 0.0297464 0.12599 0.00926887 0.00891022
123 A 3.37399 0.376711 0.0585362 0.0267677 0.0180258 0.0140482 0.110954 0.0206676 0.0177573 0.00880369 0.0219633 0.0236806 0.0295921 0.0176297 0.0138157 0.0299981 0.0733723 0.0361453 0.0714504 0.0177753 0.0123048
124 N 3.58104 0.0298807 0.0384243 0.0312062 0.020054 0.0636591 0.0542086 0.0571712 0.0274569 0.0222475 0.0141815 0.0486091 0.354155 0.0164815 0.0485374 0.0127595 0.0475983 0.0169243 0.0189062 0.0325903 0.0449481
125 N 4.01561 0.0384335 0.104371 0.0277063 0.0320599 0.042896 0.0498979 0.0164012 0.0500534 0.019262 0.0736075 0.0515425 0.142895 0.0136493 0.0381005 0.0266628 0.0587648 0.0406687 0.120738 0.0100641 0.0422268
126 G 3.8735 0.115781 0.0421154 0.0371256 0.0320156 0.00886601 0.184669 0.0276352 0.0123328 0.0283421 0.122689 0.0483788 0.0355188 0.00607582 0.0633413 0.0507174 0.0400409 0.0644214 0.0457831 0.0251417 0.00900887
127 D 4.16096 0.0553789 0.0124098 0.0874026 0.0288107 0.0484031 0.0438715 0.0495533 0.0311851 0.0443964 0.089826 0.0544419 0.0307375 0.0145509 0.0720948 0.0297267 0.0426844 0.0448065 0.0857007 0.0427197 0.0913
128 D 4.0601 0.0503341 0.0732866 0.0958419 0.0541577 0.0668674 0.0192638 0.113158 0.0374927 0.0212345 0.0469211 0.0183454 0.0605418 0.0334539 0.0233674 0.0145856 0.0312724 0.0743522 0.100898 0.00661017 0.0580157
129 A 3.9078 0.152349 0.0621757 0.011765 0.0201874 0.0119696 0.0856145 0.0296594 0.0171861 0.081795 0.0447864 0.0519278 0.0414393 0.0111382 0.0293806 0.0456341 0.0529797 0.0849553 0.134529 0.00603622 0.0244911
130 T 3.85304 0.0299697 0.033352 0.0103392 0.0156214 0.0109364 0.0112552 0.0516595 0.0230532 0.0923529 0.0511136 0.0397136 0.0218476 0.126518 0.0729489 0.0533858 0.0387913 0.194916 0.0761548 0.0355157 0.0105554
131 A 3.69606 0.173698 0.101387 0.0174981 0.0157832 0.0109097 0.0690969 0.0510258 0.0111193 0.00564999 0.00777901 0.0743817 0.0273087 0.166934 0.0900828 0.00553717 0.0686261 0.0150334 0.046745 0.0210776 0.0203264
132 G 3.15646 0.0463113 0.0308544 0.03675 0.0139705 0.013362 0.453325 0.0168295 0.0764042 0.0123928 0.0193818 0.0233911 0.0202429 0.0243136 0.0253321 0.020624 0.0928351 0.0172616 0.0219775 0.0176969 0.0167432
133 L 3.40098 0.0309467 0.01003 0.0413392 0.0118648 0.0158732 0.00853819 0.00849588 0.159901 0.1401 0.280056 0.0732866 0.00854762 0.0140951 0.060175 0.0295292 0.0105365 0.0147597 0.0569966 0.00943054 0.0154986
134 T 3.22037 0.0731168 0.254398 0.016383 0.0178084 0.0122648 0.00924011 0.0068395 0.0211819 0.0050103 0.0154766 0.0188399 0.0211691 0.0104732 0.0163725 0.00753566 0.143702 0.241353 0.0824547 0.010397 0.0159829
135 H 3.52468 0.125732 0.070761 0.0182671 0.0156422 0.0265444 0.0155813 0.327747 0.0170723 0.0240148 0.0142053 0.0600773 0.0369186 0.0185643 0.0798988 0.0198783 0.0387938 0.0310455 0.0188506 0.0176522 0.0227523
136 M 3.53644 0.02515 0.0762799 0.0067406 0.0203304 0.0721562 0.0121076 0.0116188 0.17683 0.0095631 0.0760154 0.198472 0.0204625 0.00663157 0.0536048 0.00601813 0.0181724 0.032525 0.149766 0.0118944 0.0156612
137 M 3.21201 0.0119189 0.0212299 0.0177408 0.0210959 0.0350701 0.0108463 0.0426557 0.0649028 0.048674 0.0934142 0.438982 0.0113656 0.01755 0.0307484 0.0130811 0.0148745 0.0355255 0.0270774 0.0205456 0.0227014
138 I 3.10014 0.0226862 0.0235505 0.0201131 0.0121745 0.0377958 0.0155574 0.0128139 0.444217 0.023774 0.146098 0.0524845 0.0260895 0.0218329 0.0202597 0.0095992 0.0164749 0.0228694 0.0391014 0.0240909 0.00841709
139 W 3.25475 0.0134548 0.0315804 0.0174612 0.0167491 0.056583 0.0306765 0.0321678 0.0233928 0.0205665 0.0671716 0.0325225 0.0164445 0.0160817 0.0185463 0.0244528 0.037866 0.0237601 0.0222682 0.4466 0.0516546
140 H 3.79545 0.0179376 0.0159463 0.028027 0.0470345 0.0402489 0.0426716 0.236432 0.0510283 0.0100835 0.0898043 0.0188559 0.0324048 0.00961336 0.0896448 0.014497 0.0294183 0.0246181 0.101641 0.0327974 0.0672953
141 S 3.50891 0.125957 0.0830943 0.0232481 0.0222198 0.050821 0.0795881 0.0173998 0.0164699 0.0113099 0.00934048 0.0239674 0.043192 0.033308 0.0112837 0.0106393 0.322452 0.0335773 0.0383842 0.0161885 0.02756
142 N 3.42037 0.0208749 0.0238173 0.0294433 0.0158365 0.0254617 0.126278 0.0557249 0.0208588 0.0511242 0.0165981 0.0266145 0.371316 0.0257983 0.0478427 0.0142263 0.0547685 0.0161192 0.0125555 0.0208656 0.0238759
143 L 3.43242 0.0211695 0.0538969 0.0101557 0.0244794 0.030226 0.0209344 0.036853 0.0651821 0.0170842 0.387328 0.0479038 0.0134764 0.0219512 0.013015 0.0138108 0.037984 0.0645918 0.0546992 0.0475539 0.0177043
144 N 3.66797 0.0808776 0.070122 0.0183748 0.0125657 0.017294 0.111737 0.0160538 0.0376843 0.0222932 0.0601889 0.0764565 0.273144 0.0121772 0.050313 0.00498791 0.0182978 0.0362757 0.0302662 0.0176982 0.0331917
145 D 2.95771 0.0362813 0.0318536 0.523539 0.0424675 0.012692 0.0392246 0.0471978 0.0167188 0.0224729 0.0119272 0.0301369 0.0280129 0.011292 0.0140164 0.0125648 0.0161508 0.0243679 0.031976 0.018774 0.028334
146 ? 3.43925 0.209066 0.0238302 0.0189779 0.0169935 0.023296 0.0325749 0.0116718 0.0110582 0.0183124 0.00962821 0.0176402 0.0572502 0.0143453 0.0458224 0.00621136 0.15966 0.234134 0.0520075 0.0205125 0.0170062
147 T 3.35068 0.0318251 0.0478846 0.0116981 0.0174831 0.0183706 0.0120714 0.0333174 0.0782637 0.0175377 0.0153227 0.0234948 0.0541546 0.0127021 0.07602 0.0126923 0.0236141 0.392735 0.0793514 0.0202581 0.0212036
148 Y 2.58872 0.0118845 0.0387013 0.0237001 0.0113729 0.0345972 0.0115028 0.0326954 0.0337961 0.0111523 0.0109446 0.0227219 0.0377629 0.0187125 0.0128809 0.00857075 0.0163888 0.0207459 0.015716 0.0220405 0.604113
149 Q 2.96499 0.0298513 0.028645 0.0113755 0.0304386 0.0179483 0.0122548 0.0312151 0.0272694 0.0390079 0.0180411 0.0235228 0.0199637 0.0133401 0.524388 0.0586513 0.0243194 0.0217146 0.0232933 0.0239967 0.0207637
150 R 3.00535 0.0120469 0.0189776 0.0179388 0.0235633 0.0132626 0.031581 0.0266111 0.0226017 0.0428788 0.0319183 0.0314559 0.0136007 0.0281599 0.0174286 0.51402 0.0310637 0.0263902 0.00934611 0.0398592 0.0472956
151 T 2.97255 0.0341914 0.0115942 0.016721 0.0206358 0.0128533 0.0153824 0.0160429 0.0211824 0.0557216 0.0213367 0.0550018 0.0165819 0.0118265 0.0211677 0.0211293 0.109936 0.489851 0.0215369 0.018254 0.00905304
152 R 2.52876 0.0128778 0.00979888 0.0115459 0.0154309 0.018838 0.0235786 0.0257584 0.0155718 0.0798464 0.0161361 0.0148361 0.0189569 0.0146745 0.0396976 0.606939 0.0200917 0.0131841 0.00916764 0.0178346 0.0152361
153 A 3.22963 0.39361 0.0234109 0.0250286 0.0135984 0.0227693 0.0288709 0.0151629 0.0151653 0.0237598 0.02041 0.0277091 0.0140621 0.0172765 0.0227455 0.021126 0.168928 0.0754639 0.0408649 0.0149805 0.0150576
154 L 2.85989 0.00965287 0.0328369 0.00836116 0.0128805 0.0183147 0.00628538 0.0210409 0.202124 0.0149792 0.455371 0.0290241 0.0159649 0.0159741 0.0129356 0.0130269 0.0150223 0.00870032 0.0502239 0.0426349 0.0146474
155 V 3.10927 0.0443951 0.0207031 0.0314485 0.00996982 0.0236977 0.0297027 0.0115247 0.125425 0.02659 0.0165354 0.0189397 0.0175715 0.00767708 0.0239377 0.0165695 0.0566111 0.0450499 0.448438 0.0107536 0.0144589
156 R 2.64619 0.0197932 0.0281993 0.00926806 0.0190566 0.0108974 0.018534 0.0249364 0.0166047 0.0260854 0.0129479 0.0274786 0.0182477 0.0160898 0.0446639 0.597277 0.0303316 0.0183379 0.0228003 0.0186999 0.0197503
157 T 3.4935 0.1101 0.115824 0.0145411 0.00426224 0.00610116 0.00906663 0.0097698 0.0926602 0.0101591 0.0146634 0.0545161 0.0252817 0.00692118 0.0389595 0.0100933 0.105759 0.177271 0.175052 0.0115358 0.00746205
158 G 3.41298 0.0314615 0.0380501 0.0372145 0.0186121 0.0218579 0.338023 0.0492561 0.0229691 0.00910084 0.036944 0.0482229 0.0472352 0.010136 0.0268302 0.0112501 0.178573 0.0199771 0.017441 0.0123684 0.0244766
159 M 2.82359 0.0164325 0.0178868 0.01458 0.00996032 0.00748539 0.0107207 0.0118689 0.120403 0.0213344 0.184782 0.445582 0.0102703 0.00729345 0.0226698 0.0112795 0.0113085 0.0153173 0.0355899 0.0133091 0.0119253
160 D 2.86536 0.046116 0.0285027 0.537824 0.0635149 0.0141446 0.0254971 0.024723 0.0158443 0.012247 0.00874383 0.0264722 0.033482 0.0129897 0.0264209 0.0110233 0.00890615 0.0163169 0.0262189 0.037657 0.0233558
161 P 3.34197 0.187004 0.0178201 0.0119577 0.00490071 0.0101648 0.0591608 0.0170901 0.0151179 0.0239287 0.0173518 0.0133694 0.0150815 0.285585 0.0203659 0.0237226 0.118397 0.0808361 0.0652341 0.00796831 0.00494364
162 R 2.89904 0.0227447 0.0323775 0.0150744 0.0211799 0.0236503 0.0292389 0.0169952 0.0203872 0.0380607 0.0295363 0.0352039 0.0130514 0.023858 0.0188414 0.545203 0.0166255 0.0269949 0.0208361 0.0314381 0.0187019
163 M 3.55695 0.0192918 0.0849872 0.00697488 0.00840344 0.129704 0.0127704 0.00917856 0.108561 0.0121038 0.0809152 0.208631 0.010398 0.00329841 0.0315506 0.00534292 0.0171849 0.100675 0.10185 0.0236419 0.0245374
164 C 3.64674 0.169787 0.206617 0.0059233 0.00417943 0.0159918 0.0522644 0.011235 0.0302312 0.0344612 0.00923706 0.04245 0.107049 0.0217168 0.0714932 0.0111272 0.0533183 0.0398863 0.0834 0.0169103 0.0127218
165 S 3.18335 0.0886542 0.0456192 0.0244537 0.00862258 0.0214809 0.0327371 0.00745863 0.0125075 0.00350113 0.00971596 0.0291594 0.153518 0.0803008 0.00853324 0.00483484 0.370666 0.040317 0.00975726 0.00716552 0.0409977
166 L 3.48775 0.0383112 0.0106714 0.0196541 0.0589225 0.00689006 0.0248898 0.02189 0.0732201 0.0128937 0.272015 0.0846274 0.0164449 0.0153443 0.127987 0.00544128 0.137323 0.0321154 0.0225265 0.00925724 0.00957643
167 M 2.98078 0.018892 0.0231849 0.0139019 0.0186408 0.0293513 0.0302299 0.0163696 0.0367804 0.0208009 0.0837589 0.512582 0.0300026 0.013514 0.0212176 0.0160927 0.0292007 0.0261641 0.0256877 0.0190169 0.014611
168 Q 3.33265 0.108658 0.0253986 0.012012 0.0148967 0.0128226 0.0308546 0.0326004 0.0195704 0.0249275 0.0134104 0.035043 0.0260496 0.0312691 0.271426 0.0204043 0.259902 0.0171638 0.0173263 0.0121462 0.0141195
169 G 3.25894 0.0549521 0.0707193 0.0205986 0.043994 0.0149554 0.431157 0.0707176 0.0269126 0.033578 0.0150463 0.0156772 0.0416247 0.0128817 0.017236 0.0131679 0.0442334 0.0196709 0.021496 0.0200585 0.0113229
170 S 3.00538 0.0288631 0.0275942 0.0414819 0.0196965 0.030797 0.0317861 0.0212268 0.0202536 0.0253217 0.0281838 0.0240991 0.0191312 0.0162095 0.0265752 0.023016 0.521706 0.0384296 0.0185162 0.0224958 0.0146159
171 T 3.46044 0.0315162 0.125078 0.0412732 0.027445 0.0109667 0.0200524 0.0118642 0.029157 0.0135902 0.0184871 0.0493001 0.0709472 0.00846778 0.0210562 0.0105793 0.0957652 0.330749 0.0262032 0.0105878 0.0469152
172 L 3.17191 0.0709673 0.0305062 0.00790587 0.0167005 0.0245392 0.0162096 0.0272378 0.0948769 0.0222915 0.443477 0.0217546 0.015228 0.0317106 0.0566312 0.010929 0.0159217 0.0334256 0.0356405 0.0126947 0.0113522
173 P 3.41936 0.092788 0.0131455 0.0186967 0.0253555 0.0140098 0.0173942 0.039693 0.0128563 0.0363931 0.0159075 0.0122729 0.0171723 0.343027 0.133696 0.0323727 0.078529 0.0346171 0.0309354 0.0163387 0.0147998
174 R 2.56679 0.00784926 0.0103036 0.013936 0.0265222 0.010815 0.026279 0.01098 0.0214988 0.0423308 0.016264 0.0345234 0.030862 0.014414 0.0121532 0.606121 0.0274334 0.0331956 0.0114746 0.0351271 0.00791671
175 R 3.09874 0.0171382 0.0108723 0.0174215 0.0173743 0.0215979 0.0170608 0.016833 0.00918891 0.18314 0.0132383 0.107013 0.0162183 0.0148387 0.0139489 0.396207 0.0338482 0.0263914 0.022082 0.0343996 0.0111877
176 S 3.31832 0.120046 0.12903 0.0115277 0.0307757 0.0246884 0.0613477 0.0167779 0.0170567 0.0115499 0.00789309 0.0119104 0.0111458 0.0144173 0.0140422 0.0100207 0.33858 0.0897236 0.039705 0.0106071 0.0291548
177 G 2.79324 0.0471198 0.0205991 0.0167051 0.0457239 0.0301319 0.561859 0.0210473 0.0190702 0.0132166 0.0161696 0.025487 0.015137 0.00826452 0.0248072 0.0254077 0.0306194 0.0118831 0.0306792 0.0168492 0.0192235
178 A 3.7525 0.285827 0.00938266 0.0373459 0.0159722 0.00671163 0.0626039 0.0210962 0.0230789 0.0506139 0.0618088 0.0246298 0.0633165 0.0383135 0.0352984 0.0405013 0.0727414 0.055081 0.0469248 0.0176764 0.0310761
179 A 3.05677 0.495996 0.0591394 0.0106947 0.038212 0.0192257 0.0402402 0.0283633 0.0102654 0.0322227 0.0226796 0.0220573 0.032968 0.020209 0.0182285 0.00784055 0.04516 0.0308042 0.0296387 0.024029 0.012026
180 G 2.62831 0.021885 0.0233066 0.0361918 0.0176495 0.0380286 0.60136 0.0134708 0.0190015 0.0200229 0.0107588 0.0283849 0.0162967 0.00959431 0.027469 0.0190184 0.0243212 0.01683 0.0150247 0.0251025 0.0162827
181 A 3.81977 0.216061 0.02992 0.0293186 0.0177622 0.0646357 0.0504405 0.0477956 0.00643946 0.0190143 0.0399999 0.0722877 0.063221 0.00552389 0.105428 0.0274749 0.101561 0.0237462 0.0118654 0.0461664 0.021338
182 A 3.55611 0.305856 0.121411 0.00761656 0.0185669 0.0616254 0.0714205 0.0594928 0.010966 0.0097243 0.0266282 0.0200741 0.0669984 0.0125666 0.0192051 0.00602957 0.0461612 0.0517791 0.031227 0.0279926 0.0246583
183 V 3.36187 0.09096 0.0174628 0.0237814 0.0163117 0.0244711 0.0165714 0.0476564 0.1444 0.0124139 0.0702964 0.0167761 0.00931772 0.0112449 0.0124898 0.010677 0.0425077 0.0692057 0.338137 0.00905951 0.0162593
184 K 3.0423 0.0205493 0.014292 0.007468 0.0323341 0.0147042 0.0310212 0.0294116 0.0183919 0.494916 0.0210661 0.0498882 0.017639 0.0202858 0.0464582 0.0700433 0.0117254 0.0168154 0.0278267 0.0365349 0.0186282
185 G 2.7499 0.0370686 0.0183659 0.0209665 0.0607741 0.0117262 0.566546 0.0275811 0.00975867 0.00983865 0.015883 0.0174754 0.0368457 0.0107737 0.033739 0.024915 0.0246492 0.0219902 0.0175539 0.0126048 0.0209449
186 V 3.5041 0.01738 0.0222184 0.0228772 0.0174125 0.0515327 0.00602266 0.0505037 0.11245 0.0181908 0.0753113 0.0774581 0.0297128 0.0186691 0.0920652 0.00817835 0.00962074 0.0295641 0.312215 0.0116813 0.0169368
187 G 3.05854 0.104476 0.0253394 0.0249737 0.0309344 0.0118445 0.480234 0.0113739 0.0256439 0.0178159 0.0122822 0.0293584 0.00944197 0.0237512 0.0119874 0.0243983 0.0461993 0.0337583 0.0284693 0.021183 0.0265349
188 T 3.38382 0.0746262 0.0352906 0.0213532 0.0282488 0.0146133 0.0330479 0.0305363 0.0250945 0.0379256 0.0168151 0.0254363 0.0157869 0.035489 0.0429163 0.013065 0.0868935 0.401204 0.0293289 0.0151048 0.0172241
189 M 3.6339 0.0322716 0.0912064 0.0116434 0.0128757 0.0179016 0.0263966 0.0639001 0.0701781 0.0259689 0.123984 0.27092 0.0148541 0.00982698 0.0424885 0.0100934 0.0242848 0.039031 0.0773866 0.0195464 0.0152419
