# POSITION WT SITE_ENTROPY PI_A PI_C PI_D PI_E PI_F PI_G PI_H PI_I PI_K PI_L PI_M PI_N PI_P PI_Q PI_R PI_S PI_T PI_V PI_W PI_Y
2 ? 3.5578 0.324076 0.0283405 0.00481124 0.0266224 0.0609095 0.0237935 0.0144312 0.0471349 0.0341062 0.057683 0.0380651 0.0274682 0.0191468 0.0271899 0.0168057 0.0326971 0.0801682 0.111326 0.00901742 0.0162075
3 ? 3.85755 0.0554398 0.0240435 0.0184219 0.00537239 0.146145 0.0257255 0.0810921 0.0125039 0.00716485 0.147365 0.0496008 0.057123 0.0176434 0.0177047 0.0180208 0.102089 0.0913844 0.0420803 0.0328883 0.0481921
4 ? 3.99401 0.0644239 0.0437172 0.00376354 0.0197933 0.157397 0.020441 0.0340063 0.0414457 0.0441561 0.0553293 0.0282132 0.023553 0.0985276 0.0698534 0.0428091 0.119135 0.0460629 0.0331332 0.0322149 0.0220253
5 ? 3.82999 0.0867348 0.0615589 0.0227794 0.0172175 0.132863 0.19994 0.0344192 0.0486816 0.0447387 0.0859229 0.013154 0.0499083 0.0155481 0.0119795 0.0624454 0.0391152 0.0169308 0.0143726 0.0121966 0.0294931
6 ? 3.32289 0.0287126 0.0178471 0.00371577 0.00446584 0.0574633 0.00409465 0.0555881 0.0701846 0.00745985 0.113333 0.0430519 0.0182632 0.00819706 0.0599434 0.00542701 0.0464395 0.339224 0.00584201 0.0980238 0.0127238
7 ? 3.20852 0.0181486 0.0331471 0.00519251 0.0278596 0.0342692 0.00733721 0.00535727 0.0649508 0.426625 0.0705417 0.0536026 0.0311276 0.00221263 0.0231084 0.0545385 0.00382181 0.028263 0.0542269 0.0294389 0.0262317
8 ? 3.11585 0.0235352 0.0206129 0.00588387 0.00737163 0.104227 0.0225294 0.00716209 0.0312958 0.00829985 0.142389 0.0204266 0.00747077 0.0217798 0.0324444 0.413281 0.04332 0.0239294 0.0139801 0.0330146 0.0170473
9 ? 3.97854 0.105791 0.0478939 0.00428246 0.00607824 0.0404197 0.100938 0.0895111 0.0378846 0.0088318 0.0915066 0.0865966 0.0247058 0.0672917 0.050022 0.0117327 0.0741762 0.00979285 0.039555 0.0520484 0.0509406
10 Y 3.65376 0.0591273 0.0720879 0.00698214 0.00262912 0.1428 0.00639217 0.162615 0.0598706 0.0744801 0.0275973 0.0125417 0.0182825 0.0386005 0.0151853 0.0134555 0.0707778 0.0167153 0.0174959 0.0129063 0.169458
11 ? 3.81528 0.0529354 0.0268597 0.0320141 0.254875 0.0661667 0.0172687 0.0152944 0.058312 0.0267866 0.063354 0.0239048 0.0272926 0.0136138 0.0309178 0.0111878 0.039515 0.0688382 0.0749028 0.0772308 0.0187287
12 ? 3.94969 0.021344 0.0684315 0.0599584 0.00881901 0.0476714 0.0896797 0.111938 0.0506901 0.011776 0.0605531 0.0411579 0.0161437 0.0170835 0.0947408 0.0305831 0.152876 0.0165304 0.0538608 0.0293719 0.0167904
13 ? 3.69921 0.0483542 0.0173126 0.0147404 0.0887833 0.0229239 0.0187978 0.0172876 0.0537953 0.0271229 0.0114924 0.24773 0.00881764 0.010506 0.0630728 0.0317407 0.0545931 0.112716 0.103716 0.0288232 0.0176738
14 ? 3.60581 0.0987123 0.0462898 0.100719 0.314895 0.0443154 0.0218887 0.0234806 0.0139241 0.0300927 0.0410223 0.0316429 0.0486943 0.0152078 0.051382 0.00900495 0.032966 0.0208352 0.0160209 0.0195259 0.0193793
15 T 3.3204 0.0286765 0.29574 0.00875366 0.014997 0.00452603 0.00372812 0.0419921 0.122458 0.00760658 0.0202942 0.114548 0.0249079 0.0545303 0.00552252 0.00320958 0.0234646 0.143313 0.0571978 0.0155311 0.0090033
16 D 3.62238 0.0537832 0.0240237 0.307625 0.111044 0.00918506 0.021037 0.0422379 0.0152095 0.063936 0.0243325 0.0623387 0.02048 0.00184981 0.0369826 0.0292241 0.0305096 0.0218026 0.0369675 0.0589521 0.0284791
17 ? 3.54199 0.244733 0.0247267 0.0348722 0.014983 0.00894449 0.184174 0.0280123 0.0219341 0.0214908 0.0153926 0.0196918 0.0274474 0.0611285 0.0249517 0.142636 0.04053 0.0188865 0.0410178 0.0201764 0.00427081
18 ? 3.7254 0.0686392 0.028796 0.231013 0.150887 0.0100018 0.0838871 0.0111612 0.0511515 0.0215309 0.00929185 0.0155376 0.031427 0.0431532 0.057266 0.0223816 0.0158916 0.021698 0.0738387 0.0241457 0.0283001
19 ? 3.66681 0.00267028 0.01881 0.00598647 0.0233477 0.0196382 0.0135777 0.0825634 0.0374173 0.0338117 0.115257 0.0189949 0.0548751 0.024693 0.105212 0.248661 0.0670015 0.0348968 0.0617325 0.00871329 0.02214
20 ? 3.54854 0.016024 0.0370373 0.0191969 0.0373993 0.0257892 0.00923856 0.0151076 0.180773 0.119425 0.0582915 0.033287 0.0183877 0.0285665 0.262466 0.0159637 0.0396352 0.0130042 0.0362621 0.00712507 0.0270212
21 ? 3.62802 0.0103437 0.224718 0.123749 0.00442936 0.0403924 0.0337516 0.0295848 0.0245033 0.033121 0.0234693 0.0141285 0.113621 0.0173656 0.0216283 0.0141959 0.133075 0.0172554 0.0240208 0.0854744 0.0111726
22 ? 3.76881 0.0954219 0.00752227 0.0650617 0.0094918 0.0119508 0.140427 0.0289033 0.179647 0.0153277 0.0840106 0.0248199 0.0356872 0.0120161 0.0112161 0.0122717 0.0519579 0.0277248 0.0976777 0.0266809 0.0621837
23 ? 3.67714 0.031422 0.0111633 0.0115758 0.00820253 0.0407762 0.233178 0.0204777 0.0191274 0.00505316 0.0270481 0.0288644 0.0294631 0.0517628 0.0548565 0.0290911 0.167458 0.111301 0.0358483 0.0393257 0.0440045
24 ? 3.68879 0.0121573 0.0235236 0.0347421 0.0652361 0.087934 0.00465887 0.0116806 0.0508687 0.0223008 0.160168 0.0338685 0.0109572 0.00472344 0.0593614 0.00718218 0.00754767 0.110702 0.0356021 0.079538 0.177248
25 ? 3.51126 0.0557491 0.0264844 0.00436301 0.00574799 0.01249 0.0107058 0.11573 0.289267 0.0699961 0.081075 0.0337376 0.0178405 0.00681256 0.0247758 0.0104771 0.0262279 0.0891244 0.0793774 0.00905905 0.0309591
26 ? 3.56511 0.133692 0.0547423 0.00792501 0.00493313 0.0623173 0.010252 0.0104849 0.0164425 0.113536 0.011204 0.0314748 0.0287771 0.00521811 0.0151821 0.20878 0.0349568 0.0182045 0.112221 0.00722472 0.112432
27 ? 3.67635 0.116702 0.00698156 0.0135136 0.0142885 0.0642703 0.0182249 0.0446443 0.0804878 0.051536 0.0308055 0.0109937 0.258606 0.0104162 0.0202708 0.0630312 0.0201727 0.0382999 0.0208449 0.023708 0.0922025
28 ? 3.67724 0.117246 0.0505327 0.0592553 0.020212 0.0182532 0.0537423 0.00932356 0.00440939 0.0148883 0.037469 0.0377529 0.23842 0.0109685 0.0663318 0.0182625 0.129783 0.0197586 0.00962544 0.0288744 0.0548921
29 ? 3.64342 0.0672683 0.0836881 0.0145999 0.0484859 0.0220772 0.0223446 0.0227241 0.053928 0.0327884 0.0186428 0.0228076 0.0236212 0.0249616 0.024739 0.00708676 0.180652 0.0667351 0.239636 0.0106496 0.0125653
30 ? 3.39787 0.016951 0.00583 0.0136789 0.0335022 0.0138255 0.308585 0.043276 0.0278786 0.0199325 0.00688568 0.0279145 0.0799402 0.0218481 0.0165293 0.0179807 0.0403881 0.164576 0.0188544 0.113265 0.00835846
31 ? 3.91337 0.0785578 0.0118429 0.158155 0.0486518 0.0261983 0.0139709 0.0900583 0.0301554 0.101738 0.0153305 0.0592354 0.028983 0.00389184 0.0912844 0.0728719 0.010527 0.0568939 0.0530809 0.0293615 0.0192104
32 ? 3.40523 0.0221604 0.0145421 0.00459068 0.142785 0.0418149 0.0223723 0.0303406 0.0183722 0.0251397 0.0538154 0.301356 0.0148898 0.0112137 0.0159539 0.0259858 0.0361359 0.164846 0.0276218 0.0141952 0.0118674
33 ? 3.47401 0.0319263 0.096511 0.0765385 0.00544448 0.0189329 0.0128308 0.00660807 0.247416 0.0546212 0.0802406 0.0405286 0.0156608 0.008188 0.0134126 0.00718626 0.03258 0.0446987 0.188757 0.00600982 0.0119093
34 ? 3.83901 0.0891922 0.039446 0.243869 0.0467904 0.0236481 0.118463 0.0569384 0.0198733 0.0279957 0.0356043 0.0275994 0.0519193 0.0285756 0.0129218 0.0255121 0.0222165 0.041164 0.0364418 0.0219191 0.0299097
35 ? 3.40016 0.0238141 0.0178607 0.0102909 0.0312259 0.0180452 0.229375 0.0222453 0.0145786 0.0150632 0.0104348 0.0239987 0.0439251 0.00583882 0.0476277 0.0228429 0.0833853 0.285934 0.0293265 0.0436239 0.0205634
36 I 3.40124 0.0229026 0.0439949 0.00721293 0.0188344 0.0491971 0.0171463 0.00793232 0.346201 0.0218998 0.0656414 0.156564 0.022564 0.0236094 0.0203482 0.0082468 0.0185505 0.0621444 0.0268395 0.0267691 0.0334007
37 ? 3.81378 0.0469113 0.059865 0.0537396 0.0320431 0.0304963 0.212464 0.0299532 0.0266491 0.0120499 0.0579552 0.0223438 0.0130328 0.00907265 0.0218166 0.0616612 0.133512 0.106959 0.0197081 0.0250852 0.0246808
38 ? 3.72244 0.0473033 0.0174842 0.0229076 0.226156 0.0136316 0.0673732 0.0685986 0.0409832 0.0117923 0.01518 0.0716753 0.0296885 0.00694445 0.0365934 0.162377 0.0561127 0.0214032 0.0153235 0.0535608 0.0149107
39 ? 3.68796 0.0180206 0.0512348 0.0110373 0.0162373 0.146095 0.0734259 0.0223151 0.0197086 0.14323 0.0138562 0.027084 0.0152909 0.00849131 0.0079209 0.150595 0.0118241 0.0378192 0.0613951 0.138077 0.026342
40 ? 3.52607 0.0371828 0.0174299 0.0196352 0.0225678 0.0223404 0.0268689 0.175942 0.00996916 0.0536998 0.00833593 0.0558689 0.235567 0.0155446 0.0273657 0.0282327 0.0334754 0.00695322 0.0136019 0.0230501 0.166368
41 ? 3.75482 0.0207176 0.0323731 0.0211755 0.0136761 0.0159495 0.0234915 0.0106913 0.117484 0.0131985 0.120339 0.0384853 0.0406012 0.003386 0.0333572 0.0139863 0.0556893 0.0468439 0.198217 0.0768091 0.103529
42 ? 3.69043 0.0556602 0.0842427 0.0243338 0.0150481 0.0492974 0.0294117 0.0207754 0.00892275 0.0433033 0.0112376 0.0273554 0.0111527 0.0827664 0.27287 0.0428783 0.00739341 0.0683586 0.0928825 0.0299401 0.0221706
43 ? 3.68134 0.0699267 0.0353226 0.0223867 0.0329853 0.0551441 0.0159032 0.0479338 0.075327 0.0427761 0.0253488 0.275012 0.0257171 0.0144261 0.0215987 0.0132518 0.0126735 0.0256581 0.139852 0.0250898 0.0236667
44 ? 3.71403 0.0232668 0.127977 0.0299598 0.0386237 0.0381541 0.0339768 0.0149651 0.0384643 0.036269 0.0412253 0.0274836 0.0245129 0.00189553 0.0259516 0.0201537 0.0792031 0.277539 0.0558277 0.0374278 0.0271236
45 ? 3.60385 0.0486252 0.0120979 0.0262436 0.0388324 0.0584324 0.0137504 0.173909 0.0243392 0.00874322 0.0278267 0.0670592 0.0297959 0.012759 0.0314531 0.00659643 0.0995473 0.252114 0.0151102 0.029693 0.0230723
46 ? 3.51625 0.0242872 0.0130215 0.0301297 0.274907 0.0396791 0.0159369 0.0800763 0.0105933 0.0445482 0.0704386 0.015185 0.0265372 0.00787524 0.0254342 0.0104904 0.174747 0.013792 0.0253333 0.084335 0.0126526
47 ? 3.70491 0.0150714 0.0259782 0.00784351 0.0483433 0.0676855 0.0128666 0.0217543 0.174561 0.0310069 0.148084 0.0848303 0.0112695 0.00990625 0.0339752 0.0205718 0.00555703 0.0427913 0.149171 0.0188698 0.0698633
48 ? 3.75834 0.0137573 0.0129754 0.0438663 0.0529237 0.0155455 0.0361522 0.00807437 0.0133997 0.16559 0.0251257 0.041029 0.200813 0.0476178 0.029917 0.0444808 0.0922261 0.091822 0.0272235 0.0258192 0.0116418
49 L 2.90266 0.00758721 0.0287953 0.00823994 0.0215999 0.0476934 0.00666202 0.0251098 0.0710903 0.00815672 0.505609 0.0482967 0.00810177 0.0365365 0.0258747 0.013904 0.0103562 0.0108981 0.0758823 0.0229377 0.0166686
50 ? 3.57769 0.0470929 0.0499754 0.104318 0.0206501 0.00948355 0.130458 0.0182065 0.0388999 0.0135043 0.272714 0.0231003 0.00875824 0.0147559 0.0708468 0.0143958 0.0856771 0.0218815 0.0302447 0.0107183 0.0143177
51 ? 3.81942 0.100984 0.0247646 0.102008 0.123907 0.0229638 0.00837767 0.0118617 0.0931557 0.0114393 0.0618613 0.0294477 0.0239999 0.101396 0.0263938 0.0131646 0.0163685 0.0460342 0.143913 0.00722449 0.0307348
52 ? 3.96392 0.111598 0.0600584 0.104421 0.0170463 0.0504016 0.0391024 0.0330912 0.0181818 0.0975242 0.0239551 0.0267116 0.125104 0.00649673 0.00884406 0.0126545 0.0609145 0.0679283 0.0424776 0.0244445 0.0690457
53 ? 3.31065 0.1108 0.0056196 0.0186753 0.389566 0.0360826 0.0561398 0.0401497 0.00562819 0.0492977 0.0213367 0.0236198 0.0276258 0.00269603 0.0558594 0.020829 0.0403964 0.0135296 0.0545475 0.0145511 0.0130488
54 ? 3.93439 0.0543435 0.0217888 0.0111512 0.0402491 0.0120175 0.115658 0.146554 0.0226364 0.0201628 0.0199831 0.0465001 0.0279703 0.0498258 0.0409744 0.0337805 0.143879 0.0757675 0.0248169 0.0276399 0.0643003
55 ? 3.65156 0.017326 0.0196765 0.0364003 0.024332 0.127704 0.0205234 0.0152078 0.0176774 0.200082 0.0314022 0.0234023 0.170172 0.00740951 0.0262935 0.109674 0.064683 0.039372 0.0198784 0.0216117 0.00717133
56 ? 3.52629 0.0344175 0.0140529 0.0253368 0.0257846 0.0349182 0.165404 0.0170364 0.113232 0.00962481 0.244823 0.131216 0.0281885 0.00919736 0.00969376 0.022056 0.0361265 0.0288432 0.0192362 0.0241055 0.00670598
57 ? 3.6733 0.0467558 0.057972 0.0127955 0.0139729 0.155552 0.0169615 0.0222658 0.213764 0.0933328 0.062748 0.0559616 0.0264385 0.00395782 0.0167608 0.0426634 0.00721824 0.0138216 0.0947877 0.0346296 0.00764128
58 ? 3.35787 0.00538764 0.0156725 0.00671559 0.0285972 0.0204713 0.00520487 0.0263813 0.046036 0.0212114 0.223696 0.0344432 0.169522 0.0225798 0.237341 0.0320727 0.00891818 0.00816272 0.0152696 0.0440837 0.0282332
59 ? 3.18445 0.00997341 0.226837 0.0305465 0.0306633 0.0103792 0.0120379 0.0169875 0.0277508 0.0271137 0.0120486 0.0313331 0.351252 0.00895578 0.0677543 0.00442684 0.0245565 0.0197297 0.0155991 0.021031 0.0510241
60 ? 3.73434 0.0278729 0.0769301 0.0236201 0.0156849 0.0286947 0.0335852 0.0540295 0.0172204 0.066106 0.0298464 0.0171707 0.0782274 0.0041168 0.0205655 0.101395 0.258636 0.06293 0.00896655 0.0239521 0.0504488
61 L 3.18695 0.00989442 0.00995155 0.00752322 0.0180716 0.0317953 0.00978722 0.00726524 0.267566 0.00955586 0.263107 0.0365409 0.0556009 0.00873906 0.00546357 0.0069137 0.0222414 0.0991063 0.08919 0.00867926 0.033008
62 ? 3.78429 0.0442719 0.0184122 0.034259 0.036183 0.0134912 0.099601 0.132402 0.0115579 0.0900719 0.020657 0.0128547 0.110867 0.0031049 0.0399232 0.0370393 0.0352514 0.183833 0.0312714 0.0122164 0.032732
63 ? 3.63277 0.0120822 0.0366693 0.0364265 0.017002 0.071309 0.176972 0.106321 0.236132 0.0355616 0.0542822 0.0292136 0.0466576 0.00547003 0.0198355 0.0157973 0.0279545 0.0290257 0.0189822 0.0142151 0.0100912
64 ? 3.62639 0.0179388 0.0153373 0.0278952 0.301792 0.0220115 0.0260866 0.0555055 0.082976 0.0556528 0.0297666 0.0361289 0.0467702 0.00318203 0.0620178 0.0774813 0.0109581 0.0275133 0.0766977 0.0123293 0.011959
65 ? 3.74454 0.0573301 0.00759459 0.0232474 0.0754804 0.037344 0.0577461 0.0519741 0.0204951 0.0845452 0.0199892 0.0559867 0.0838448 0.0211005 0.0325658 0.270326 0.0270688 0.0261235 0.0148787 0.0192003 0.0131582
66 ? 3.55048 0.0882225 0.0468559 0.0198544 0.0175846 0.0156381 0.0280938 0.0246128 0.0346967 0.0329734 0.0459556 0.201295 0.018776 0.253978 0.0139345 0.011463 0.0177129 0.016019 0.0810986 0.0172746 0.0139608
67 ? 3.68896 0.0254581 0.0199373 0.0196513 0.0309175 0.02184 0.0260801 0.0510536 0.0771494 0.0173543 0.241812 0.0477998 0.0271873 0.015245 0.0209138 0.0109604 0.0621468 0.0276443 0.184579 0.0272691 0.0450012
68 ? 3.79829 0.0219853 0.0261683 0.0634541 0.0332103 0.026949 0.0376233 0.0147492 0.195381 0.0129238 0.186313 0.0846606 0.0125911 0.0187411 0.0582584 0.0432949 0.0254044 0.0353775 0.0489664 0.0291022 0.0248449
69 ? 3.42057 0.0553992 0.0160228 0.0247799 0.0137535 0.021287 0.0448064 0.0099272 0.0441016 0.00753545 0.272969 0.0392619 0.0192987 0.0128958 0.0114355 0.0480556 0.241128 0.0127609 0.0345789 0.0186052 0.0513984
70 ? 3.88046 0.205167 0.0582549 0.0461877 0.0337049 0.0299282 0.120351 0.0479948 0.00624864 0.033389 0.0363808 0.0274607 0.0252314 0.0263711 0.0567893 0.0677027 0.0732769 0.0661386 0.0185762 0.00656744 0.0142794
71 ? 3.81273 0.020057 0.0167673 0.0202093 0.0147599 0.199177 0.0655435 0.0132547 0.0384987 0.0871371 0.0399461 0.0213187 0.031467 0.0738723 0.0632505 0.0260072 0.0640167 0.150025 0.014325 0.0157189 0.0246475
72 ? 3.3588 0.0500114 0.261819 0.250179 0.0313155 0.023989 0.0259505 0.0451057 0.0155135 0.020286 0.00781042 0.0992664 0.0256913 0.00848634 0.0160309 0.0113109 0.00621277 0.00890886 0.0478215 0.0158359 0.0284547
73 ? 3.79743 0.112204 0.0214063 0.0612073 0.141428 0.00989646 0.0428757 0.0361674 0.0135876 0.0282332 0.0146002 0.0829814 0.130591 0.00564618 0.0379396 0.0268072 0.132471 0.057628 0.0262402 0.0109775 0.0071124
74 ? 3.84035 0.0704437 0.0132377 0.00752742 0.00844401 0.0609027 0.0133945 0.0158664 0.141815 0.0517753 0.0836952 0.0534607 0.0200855 0.0518324 0.0188377 0.150312 0.0168817 0.0166838 0.107407 0.0265006 0.0708957
75 ? 3.61515 0.0157615 0.0426103 0.00987896 0.0158689 0.0153237 0.0270601 0.015727 0.110874 0.0377141 0.0575661 0.0301239 0.025267 0.0213492 0.0222364 0.290011 0.0370041 0.0966048 0.0940557 0.0170447 0.0179187
76 ? 3.49711 0.138865 0.0111455 0.0300475 0.0258801 0.00719026 0.292557 0.0489054 0.0410053 0.0366319 0.0273546 0.0229451 0.127629 0.00517753 0.0252662 0.0055709 0.070708 0.0267266 0.0177522 0.0189031 0.0197397
77 ? 3.46747 0.0927301 0.021757 0.0193315 0.0196891 0.0243139 0.0167522 0.0175285 0.0268378 0.0798018 0.0293231 0.0330297 0.0290697 0.00374933 0.0222094 0.0485411 0.011956 0.0271241 0.123042 0.33561 0.0176038
78 ? 3.26347 0.0340337 0.0165507 0.021989 0.0105105 0.0401927 0.011911 0.023991 0.00846901 0.00938339 0.227282 0.0546702 0.0200603 0.0118455 0.0104879 0.0105733 0.10904 0.0110462 0.0495946 0.0163281 0.302041
79 L 3.07312 0.0239764 0.0192336 0.00901181 0.0097635 0.0195571 0.0110843 0.0235172 0.0700803 0.0185518 0.484144 0.026278 0.0347022 0.0685667 0.0339916 0.0280611 0.0125342 0.0320718 0.0284968 0.029661 0.016716
80 ? 3.14442 0.0611664 0.0575358 0.00793173 0.0491094 0.0139445 0.408193 0.00902673 0.0366919 0.0222036 0.0298816 0.0110774 0.0204355 0.00875915 0.0207778 0.0159817 0.162224 0.0213848 0.0143511 0.0140367 0.0152869
81 ? 3.46216 0.0139267 0.0103771 0.0419459 0.097665 0.0210461 0.0131323 0.109017 0.0450725 0.0285009 0.031369 0.00771812 0.237412 0.00184854 0.0303342 0.00638384 0.0505476 0.0211328 0.0128213 0.0143745 0.205375
82 ? 3.53804 0.0551831 0.0401832 0.0243061 0.0360077 0.0320735 0.0136919 0.216413 0.00934928 0.01362 0.0242455 0.0146683 0.0233106 0.257429 0.0481687 0.0233428 0.0411317 0.0745183 0.0108638 0.0092417 0.0322518
83 ? 4.06202 0.0861816 0.0186221 0.024816 0.0906736 0.0193825 0.0655297 0.0236309 0.0167884 0.0432551 0.0416767 0.0494557 0.0592275 0.163933 0.0398625 0.0222537 0.0577534 0.0350778 0.052605 0.0434605 0.0458144
84 ? 3.40217 0.0573525 0.3367 0.02113 0.0165001 0.0209807 0.0517917 0.0118656 0.0132395 0.0106492 0.00990711 0.029541 0.11055 0.00977844 0.0473643 0.0457242 0.127377 0.0129177 0.0275877 0.0325565 0.00648673
85 ? 3.66703 0.117739 0.0184844 0.20999 0.133584 0.00919852 0.0750945 0.0120508 0.00551562 0.0548024 0.0173733 0.012052 0.0102208 0.0240717 0.0482096 0.0961282 0.0353195 0.0629916 0.012449 0.00981316 0.0349124
86 ? 4.04101 0.0450267 0.0163777 0.0977554 0.0505622 0.0711101 0.155345 0.0615434 0.0429655 0.0170438 0.0569367 0.0126002 0.0197895 0.0220457 0.0715589 0.0234332 0.0492197 0.0489861 0.0460059 0.0207182 0.0709754
87 ? 3.33369 0.0149963 0.0152156 0.0308831 0.0221357 0.0107468 0.0073641 0.0234974 0.0807208 0.293344 0.240041 0.0477671 0.018323 0.0120024 0.026055 0.0503981 0.0142316 0.0429588 0.0227502 0.0131017 0.0134675
88 ? 3.72908 0.0171073 0.0472861 0.232476 0.0713788 0.0139929 0.0264869 0.0241376 0.0528525 0.0316969 0.0783825 0.100504 0.0225983 0.00610695 0.0257606 0.00351246 0.0989212 0.0139375 0.0208464 0.0889046 0.0231112
89 P 3.91229 0.0799903 0.0131528 0.0309252 0.0241513 0.0717838 0.153872 0.0940146 0.0674982 0.0231691 0.0786329 0.017202 0.0371115 0.135645 0.0118109 0.0216939 0.030811 0.023386 0.0182285 0.0182425 0.0486783
90 ? 3.88465 0.0435082 0.0119171 0.0286576 0.0430911 0.0420451 0.0608921 0.0321193 0.129124 0.0981419 0.0522943 0.0339186 0.0467847 0.0135315 0.0150839 0.0119009 0.0308359 0.170737 0.103889 0.0104656 0.0210622
91 ? 3.57704 0.0186289 0.008747 0.0135912 0.0667158 0.0255674 0.0134966 0.0539215 0.0396157 0.294467 0.0302735 0.0267932 0.0775738 0.00658254 0.036163 0.144225 0.0282447 0.0207128 0.0443306 0.00941389 0.0409367
92 ? 3.66263 0.0304597 0.0152296 0.0273193 0.0309972 0.0348468 0.0274266 0.0450257 0.0494283 0.0252466 0.0233154 0.0974834 0.0552549 0.0305528 0.0368395 0.012806 0.0576404 0.321602 0.0201533 0.0151986 0.0431737
93 ? 3.18719 0.0143713 0.0882443 0.0563944 0.0242508 0.106722 0.347582 0.0165935 0.00643077 0.0216974 0.0237525 0.0159139 0.0151221 0.0100024 0.0102614 0.0135032 0.012442 0.00839906 0.0163312 0.180344 0.011641
94 ? 2.97382 0.040021 0.0196901 0.0221902 0.0351889 0.0156729 0.377723 0.0295434 0.0106226 0.00963303 0.00525801 0.0158582 0.013501 0.00856547 0.0214848 0.0207408 0.271168 0.0100324 0.021459 0.0352075 0.0164408
95 ? 3.24235 0.0163611 0.0109155 0.0218916 0.00863616 0.0187537 0.0141014 0.0448801 0.0226848 0.0215248 0.0215685 0.164551 0.00725349 0.137388 0.0291167 0.0226746 0.032744 0.034063 0.0069288 0.0133768 0.350586
96 I 3.04909 0.0136378 0.056376 0.00727189 0.0369759 0.0290762 0.00563781 0.0101885 0.424702 0.0184305 0.117401 0.0365567 0.0125314 0.00736692 0.00919392 0.00829163 0.0164415 0.0278944 0.125366 0.0239333 0.0127274
97 ? 3.44063 0.022663 0.115085 0.0120241 0.0186638 0.061747 0.00633492 0.0913412 0.17595 0.00583703 0.0368231 0.0124626 0.0168842 0.00515831 0.0122148 0.00241452 0.00672604 0.00998946 0.206305 0.0521446 0.129232
98 ? 3.58616 0.00692954 0.00784255 0.0139146 0.219952 0.0398765 0.0239131 0.0758033 0.0927627 0.0322544 0.0152989 0.0262356 0.00788065 0.00336632 0.118334 0.170738 0.036443 0.0311819 0.0319776 0.0336503 0.0116458
99 ? 3.64018 0.0768614 0.0404269 0.0578098 0.0564359 0.0181345 0.0290468 0.0260328 0.0174971 0.0430072 0.0298112 0.0129214 0.00698837 0.018959 0.145517 0.27868 0.0384502 0.0535229 0.0196882 0.0119878 0.0182216
100 ? 4.08483 0.074318 0.00573585 0.0130976 0.0540834 0.0341996 0.0579705 0.0460476 0.0551247 0.0476085 0.079468 0.014253 0.0397157 0.111175 0.0278557 0.0389885 0.0640298 0.0399186 0.109264 0.0204998 0.0666461
101 N 3.9024 0.0169298 0.0656053 0.153576 0.00942905 0.0813637 0.143547 0.0361119 0.0125751 0.0298152 0.0479733 0.0112591 0.0994206 0.0142709 0.0549597 0.0351598 0.0473502 0.0466342 0.0216498 0.0166893 0.0556805
102 ? 3.80231 0.0714487 0.0304525 0.014325 0.0295195 0.0732005 0.148795 0.0419218 0.0254224 0.016589 0.0179928 0.0129134 0.0191615 0.045702 0.112566 0.0153777 0.185123 0.0529547 0.0598912 0.0146896 0.0119524
103 ? 3.99607 0.0761958 0.00999443 0.00805892 0.101727 0.0134582 0.0452521 0.0482805 0.0816567 0.112878 0.0488501 0.0520974 0.122002 0.0506492 0.0241681 0.0722433 0.0279091 0.0334675 0.0389878 0.0129588 0.0191664
104 ? 3.69038 0.0202459 0.0307505 0.00702832 0.106634 0.108497 0.0177551 0.101656 0.0256703 0.0223804 0.0466987 0.0333184 0.0732253 0.00365885 0.0410049 0.020862 0.030595 0.0107934 0.0173559 0.243858 0.0380126
105 ? 3.54959 0.0677982 0.0462743 0.0221242 0.024867 0.00801697 0.293117 0.0150214 0.0879744 0.0641039 0.0132402 0.151793 0.0111583 0.012051 0.0235759 0.0285385 0.033536 0.0190208 0.0185838 0.0269322 0.0322729
106 ? 3.84337 0.088371 0.0596866 0.0103144 0.0590156 0.0268115 0.0237003 0.0779357 0.0253954 0.0206976 0.0755091 0.0194822 0.0232795 0.110234 0.0114188 0.185597 0.0402919 0.0359063 0.0902043 0.0104551 0.00569485
107 ? 3.42952 0.0256458 0.340763 0.0273399 0.163696 0.0165104 0.018845 0.0209734 0.0255542 0.0256381 0.0085124 0.0585669 0.0730402 0.0107937 0.0293173 0.0155584 0.0277186 0.021076 0.0222238 0.0378417 0.0303854
108 ? 3.54215 0.042388 0.010924 0.0127204 0.0181946 0.0515718 0.0366909 0.0659028 0.0430099 0.0144964 0.130109 0.0334289 0.0278217 0.0162701 0.00941532 0.0180275 0.0894509 0.0192225 0.0292327 0.0181393 0.312983
109 ? 3.4877 0.0124961 0.0347739 0.0118536 0.0125583 0.0264142 0.00420478 0.0648515 0.105012 0.0115298 0.0524102 0.0300562 0.0948812 0.307144 0.00826755 0.0109037 0.0396985 0.0250622 0.10108 0.0373045 0.00949846
110 ? 3.58393 0.0137827 0.0361661 0.0182848 0.0357029 0.0349211 0.307424 0.0277325 0.0607889 0.018829 0.142889 0.0355872 0.0195844 0.0328353 0.0258483 0.0261474 0.01322 0.0133183 0.0846892 0.03171 0.0205381
111 ? 3.9914 0.0720836 0.0280756 0.0957335 0.0638261 0.0271104 0.0422891 0.0288245 0.0506868 0.0216455 0.100895 0.0386303 0.026928 0.0569346 0.0173604 0.0224955 0.0250465 0.0462058 0.0323256 0.0204256 0.182478
112 ? 3.66946 0.054638 0.0268876 0.211566 0.0252351 0.041981 0.0214329 0.031683 0.0729412 0.00693817 0.19142 0.0705878 0.0283951 0.00543957 0.0132862 0.00633211 0.0107515 0.0472672 0.0379785 0.0728251 0.0224133
113 ? 3.65704 0.0815684 0.0185727 0.0260425 0.0246918 0.0398958 0.00624436 0.0511918 0.0498587 0.28124 0.031633 0.0373144 0.0310071 0.00343641 0.0658801 0.0886336 0.0727743 0.0590311 0.00648145 0.0117631 0.0127399
114 ? 3.95574 0.0888882 0.0234909 0.1369 0.149628 0.0366699 0.0323492 0.059395 0.0108535 0.0179208 0.0294884 0.0223759 0.0796261 0.0464659 0.0581141 0.00695342 0.0666083 0.0266124 0.0302219 0.0233078 0.0541298
115 ? 3.73593 0.0355293 0.00958452 0.0785849 0.253763 0.0165577 0.032558 0.0174849 0.0866075 0.0156547 0.0489754 0.0224394 0.0201755 0.0188287 0.050398 0.00872497 0.0736185 0.0360204 0.019727 0.0469959 0.107772
116 ? 3.5592 0.051793 0.0660952 0.0118299 0.188982 0.0169709 0.0293784 0.0144902 0.25791 0.0309594 0.0605192 0.0306193 0.00590522 0.058358 0.0732637 0.00564952 0.0182823 0.0147775 0.022406 0.0199593 0.0218511
117 ? 3.74477 0.0241082 0.0416785 0.0287641 0.28143 0.0067677 0.0251639 0.0347874 0.0460784 0.0338782 0.0513023 0.033877 0.0156494 0.0106365 0.036723 0.0409935 0.0964807 0.0848964 0.0199385 0.031276 0.0555704
118 ? 3.47541 0.0115894 0.00859703 0.0148367 0.00735037 0.0234506 0.0254107 0.0164441 0.0441403 0.0854455 0.323683 0.0921192 0.0197433 0.0131559 0.0205912 0.108735 0.0254024 0.048538 0.0733837 0.0178464 0.019536
119 ? 3.63353 0.0122451 0.0130638 0.00780593 0.0126105 0.0437921 0.00572468 0.050222 0.206601 0.0362467 0.0442654 0.0314449 0.0259231 0.00774107 0.0135983 0.178653 0.0217096 0.128825 0.0365229 0.0455919 0.0774124
120 ? 3.14302 0.0141944 0.0292656 0.0185942 0.265959 0.0207974 0.0156972 0.0156006 0.00963598 0.0556845 0.0177772 0.0300569 0.0266291 0.00485011 0.0169151 0.0312677 0.042828 0.0105748 0.0100994 0.335744 0.0278286
121 ? 3.6906 0.0383707 0.117207 0.0122181 0.00971229 0.0149505 0.0107241 0.0671896 0.0104243 0.0724627 0.0331053 0.0231631 0.0186348 0.00529781 0.208615 0.160079 0.0555465 0.0333384 0.0511931 0.033819 0.0239488
122 ? 3.35611 0.00831321 0.0970293 0.00745154 0.0104087 0.0162498 0.00659879 0.0341673 0.181553 0.0427356 0.257954 0.0548538 0.00539349 0.00370951 0.139018 0.040487 0.0114733 0.0166608 0.0445656 0.0136332 0.00774448
123 ? 3.59408 0.263485 0.0428543 0.0212635 0.0368837 0.0407335 0.158263 0.0223425 0.0109898 0.0164041 0.0130828 0.0241422 0.042391 0.00856745 0.0328066 0.0170961 0.0965365 0.0713076 0.0617633 0.00702684 0.0120605
124 ? 3.86566 0.0754995 0.0197977 0.046389 0.0605913 0.0537883 0.0679743 0.0466783 0.0443454 0.0147925 0.0180289 0.0610632 0.225048 0.00369931 0.0443986 0.0332045 0.0886443 0.0181807 0.0245267 0.00959905 0.0437501
125 ? 3.65438 0.0819758 0.07275 0.0151024 0.0213177 0.0247785 0.0301518 0.00605614 0.192873 0.0112188 0.0610197 0.0496947 0.0601329 0.00719576 0.0139341 0.00668145 0.0557048 0.0770006 0.188328 0.00961439 0.0144704
126 ? 4.03694 0.0921363 0.0115979 0.0681806 0.0336931 0.0229266 0.10737 0.0277236 0.0692499 0.0264873 0.101827 0.0281025 0.0250567 0.00329625 0.0630759 0.0595107 0.0551346 0.0981565 0.0518003 0.0212459 0.0334286
127 ? 4.05139 0.0401693 0.00665405 0.108773 0.0459226 0.0546331 0.0557201 0.0265195 0.0180339 0.0774631 0.0397371 0.0465863 0.0241897 0.01021 0.109257 0.039858 0.0795636 0.0253181 0.0644265 0.0264886 0.100477
128 ? 4.03961 0.0868673 0.0680422 0.0665034 0.0429547 0.0671399 0.0147187 0.0545391 0.0554449 0.0192773 0.104535 0.0376486 0.0108616 0.0138633 0.0257186 0.00558043 0.0266445 0.0688147 0.110741 0.0720971 0.0480078
129 ? 3.86853 0.0801371 0.0499087 0.0482745 0.185276 0.00894714 0.0133739 0.0542076 0.0151652 0.0295185 0.0320252 0.0736226 0.0496726 0.0111347 0.0169284 0.0185359 0.0577832 0.0846916 0.119385 0.00723845 0.0441725
130 ? 3.4886 0.0235628 0.0132477 0.011272 0.0193409 0.00993466 0.0130304 0.0198766 0.028799 0.0868314 0.0349022 0.0258259 0.0142004 0.131942 0.0636555 0.299497 0.026569 0.118951 0.0173591 0.0300941 0.0111082
131 ? 3.75842 0.0840227 0.098456 0.0230296 0.0142214 0.229052 0.0741481 0.0177232 0.0500249 0.0107417 0.0088818 0.0645769 0.0132487 0.0286924 0.0758348 0.00504857 0.0235657 0.0160313 0.0550356 0.0331709 0.0744944
132 ? 3.51042 0.0313611 0.0322815 0.0501045 0.181426 0.0121447 0.281587 0.00948437 0.0175355 0.0122031 0.0193611 0.0164414 0.0324273 0.0962384 0.0341872 0.0186695 0.06305 0.0157723 0.0467742 0.0178695 0.0110809
133 ? 3.48512 0.0330238 0.0146845 0.0124752 0.00903159 0.0408896 0.00712884 0.0098945 0.166226 0.13122 0.242497 0.10673 0.0218413 0.00980192 0.0523634 0.0239263 0.00782653 0.0135602 0.0597562 0.0169878 0.0201364
134 ? 3.36464 0.0595318 0.224792 0.00826044 0.0146256 0.243293 0.00346021 0.00664905 0.0207623 0.0166003 0.0131512 0.0872026 0.00911523 0.00343718 0.0143526 0.00552371 0.0920417 0.0531394 0.0485991 0.0192503 0.0562117
135 ? 3.82765 0.116819 0.0617546 0.151761 0.04208 0.00831313 0.00778306 0.133988 0.0114677 0.0736359 0.00924876 0.0195772 0.0484497 0.0702071 0.0812601 0.0248811 0.0548983 0.0360874 0.018756 0.00595566 0.0230766
136 ? 3.97728 0.0278598 0.0551415 0.0308097 0.0216318 0.132386 0.0246091 0.00896847 0.0724844 0.0612851 0.0607189 0.111483 0.0177833 0.0201472 0.0455287 0.0195022 0.0342727 0.0559347 0.135033 0.0181223 0.0462983
137 ? 3.76556 0.0808842 0.0122133 0.0458815 0.103412 0.0223721 0.0299156 0.0470353 0.0446128 0.0151895 0.0964118 0.239788 0.0719524 0.00963689 0.0279527 0.00863126 0.0338662 0.0458745 0.0338505 0.0122441 0.0182754
138 ? 3.56644 0.0157807 0.015368 0.0115437 0.0458484 0.0315725 0.0792864 0.01499 0.247685 0.0119669 0.14315 0.0501899 0.152793 0.00706894 0.0233433 0.0181489 0.0308377 0.0201419 0.043247 0.0252828 0.0117546
139 ? 3.51332 0.126626 0.0225447 0.0113368 0.00872712 0.0383171 0.0348856 0.0294227 0.0173388 0.02066 0.0308676 0.0364529 0.0168506 0.0046721 0.0469605 0.0179839 0.0723436 0.0648019 0.0381059 0.331596 0.0295061
140 ? 3.43934 0.0126027 0.00982335 0.00980438 0.0150095 0.137197 0.033114 0.0859146 0.0330461 0.0040939 0.0867578 0.025302 0.0123916 0.00289374 0.0488832 0.00760789 0.00990466 0.0132744 0.0969448 0.27859 0.076844
141 ? 3.85126 0.114999 0.0942759 0.0115359 0.0449603 0.0224093 0.0725957 0.00881373 0.0188647 0.00845643 0.0211584 0.036373 0.0491401 0.122975 0.0894015 0.0330402 0.155903 0.0267573 0.0348484 0.0105732 0.0229194
142 N 3.02481 0.0120059 0.0242025 0.0236889 0.0185451 0.00842251 0.125367 0.0469241 0.0199128 0.0388893 0.0073114 0.00785514 0.463298 0.0265884 0.0608203 0.0138014 0.0410143 0.0136421 0.0114857 0.0176238 0.0186014
143 ? 3.5901 0.0216565 0.0226595 0.00697778 0.0209922 0.0429381 0.00396051 0.120377 0.0168392 0.00644903 0.227981 0.0335961 0.0295738 0.00475975 0.0261561 0.00972678 0.0525459 0.119153 0.0584739 0.0369107 0.138272
144 ? 3.64351 0.0553706 0.0495617 0.0351674 0.0122952 0.0131311 0.181706 0.0168534 0.0199993 0.110068 0.060463 0.03735 0.0853456 0.00439191 0.0442487 0.00472502 0.0278473 0.197207 0.00752463 0.0087713 0.0279725
145 ? 3.28369 0.0522943 0.0363397 0.384127 0.148369 0.0592927 0.025203 0.0288346 0.0167511 0.0088462 0.0082763 0.025079 0.040216 0.0053199 0.0158938 0.00651921 0.0297852 0.0133061 0.0356201 0.0358197 0.0241068
146 ? 3.82226 0.175798 0.0179878 0.0334554 0.0357675 0.052251 0.0582044 0.0265351 0.0115001 0.0138159 0.00686171 0.0231158 0.0479414 0.0208313 0.129393 0.0116124 0.0506428 0.139655 0.0458715 0.0219067 0.0768538
147 ? 3.726 0.0486995 0.0184379 0.0112847 0.0221314 0.0170006 0.187119 0.039961 0.0740806 0.0378547 0.0153783 0.0142994 0.0599876 0.019343 0.0787846 0.020402 0.025572 0.204398 0.068278 0.0168585 0.0201295
148 ? 3.50811 0.0249897 0.0294908 0.0259583 0.0140538 0.0270057 0.0079029 0.0370274 0.0861391 0.0503682 0.00564564 0.0279106 0.0381411 0.00643756 0.0153786 0.0517226 0.0471734 0.0709326 0.076677 0.014701 0.342344
149 ? 3.00335 0.0233709 0.0247612 0.00813007 0.0246874 0.00689846 0.00502313 0.0241366 0.0183577 0.0309204 0.011357 0.0180947 0.0170708 0.00823102 0.271051 0.0268899 0.34724 0.0962564 0.010409 0.0127527 0.0143611
150 ? 3.57824 0.0910532 0.0117088 0.0104664 0.0124057 0.0664819 0.0187964 0.0248912 0.0202387 0.0230918 0.0341014 0.026367 0.0125893 0.00678118 0.0962225 0.294651 0.0824271 0.0253605 0.0142024 0.0748034 0.0533596
151 ? 3.25456 0.113685 0.0180887 0.00744346 0.00996055 0.0116867 0.014358 0.0257251 0.0191162 0.0315035 0.0919977 0.0477843 0.0214079 0.00758314 0.0133507 0.0158984 0.229638 0.284064 0.0188614 0.00884072 0.0090058
152 ? 3.06843 0.00953406 0.263654 0.0167757 0.00734206 0.0167341 0.0258642 0.0118222 0.0124777 0.0639106 0.0249882 0.0131682 0.0157013 0.0104785 0.0249094 0.351147 0.0394892 0.0135302 0.00856379 0.0260996 0.04381
153 ? 3.79547 0.170521 0.00921859 0.0258403 0.0409381 0.00684601 0.057988 0.00538031 0.0419817 0.0335954 0.0423679 0.026049 0.0597529 0.055687 0.0606262 0.0399239 0.167753 0.0985583 0.0444973 0.0070962 0.00537878
154 ? 3.61378 0.0992736 0.0315903 0.0202112 0.0210466 0.0170894 0.00592159 0.0452517 0.0733588 0.0189597 0.306002 0.0135017 0.0108883 0.0171514 0.0377345 0.0376603 0.0397367 0.0957587 0.0341291 0.0429037 0.0318311
155 ? 3.68619 0.050127 0.012769 0.0205846 0.0431483 0.0190115 0.0203471 0.0484315 0.112625 0.0132756 0.0646082 0.0263647 0.0281723 0.00332907 0.0484804 0.0334285 0.0289125 0.0470938 0.280089 0.0164238 0.0827785
156 ? 3.45588 0.0547969 0.0269558 0.0969635 0.0572501 0.0149037 0.0639997 0.0162152 0.00723461 0.0521806 0.0111117 0.0461828 0.0342713 0.00848968 0.0519507 0.350418 0.048892 0.0226775 0.00523115 0.0220873 0.0081872
157 ? 3.76637 0.0906987 0.0878587 0.0131032 0.0631378 0.0061386 0.0358962 0.0209703 0.0457084 0.0350244 0.0190519 0.0911267 0.0157746 0.00687424 0.0335116 0.0177936 0.0470399 0.194779 0.138367 0.00898948 0.0281564
158 ? 3.81005 0.0291882 0.0195457 0.0331089 0.0148987 0.0161377 0.163109 0.0412143 0.0238695 0.054964 0.0926526 0.028204 0.0215584 0.0530899 0.0248779 0.0154505 0.185597 0.0951805 0.0190894 0.0119991 0.0562654
159 ? 3.63699 0.0528983 0.008036 0.0400045 0.0831927 0.0063348 0.0948027 0.049006 0.0940758 0.0391424 0.0739481 0.250953 0.0109064 0.00361032 0.0647686 0.0075415 0.0582911 0.0261781 0.0222322 0.00723805 0.00683921
160 ? 3.00172 0.0572898 0.0140726 0.316637 0.0255366 0.324196 0.0180804 0.0323927 0.00835093 0.0112483 0.00769193 0.0256858 0.0176272 0.0129837 0.0138796 0.00909367 0.0132732 0.0132491 0.0171302 0.0289672 0.0326145
161 ? 3.55074 0.0603732 0.0121964 0.0124232 0.0237947 0.160131 0.0182297 0.0195944 0.0162284 0.0139817 0.0139522 0.0123002 0.0164805 0.177167 0.016899 0.0107924 0.0425055 0.0868757 0.0541804 0.023175 0.20872
162 R 3.02055 0.0148603 0.03888 0.012501 0.0177989 0.00760203 0.0207141 0.0616826 0.00778752 0.105111 0.0201883 0.0292584 0.00964528 0.0107289 0.0247359 0.471706 0.0604011 0.0363339 0.0114725 0.0224218 0.0161707
163 ? 3.33181 0.00728913 0.057405 0.00953753 0.00873614 0.103293 0.00905709 0.0325176 0.0291891 0.0121693 0.0590712 0.115991 0.350498 0.00566611 0.0305297 0.00326257 0.0219776 0.0652754 0.04247 0.0127602 0.0233047
164 ? 3.70241 0.015323 0.140621 0.00558247 0.00675507 0.0379773 0.0512312 0.00697155 0.113269 0.0251511 0.202026 0.0679747 0.0820526 0.015812 0.0626889 0.0084233 0.0338427 0.0323896 0.0614891 0.0201709 0.0102492
165 ? 3.58399 0.0435355 0.0243474 0.0110148 0.0121147 0.0849535 0.0294227 0.0154269 0.0192747 0.0114164 0.104923 0.0156937 0.0973239 0.0583854 0.00699969 0.00912158 0.240169 0.0113426 0.135818 0.0102736 0.0584432
166 ? 3.42252 0.0323834 0.0203424 0.0103547 0.0201715 0.0137372 0.0304146 0.0121012 0.0539628 0.010074 0.136916 0.0400552 0.0149248 0.0164175 0.0402181 0.035426 0.126721 0.0290525 0.0198028 0.326695 0.0102294
167 ? 3.11949 0.0170922 0.0182452 0.00941592 0.0146669 0.0214844 0.00887451 0.00799854 0.133146 0.014743 0.16742 0.307277 0.0199215 0.0137216 0.00963125 0.00874504 0.0133013 0.027394 0.170879 0.00862078 0.00742183
168 ? 3.57576 0.0459274 0.0251971 0.0129358 0.0156807 0.010612 0.0528197 0.0338857 0.0201101 0.0175313 0.0646693 0.0292343 0.0181601 0.00899129 0.140196 0.0152342 0.240338 0.162552 0.0145972 0.0120787 0.0592502
169 ? 3.7277 0.0550907 0.0737924 0.0138301 0.0546529 0.0124918 0.272083 0.0662275 0.0209295 0.0473481 0.02217 0.0208885 0.0338667 0.00708157 0.0554495 0.0598115 0.068226 0.0508629 0.0506429 0.0105188 0.00403546
170 ? 3.76754 0.0439707 0.0253154 0.049305 0.041312 0.0316908 0.0293174 0.0321232 0.0321456 0.0745449 0.030248 0.0493379 0.0205672 0.0086796 0.0278173 0.0686469 0.291389 0.0446252 0.0196643 0.0149626 0.0643375
171 ? 3.74331 0.0526119 0.0704921 0.0351138 0.0227996 0.0291746 0.0493527 0.0090936 0.0213954 0.0109304 0.0510192 0.0276224 0.139535 0.00476173 0.0710693 0.0059585 0.149338 0.166401 0.0155534 0.00759094 0.0601873
172 ? 3.56958 0.0480927 0.00975744 0.0777443 0.162427 0.0135474 0.0188985 0.0303273 0.0649123 0.012101 0.276019 0.02089 0.0284959 0.0517397 0.0319137 0.00536087 0.0330106 0.0517055 0.0448836 0.0100585 0.00811421
173 ? 3.90726 0.0664626 0.00368952 0.0585925 0.077388 0.0404286 0.0192985 0.0231937 0.0224376 0.00339769 0.016431 0.0144784 0.04091 0.182067 0.0804289 0.030588 0.084732 0.0663638 0.0814208 0.0510852 0.0366062
174 ? 3.11961 0.00709893 0.0156308 0.0157277 0.023933 0.0421988 0.0134376 0.0122938 0.0227621 0.0337278 0.0110516 0.0369102 0.0153121 0.00888354 0.00777088 0.327391 0.0224562 0.0173902 0.00561703 0.118365 0.242042
175 ? 3.78519 0.0371778 0.00779781 0.0383854 0.041702 0.0253757 0.0503775 0.028782 0.023138 0.114828 0.0220383 0.143143 0.0231859 0.0246078 0.0110923 0.219191 0.0723884 0.0251405 0.0241265 0.0376931 0.0298294
176 ? 3.95103 0.0447553 0.120637 0.0152839 0.0313034 0.0424603 0.0330054 0.0635049 0.0345345 0.0421854 0.0514076 0.0383656 0.0103983 0.0325844 0.0306364 0.0115549 0.168076 0.117506 0.0545837 0.0139239 0.0432926
177 ? 3.40314 0.132111 0.0156971 0.00921637 0.0253903 0.0305337 0.289315 0.014242 0.0655406 0.0073374 0.0706548 0.0105992 0.0104504 0.00217527 0.0182798 0.017749 0.0377099 0.0440835 0.158716 0.0133292 0.0268697
178 ? 3.81514 0.221634 0.00845021 0.0308708 0.0268769 0.0240195 0.0644627 0.0301726 0.0255213 0.0467487 0.0915679 0.00914506 0.0244309 0.0119315 0.0190115 0.0254626 0.106385 0.093336 0.0659935 0.0335347 0.0404438
179 ? 3.59568 0.29154 0.0446647 0.0124318 0.0171315 0.0525786 0.0504975 0.022344 0.0164271 0.0125652 0.0179097 0.0255941 0.062547 0.0188048 0.0499324 0.0099159 0.135264 0.0659638 0.0657656 0.0183481 0.00977409
180 ? 3.58075 0.0411177 0.0209025 0.0290759 0.0521993 0.0431211 0.347738 0.0121198 0.0278906 0.0211123 0.0163744 0.0378583 0.0521604 0.00646047 0.0427835 0.0181227 0.075609 0.0444487 0.0484206 0.0456931 0.0167919
181 ? 3.67698 0.128641 0.0173474 0.0301344 0.00851179 0.0829222 0.0161861 0.0292026 0.00763937 0.0130894 0.0240413 0.0344068 0.0564189 0.0226746 0.0463462 0.0165729 0.0801625 0.0194625 0.0093256 0.153347 0.203568
182 ? 3.97141 0.138948 0.140387 0.0183997 0.0214679 0.0636637 0.0557764 0.0352338 0.0419041 0.0152588 0.0373597 0.0398583 0.0390351 0.00922151 0.0229205 0.0188766 0.0363466 0.0998984 0.0631246 0.0787967 0.0235235
183 ? 3.45012 0.0712203 0.0589589 0.0206479 0.0137727 0.027347 0.0138877 0.0437454 0.0683802 0.0238867 0.0615964 0.0107349 0.318444 0.00850089 0.0080972 0.00646729 0.0307721 0.0429848 0.145094 0.0154609 0.0100004
184 ? 3.67739 0.0154167 0.00440906 0.0504219 0.0309533 0.0116674 0.0216826 0.0164336 0.0203041 0.286761 0.0451304 0.0473907 0.0365043 0.00451688 0.074025 0.0666605 0.0883684 0.0486154 0.0685392 0.0253048 0.036895
185 ? 3.52364 0.0407337 0.01186 0.00750105 0.0358356 0.0638783 0.33487 0.0166019 0.0317131 0.0849688 0.0549577 0.0289489 0.0403205 0.00684077 0.0757912 0.0470972 0.018501 0.0171245 0.0618622 0.00819086 0.0124024
186 ? 3.85688 0.0412114 0.00962041 0.0646342 0.0562821 0.0171194 0.0841706 0.0181291 0.0541093 0.0516911 0.0815815 0.0743255 0.0250213 0.0101417 0.0163406 0.0615118 0.0452164 0.0566249 0.21287 0.011644 0.00775522
187 ? 3.66828 0.0597012 0.0224254 0.0147353 0.0351815 0.0082662 0.28847 0.0114544 0.0534706 0.0712205 0.0350567 0.0330789 0.0787449 0.00578863 0.0451371 0.0807073 0.0479677 0.0541418 0.0342346 0.0105904 0.00962765
188 ? 3.86298 0.0449954 0.0288445 0.0855397 0.0775652 0.047425 0.020853 0.0286211 0.0221327 0.0322323 0.0321812 0.0358178 0.0149249 0.107404 0.0371601 0.0169661 0.0500721 0.23238 0.046623 0.025252 0.0130098
189 ? 3.24085 0.0341448 0.0312585 0.0108106 0.00655806 0.0196933 0.016805 0.0473663 0.130192 0.0191329 0.0788481 0.207882 0.0117748 0.00483888 0.00901831 0.0100204 0.0169921 0.0333288 0.296298 0.00999721 0.00504038
