Log likelihood: -5853.73
Branch lengths optimized: 45
Model parameters optimized: 5
R_AG: 8.99399
R_AT: 1.12513
R_CA: 1.25918
R_CG: 0.00440602
beta: 2.31823
